,Param,Sol,Obj Val,Mean Violation,Max Violation,Num Violations,Elapsed Time
0,"[-0.35023177, -0.16805714, -0.13182022, 0.27496132, 0.1876921, -0.6021746, -0.7095662, -0.68999726, 0.31872788, -0.37154293, -0.36727074, 0.24471357, -0.60478294, -0.7368502, 0.8191815, -0.66370666, 0.42377886, 0.43141273, -0.5912331, -0.9525202, 0.15050627, -0.31837857, 0.35701835, -0.71656185, 0.3796859, 0.33753332, 0.96372133, -0.39976075, -0.9121401, -0.41011274, 0.38389644, 0.78226036, 0.9760621, 0.65902215, 0.16365936, 0.6260284, 0.8721642, -0.729185, -0.9004652, -0.09713243, -0.7193417, 0.31053823, 0.19866845, -0.73872256, -0.4714338, 0.73447704, 0.45011815, -0.11119084, -0.02454505, -0.49448863, -0.42126352, -0.858067, 0.30256832, -0.29163757, 0.66236836, 0.7006549, -0.328629, -0.86716956, -0.27410996, -0.5866202, 0.35846096, 0.0032585831, 0.4162261, -0.5232112, 0.06299888, 0.34833768, -0.63383204, 0.68967766, 0.7472884, 0.35242587, 0.14156017, 0.6259953, 0.67892927, -0.16539764, -0.2284804, -0.44489402, 0.20974877, -0.08577813, -0.1893846, -0.97500336, -0.5885531, 0.92541116, -0.3818713, 0.72996604, -0.33007947, -0.3421659, -0.5840151, -0.6523507, 0.80907506, 0.7711187, 0.6047232, -0.7381284, 0.28217834, 0.5580469, 0.3610722, -0.7310654, 0.46501014, 0.89300454, -0.82118696, 0.7446308, -0.6022856, 0.7928672, -0.33354762, -0.87182313, -0.17643367, -0.023211807, 0.46592215, -0.6851031, -0.8440301, -0.52346414, 0.4375387, -0.20149054, 0.15062132, 0.8586399, -0.65553874, 0.5389143, -0.4734914, -0.76180696, -0.52106094, 0.8022774, -0.31490418, -0.6451484, -0.4185842, 0.9547033, 0.07324427, 0.15036048, 0.62652946, 0.5149225, -0.9218659, -0.73193574, -0.46193075, 0.8163504, -0.38074112, -0.4352996, 0.55680454, 0.35270464, 0.66910815, 0.94026476, -0.15365182, 0.5109487, -0.1301124, -0.86218786, 0.08603233, 0.12073313, -0.5727843, 0.4381393, 0.77723217, -0.69709, 0.71657574, -0.1573657, -0.34868008, 0.42083544, 0.3211662, 0.5805589, 0.900316, -0.3852826, 0.6954505, -0.9382097, 0.8455582, -0.84128743, 0.37465876, -0.5483147, -0.26601243, 0.7407455, -0.8989797, 0.30638498, -0.3771333, 0.11983147, 0.39772707, -0.5921811, -0.011402979, 0.18168654, 0.9436394, -0.2880347, -0.4089275, 0.8272841, -0.76391906, 0.092781775, 0.9483746, 0.31942523, 0.8242638, 0.65767694, -0.99571043, 0.9743775, 0.39155647, 0.092938215, 0.4426895, 0.98145133, 0.21471906, 0.75482863, 0.6764224, 0.41419965, -0.7697592, 0.7026641, 0.7792507, 0.2683668, -0.755583, 0.6142051, 0.58200264, 0.23392496, -0.12533039, -0.8571196, -0.220128, -0.22284898, 0.14659087, -0.6385332, -0.64761686, -0.9076592, -0.36757934, -0.49177888, -0.4370876, -0.7470124, -0.21631373, -0.98951656, -0.30379185, -0.6843864, -0.51242435, 0.6791763, -0.03789271, -0.48207167, -0.6107718, 0.6591502, -0.0948701, -0.09586999, 0.3400155, -0.5670877, -0.30357346, 0.90039897, 0.65347755, -0.29994765, -0.18466267, 0.6799528, 0.12784193, -0.70885193, -0.06531976, 0.87620896, 0.85516727, -0.9588199, -0.18853565, 0.36325827, 0.4836795, -0.4029538, 0.81785107, 0.044849373, -0.017783552, -0.48556337, 0.62892354, 0.49003872, -0.57038164, 0.18061833, -0.9368635, 0.31889713, -0.50465703, -0.87638474, -0.57359123, -0.89690036, -0.5768767, 0.7245448, 0.9640174, -0.23797302, -0.05780538, 0.47766593, 0.35111478, 0.10165239, -0.124329425, -0.13078563, -0.2882442, 0.44891256, -0.9275336, 0.2888328, -0.9245261, -0.19230855, -0.6830242, -0.37014952, 0.4068906, 0.15277988, 0.9756866, -0.39063093, 0.15683982, 0.7149531, 0.6994436, 0.69401854, 0.87195146, -0.55530417, -0.16856275, -0.7281375, -0.35158932, 0.6504081, -0.8421906, 0.55804336, 0.721385, 0.76658416, 0.26080593, 0.11590049, -0.41523984, 0.29688892, -0.4793453, 0.31185883, -0.5651857, -0.4833732, 0.16926374, 0.6063313, 0.21816413, 0.5635442, -0.21742901, 0.06063519, 0.93212783, 0.095187604, -0.014223947, 0.6587075, 0.82982725, -0.5064656, 0.10122772, -0.5188197, -0.5480077, 0.3809651, 0.91445, 0.4235303, -0.8015754, -0.7236407, 0.7225437, -0.46212342, 0.44437388, 0.40378153, 0.11710382, 0.6311397, -0.1535911, -0.7464268, -0.27205366, -0.8446469, -0.38565037, -0.64043415, 0.139196, -0.8767052, 0.021026576, -0.9315805, 0.4208533, -0.18814263, 0.101138175, -0.28089938, 0.59633774, -0.9554625, -0.45446357, -0.39838874, 0.7958169, 0.50165856, 0.7327523, -0.13274282, 0.5908345, 0.4872385, 0.87238353, -0.37546927, 0.453567, -0.10376416, 0.8219601, -0.12389585, -0.90618175, -0.6465051, 0.2963139, 0.8223964, -0.7702309, -0.567324, -0.136336, 0.31218266, -0.5090947, -0.152264, 0.5277501, -0.9934572, 0.17192478, -0.40633294, 0.24219021, -0.6779878, 0.88109726, -0.24067968, 0.0007720291, 0.40400508, 0.2839868, -0.35269484, 0.9555751, 0.058597587, -0.61111045, -0.059646294, 0.61157364, -0.94078666, 0.7968264, -0.045355313, 0.6042771, 0.45035845, -0.07956912, 0.19122879, 0.2846808, -0.45222372, -0.95724803, 0.6743742, 0.5429192, 0.16175145, -0.30153722, -0.7778183, 0.386813, -0.16656579, -0.24361964, -0.5421445, 0.6065242, -0.08929205, 0.15937865, 0.65843165, -0.5854534, -0.9415044, -0.5032548, 0.9817127, 0.1800284, -0.60602605, 0.47856435, -0.6603925, 0.19373403, -0.7732575, -0.7817149, -0.91306025, 0.051376674, 0.5282481, -0.7063576, 0.91212744, 0.850229, -0.2464801, 0.2670379, -0.9263426, 0.25878534, -0.59034765, 0.74050486, -0.73318774, -0.04630816, -0.17246936, 0.20337708, 0.15439816, -0.66528744, 0.9547265, -0.5562353, 0.042840373, -0.5593423, 0.25984976, 0.17827669, -0.60078174, 0.13290259, 0.77650964, -0.42255238, -0.5405574, -0.5324409, -0.9056956, 0.25197622, -0.2177589, -0.15006723, -0.97106135, 0.42763734, 0.10407929, 0.31901267, -0.14467674, -0.7731284, 0.8858272, 0.84564155, 0.79597294, 0.3120207, 0.10427663, 0.51758164, -0.38336417, 0.6207536, -0.041769557, 0.73645145, -0.9778954, 0.3296034, -0.8727238, 0.18107447, 0.44489405, -0.9046115, 0.944734, 0.8828492, -0.72385603, 0.73992836, 0.6624903, 0.9339245, -0.3046331, -0.77568954, 0.63617635, -0.9692275, 0.4530783, -0.20367663, 0.19967498, 0.9832431, 0.20710893, 0.23062079, 0.2921349, -0.46008182, -0.27500993, 0.88568074, -0.7828264, -0.02291319, -0.55000854, -0.17062867, 0.41898072, -0.3062142, 0.5193513]","[7.0, 0.0, -18.0, -7.0, -2.0, -9.0, 6.0, -12.0, -20.0, -11.0, -2.0, 22.0, 5.0, 0.0, -12.0, -1.0, -4.0, 1.0, -10.0, 0.0, -26.0, 5.0, 0.0, 1.0, -7.0, -14.0, -6.0, -24.0, -5.0, -20.0, -14.0, 7.0, 0.0, 14.0, -2.0, -11.0, -8.0, -12.0, 3.0, 1.0, 3.0, 14.0, -8.0, -6.0, -16.0, 11.0, -6.0, -9.0, 1.0, -5.0, -5.0, -3.0, 6.0, 3.0, -17.0, -11.0, -9.0, 13.0, 5.0, 4.0, -11.0, 2.0, -18.0, 5.0, -5.0, -1.0, -3.0, -8.0, 1.0, -2.0, -21.0, 17.0, -10.0, -19.0, -22.0, -6.0, -4.0, -12.0, -2.0, -10.0, 16.0, -10.0, 7.0, -23.0, -10.0, -11.0, 2.0, 8.0, -8.0, -6.0, -1.0, -18.0, -4.0, -4.0, 4.0, -8.0, -15.0, -5.0, -7.0, -5.0, -13.0, 1.0, -6.0, -3.0, 7.0, -19.0, 13.0, -14.0, -10.0, -13.0, -11.0, 5.0, 2.0, 2.0, 4.0, -14.0, -7.0, 4.0, -7.0, -11.0, -14.0, 4.0, 4.0, -13.0, -22.0, -16.0, -13.0, -3.0, -6.0, -1.0, -1.0, 6.0, 1.0, -5.0, -2.0, 0.0, -13.0, -14.0, -9.0, -9.0, 14.0, -10.0, -3.0, -10.0, 2.0, -10.0, -7.0, -7.0, -10.0, 9.0, -10.0, -17.0, -15.0, 0.0, 9.0, -4.0, -18.0, -6.0, 4.0, -3.0, -7.0, -6.0, -8.0, 8.0, -8.0, 0.0, 13.0, -16.0, -9.0, 0.0, -6.0, -4.0, -5.0, -24.0, -30.0, -10.0, -32.0, -5.0, 10.0, -25.0, -21.0, -5.0, -16.0, -9.0, -10.0, -15.0, 6.0, -4.0, -21.0, 12.0, -9.0, -1.0, 4.0, -4.0, -10.0, -1.0, -1.0, -11.0, -10.0, -6.0, -17.0, -3.0, -5.0, 6.0, -7.0, 2.0, -6.0, -3.0, -7.0, 9.0, -15.0, 0.0, -5.0, 2.0, -11.0, -11.0, -3.0, -9.0, -7.0, -1.0, -9.0, 5.0, -1.0, 0.0, -7.0, -5.0, -28.0, 4.0, -13.0, -3.0, 20.0, -7.0, -20.0, 1.0, -11.0, 1.0, -3.0, -7.0, -16.0, -11.0, 6.0, 8.0, -2.0, 11.0, 9.0, 2.0, 2.0, -18.0, -17.0, -10.0, -10.0, -6.0, 11.0, -8.0, -7.0, 2.0, 6.0, -9.0, -7.0, -3.0, -6.0, -14.0, -21.0, -1.0, -5.0, -14.0, -10.0, -27.0, -13.0, 1.0, 5.0, 0.0, -6.0, 9.0, -5.0, -4.0, -16.0, 1.0, -8.0, 6.0, -2.0, -6.0, -10.0, -1.0, 8.0, -6.0, 7.0, -5.0, 7.0, -1.0, 4.0, 10.0, 3.0, -15.0, 3.0, 4.0, 7.0, -6.0, 4.0, 2.0, -10.0, 0.0, -14.0, 9.0, 1.0, -6.0, -14.0, -6.0, -4.0, -11.0, 11.0, -8.0, 0.0, 5.0, -9.0, 0.0, -9.0, -1.0, 10.0, -10.0, -19.0, -21.0, -7.0, 7.0, 1.0, -10.0, -7.0, -3.0, 1.0, 0.0, 2.0, 8.0, -19.0, -9.0, -7.0, -15.0, -12.0, -5.0, -4.0, -33.0, 5.0, 5.0, -5.0, -16.0, -16.0, -4.0, -10.0, 4.0, -19.0, 5.0, -15.0, -4.0, 1.0, -6.0, -19.0, -23.0, 5.0, 8.0, -20.0, -13.0, 4.0, 6.0, -11.0, -5.0, -3.0, -7.0, -12.0, -3.0, 2.0, -17.0, -17.0, -10.0, -2.0, -17.0, -5.0, -16.0, 24.0, 14.0, -6.0, -18.0, -3.0, -2.0, 0.0, -1.0, 0.0, -16.0, -10.0, 1.0, -10.0, -25.0, -6.0, 2.0, -6.0, -13.0, 2.0, 29.0, 2.0, -4.0, -6.0, -5.0, -6.0, 7.0, -7.0, -6.0, 0.0, -4.0, -23.0, -33.0, 9.0, -10.0, -6.0, 2.0, -4.0, 5.0, -2.0, -6.0, -13.0, -11.0, -20.0, -1.0, 7.0, -14.0, -3.0, 20.0, 4.0, -19.0, 3.0, -20.0, -7.0, -10.0, -9.0, 8.0, 10.0, 4.0, -6.0, -6.0, 9.0, -7.0, 10.0, 7.0, -6.0, -5.0, -8.0, 4.0, -2.0, -35.0, 11.0, -15.0, -5.0, -4.0, -5.0, -2.0, -2.0, -21.0, -9.0, -5.0, -2.0, -11.0, -5.0, 2.0, 4.0, -16.0, -7.0, -16.0, -4.0, -12.0, 18.0, 2.0, -13.0, -10.0, -14.0, -1.0, -23.0, -15.0, -4.0, -5.0, -18.0, -4.0, 6.0, -12.0, -9.0, -4.0, -6.0, -20.0, 13.0, 3.0, -13.0, -6.0, 0.0, 3.0, 14.0, -6.0, -10.0, 2.0, -4.0, -7.0, -18.0, 9.0, -6.0, -27.0]",-54.9285266055146,0.0,0.0,0,0.01796746253967285
1,"[0.4573143, 0.03147329, 0.8982158, -0.985039, 0.9624522, -0.9103426, 0.5242075, 0.22130643, -0.27615976, 0.84775317, -0.62400043, 0.74074906, -0.79571724, 0.81504387, 0.11240688, -0.5067489, -0.90500426, 0.6076858, -0.51993084, -0.01373796, -0.8063437, -0.50460434, 0.673717, 0.4898806, -0.34935185, -0.96042955, -0.025877032, -0.069978505, -0.6772019, 0.48342875, 0.9076719, 0.39925542, 0.44223997, -0.905477, 0.054471046, -0.91797143, -0.79569906, -0.17432474, 0.40814057, -0.3362289, 0.48321706, -0.20395578, 0.0970575, -0.11889575, 0.07256542, 0.9973865, 0.21550405, 0.15622555, -0.83179665, -0.7938729, -0.27713174, -0.3585108, -0.42395413, -0.44615945, 0.32016554, 0.26257437, 0.4730996, -0.71753174, -0.013846091, -0.21219863, 0.7431835, -0.77439725, -0.0688086, 0.40384775, -0.9516828, 0.45963123, 0.92198676, -0.02570571, -0.401701, 0.6776407, 0.41603556, -0.03724698, -0.95341176, -0.29826647, 0.93329006, 0.1095072, 0.5335954, 0.8894439, 0.2903947, 0.06541323, -0.047248732, -0.28961885, -0.73331624, 0.37418345, -0.75998956, -0.581777, -0.08880443, -0.987332, -0.39024115, -0.22863086, -0.29259852, -0.92759734, 0.9292453, 0.051027972, 0.47869423, 0.86155677, 0.84570867, 0.27328083, -0.09673974, 0.44893375, 0.06639962, -0.7213395, 0.99891776, 0.636349, -0.5066965, 0.5169367, 0.4542085, 0.10410926, 0.70297205, -0.78669006, -0.16361304, 0.6951146, 0.1895688, -0.6833193, 0.9724935, -0.039104506, 0.9591476, -0.022760801, -0.660558, 0.23824863, -0.27115571, 0.14983407, 0.27352786, -0.5969975, 0.58421093, 0.7791734, 0.903218, -0.48705533, -0.08389187, 0.47691885, -0.5583143, 0.44162273, -0.12838966, -0.814867, -0.27547017, -0.8590644, -0.8271402, 0.47440356, 0.4721477, 0.19742352, -0.27421096, 0.8281564, -0.07110232, 0.4541161, 0.20044887, 0.9808517, 0.47029042, 0.87007636, -0.1136533, -0.4528059, 0.91518325, -0.11919561, -0.18057224, 0.5535187, 0.28067195, 0.92215306, -0.22999951, 0.561905, 0.8159113, 0.28448138, -0.14290921, 0.078773595, -0.36291942, 0.32430646, 0.28891763, 0.38465536, -0.470539, 0.3185547, 0.52981114, -0.65261036, 0.26316288, -0.18995525, -0.18878779, -0.9187073, 0.721107, 0.5383852, 0.100250326, -0.5987447, -0.11415052, -0.33660957, 0.67753315, -0.8633669, -0.16845931, 0.53758436, 0.4914866, -0.16514188, 0.14271657, 0.06730631, -0.95411706, -0.077566415, 0.7927241, -0.0017194871, -0.17817257, 0.7177344, 0.503582, 0.85983366, 0.96023786, 0.007873124, 0.2868052, -0.17493315, 0.550329, -0.32290503, 0.14601587, -0.14527757, 0.03623543, 0.83689874, 0.25047877, -0.5932021, -0.12102354, 0.56207514, 0.87642914, 0.500797, -0.54000497, 0.18851885, 0.041998643, -0.88610244, 0.14713597, -0.5659879, -0.23163804, 0.6436479, -0.85109407, -0.43094578, -0.47565988, -0.58806413, -0.775248, 0.36568853, -0.5171172, 0.27105743, 0.34618986, -0.4798194, -0.3888662, -0.25993165, 0.82913715, 0.051830538, 0.62892973, 0.23120418, 0.6766784, -0.5751993, 0.79906285, 0.72361076, -0.15039392, 0.92224187, -0.5763269, -0.91204536, 0.7188804, -0.58961093, -0.68825305, -0.74607056, -0.5379318, -0.18283823, -0.42795572, -0.22905827, 0.52933735, 0.16869433, 0.604636, -0.116793424, 0.69264364, 0.72573596, 0.22177854, -0.07227006, 0.5478775, -0.055561814, -0.9975443, 0.3687914, -0.9410072, 0.9627776, 0.4845854, -0.03732068, 0.36527094, 0.41935763, 0.9665688, 0.5364352, -0.09988484, -0.9217156, -0.2771331, 0.8125719, 0.2984365, -0.51710284, 0.28039736, -0.4844787, 0.8272457, 0.2643059, -0.009055738, 0.7070491, -0.5770982, -0.30321544, 0.3782138, 0.29605263, -0.37119618, 0.11642443, -0.939817, 0.7668852, -0.44792318, -0.3323108, 0.3001769, 0.324725, -0.9657694, -0.2975261, -0.13515614, -0.24858697, 0.6875468, -0.4174098, 0.12181164, 0.61942595, -0.18244198, 0.9382593, -0.112783216, 0.91795146, -0.11487013, -0.94744754, 0.60629064, -0.07629669, -0.91632843, 0.22087125, -0.6700369, -0.16313267, -0.105462946, -0.14774287, 0.7112142, -0.28343025, 0.21002609, -0.42813513, -0.18502943, -0.22701545, 0.77845585, -0.19908768, 0.7354914, 0.86892205, 0.46890312, 0.6141475, 0.33338597, 0.9850767, 0.8962213, -0.443958, 0.47771913, -0.35885775, -0.28197965, 0.60229504, 0.061726864, -0.4970667, -0.014770492, 0.6399244, 0.69277936, 0.19148223, -0.6100873, -0.7807467, 0.91578364, -0.9496599, 0.5113685, 0.9499769, 0.65158284, -0.1312452, -0.89798194, -0.9463807, 0.9275521, -0.58506423, -0.3702239, 0.41208425, -0.18880619, -0.0334614, -0.36852098, -0.15891497, 0.14674017, -0.21346489, -0.43520182, -0.38828602, -0.5307078, -0.9365944, -0.6357852, 0.6751214, -0.191104, -0.87994736, 0.3403251, 0.35802954, -0.25092164, -0.79028964, -0.49899235, -0.706737, 0.99630105, -0.052114986, 0.9772447, -0.37919143, -0.13134801, 0.03255116, 0.044717643, -0.53657454, 0.45712295, 0.58186275, -0.6028134, 0.6634571, 0.9153099, 0.48270842, -0.71227866, 0.5922662, -0.541253, -0.8169002, -0.060221013, 0.5251628, -0.50106174, -0.4068906, -0.7698253, 0.252782, 0.73320806, 0.99387324, -0.078607135, 0.79550284, -0.82899356, -0.45438084, -0.827604, -0.21421051, 0.13238342, 0.92204934, -0.6969566, -0.7502742, 0.89110875, 0.4830652, 0.92703617, -0.36694872, -0.32590097, -0.1782144, 0.19145961, 0.011411542, 0.33277535, -0.5486311, 0.090511724, 0.2556293, 0.9280259, -0.036881823, 0.81096816, -0.5700971, -0.7240984, -0.5900103, 0.66949517, 0.38859576, -0.41019282, 0.5157914, -0.15606852, 0.4508604, -0.7685313, 0.22537604, 0.6799533, -0.7063903, -0.5762915, 0.16796933, -0.19256908, -0.6127337, 0.7656199, -0.52991766, 0.2519098, 0.978748, 0.6799912, 0.26365426, 0.04955734, 0.42948127, -0.13758603, 0.1984111, -0.38780004, 0.5817139, 0.46428397, 0.6927689, -0.36703125, 0.57372904, -0.8999801, -0.32096553, 0.055096917, -0.826043, -0.70727265, -0.20065519, -0.21629174, -0.148987, 0.46148053, 0.45912135, -0.39867333, -0.9678622, 0.69867, -0.9544451, -0.022265267, 0.01934238, 0.33000103, -0.24517854, -0.4956536, -0.12291306, 0.62316173, -0.2016874, 0.5961634, 0.9672404, -0.6744719, -0.40921164, -0.65486085, -0.40012184, -0.64556473, -0.18332419, -0.8013845, -0.6754523, -0.9660417, 0.5968092, -0.6226422, 0.39133343, 0.86346793, -0.3088395]","[7.0, 0.0, -18.0, -7.0, -2.0, -9.0, 6.0, -12.0, -20.0, -11.0, -2.0, 22.0, 5.0, 0.0, -12.0, -1.0, -4.0, 1.0, -10.0, 0.0, -26.0, 5.0, 0.0, 1.0, -7.0, -14.0, -6.0, -24.0, -5.0, -20.0, -14.0, 7.0, 0.0, 14.0, -2.0, -11.0, -8.0, -12.0, 3.0, 1.0, 3.0, 14.0, -8.0, -6.0, -16.0, 11.0, -6.0, -9.0, 1.0, -5.0, -5.0, -3.0, 6.0, 3.0, -17.0, -11.0, -9.0, 13.0, 5.0, 4.0, -11.0, 2.0, -18.0, 5.0, -5.0, -1.0, -3.0, -8.0, 1.0, -2.0, -21.0, 17.0, -10.0, -19.0, -22.0, -6.0, -4.0, -12.0, -2.0, -10.0, 16.0, -10.0, 7.0, -23.0, -10.0, -11.0, 2.0, 8.0, -8.0, -6.0, -1.0, -18.0, -4.0, -4.0, 4.0, -8.0, -15.0, -5.0, -7.0, -5.0, -13.0, 1.0, -6.0, -3.0, 7.0, -19.0, 13.0, -14.0, -10.0, -13.0, -11.0, 5.0, 2.0, 2.0, 4.0, -14.0, -7.0, 4.0, -7.0, -11.0, -14.0, 4.0, 4.0, -13.0, -22.0, -16.0, -13.0, -3.0, -6.0, -1.0, -1.0, 6.0, 1.0, -5.0, -2.0, 0.0, -13.0, -14.0, -9.0, -9.0, 14.0, -10.0, -3.0, -10.0, 2.0, -10.0, -7.0, -7.0, -10.0, 9.0, -10.0, -17.0, -15.0, 0.0, 9.0, -4.0, -18.0, -6.0, 4.0, -3.0, -7.0, -6.0, -8.0, 8.0, -8.0, 0.0, 13.0, -16.0, -9.0, 0.0, -6.0, -4.0, -5.0, -24.0, -30.0, -10.0, -32.0, -5.0, 10.0, -25.0, -21.0, -5.0, -16.0, -9.0, -10.0, -15.0, 6.0, -4.0, -21.0, 12.0, -9.0, -1.0, 4.0, -4.0, -10.0, -1.0, -1.0, -11.0, -10.0, -6.0, -17.0, -3.0, -5.0, 6.0, -7.0, 2.0, -6.0, -3.0, -7.0, 9.0, -15.0, 0.0, -5.0, 2.0, -11.0, -11.0, -3.0, -9.0, -7.0, -1.0, -9.0, 5.0, -1.0, 0.0, -7.0, -5.0, -28.0, 4.0, -13.0, -3.0, 20.0, -7.0, -20.0, 1.0, -11.0, 1.0, -3.0, -7.0, -16.0, -11.0, 6.0, 8.0, -2.0, 11.0, 9.0, 2.0, 2.0, -18.0, -17.0, -10.0, -10.0, -6.0, 11.0, -8.0, -7.0, 2.0, 6.0, -9.0, -7.0, -3.0, -6.0, -14.0, -21.0, -1.0, -5.0, -14.0, -10.0, -27.0, -13.0, 1.0, 5.0, 0.0, -6.0, 9.0, -5.0, -4.0, -16.0, 1.0, -8.0, 6.0, -2.0, -6.0, -10.0, -1.0, 8.0, -6.0, 7.0, -5.0, 7.0, -1.0, 4.0, 10.0, 3.0, -15.0, 3.0, 4.0, 7.0, -6.0, 4.0, 2.0, -10.0, 0.0, -14.0, 9.0, 1.0, -6.0, -14.0, -6.0, -4.0, -11.0, 11.0, -8.0, 0.0, 5.0, -9.0, 0.0, -9.0, -1.0, 10.0, -10.0, -19.0, -21.0, -7.0, 7.0, 1.0, -10.0, -7.0, -3.0, 1.0, 0.0, 2.0, 8.0, -19.0, -9.0, -7.0, -15.0, -12.0, -5.0, -4.0, -33.0, 5.0, 5.0, -5.0, -16.0, -16.0, -4.0, -10.0, 4.0, -19.0, 5.0, -15.0, -4.0, 1.0, -6.0, -19.0, -23.0, 5.0, 8.0, -20.0, -13.0, 4.0, 6.0, -11.0, -5.0, -3.0, -7.0, -12.0, -3.0, 2.0, -17.0, -17.0, -10.0, -2.0, -17.0, -5.0, -16.0, 24.0, 14.0, -6.0, -18.0, -3.0, -2.0, 0.0, -1.0, 0.0, -16.0, -10.0, 1.0, -10.0, -25.0, -6.0, 2.0, -6.0, -13.0, 2.0, 29.0, 2.0, -4.0, -6.0, -5.0, -6.0, 7.0, -7.0, -6.0, 0.0, -4.0, -23.0, -33.0, 9.0, -10.0, -6.0, 2.0, -4.0, 5.0, -2.0, -6.0, -13.0, -11.0, -20.0, -1.0, 7.0, -14.0, -3.0, 20.0, 4.0, -19.0, 3.0, -20.0, -7.0, -10.0, -9.0, 8.0, 10.0, 4.0, -6.0, -6.0, 9.0, -7.0, 10.0, 7.0, -6.0, -5.0, -8.0, 4.0, -2.0, -35.0, 11.0, -15.0, -5.0, -4.0, -5.0, -2.0, -2.0, -21.0, -9.0, -5.0, -2.0, -11.0, -5.0, 2.0, 4.0, -16.0, -7.0, -16.0, -4.0, -12.0, 18.0, 2.0, -13.0, -10.0, -14.0, -1.0, -23.0, -15.0, -4.0, -5.0, -18.0, -4.0, 6.0, -12.0, -9.0, -4.0, -6.0, -20.0, 13.0, 3.0, -13.0, -6.0, 0.0, 3.0, 14.0, -6.0, -10.0, 2.0, -4.0, -7.0, -18.0, 9.0, -6.0, -27.0]",-54.9285266055146,0.0,0.0,0,0.003175973892211914
2,"[0.86774313, -0.09299063, 0.16711953, -0.87890464, -0.34279978, -0.9351886, -0.20308493, 0.30999926, -0.16974646, -0.43488142, -0.19748738, 0.50991535, -0.6653057, -0.05244275, 0.08467016, -0.6225616, 0.8079704, -0.6325964, 0.6836422, -0.22465533, 0.6960481, -0.37541652, -0.73654115, -0.3417399, 0.4860587, -0.29225653, 0.35930318, -0.23305923, 0.92573786, -0.50729746, -0.71571434, -0.07516368, -0.7524517, 0.55194163, -0.34094605, 0.53968155, -0.23819126, -0.117852084, 0.88447744, 0.30120546, 0.36439908, 0.3509947, -0.9972387, -0.9046817, -0.6506026, -0.33814737, 0.8829405, -0.95806676, -0.7371839, 0.41645765, 0.019708186, -0.45773593, -0.09686318, 0.46098942, 0.17044699, -0.6921042, 0.8373471, -0.46887296, 0.16916616, 0.69071525, 0.63235706, 0.8475406, -0.20851342, -0.562947, 0.9152655, 0.13573962, 0.5511294, -0.22775814, 0.07790459, 0.7327208, 0.91541857, -0.06134293, -0.8584922, -0.96996677, -0.3259577, 0.7206174, 0.5215865, -0.7282347, 0.32043973, -0.9319632, -0.7436181, 0.8885305, 0.4354338, 0.65347373, 0.04385551, -0.17325416, -0.95671296, 0.5667785, 0.8591664, -0.6389667, 0.65640706, -0.065482564, -0.2469294, 0.12854625, 0.521161, -0.9300697, 0.37719598, -0.28557426, 0.71821326, 0.1891147, -0.24560483, 0.87023264, -0.6532095, 0.73355824, -0.2625842, 0.31924695, -0.89214927, 0.6263142, -0.84623426, -0.7022578, 0.5679031, -0.8143496, 0.76605713, -0.44313824, 0.92257285, -0.7793665, -0.22709523, 0.39482045, -0.1084323, -0.62022555, -0.513144, 0.33815145, -0.283091, 0.9665782, 0.93190575, 0.96543473, 0.47158745, -0.20901836, 0.54910564, 0.6826582, 0.187299, -0.24718389, -0.79903245, -0.24946775, -0.87266284, -0.8673518, 0.78029484, 0.87444556, -0.63489497, -0.010869509, -0.82044905, 0.2676049, -0.946923, -0.43454412, 0.94576246, -0.10787414, 0.1486575, 0.008108617, -0.448119, 0.78344995, -0.74328804, -0.8257866, -0.19996463, -0.4640099, -0.39000428, -0.77854615, -0.6343885, -0.25296816, 0.7144429, -0.72099155, -0.4814063, -0.80417407, -0.48040754, -0.6214655, -0.504755, 0.39814577, -0.6230067, -0.9204778, -0.86603445, -0.90816844, 0.8025282, -0.2918838, -0.47510895, 0.47387278, -0.33298314, 0.43048882, 0.7137425, 0.07444169, -0.71940064, -0.06583794, 0.51002103, 0.21700272, 0.6210739, -0.6315385, 0.6657941, -0.07956314, -0.1799539, -0.0826162, 0.17612466, -0.6110481, 0.4853893, 0.6750006, -0.18807724, 0.7539827, 0.9743646, -0.6617559, -0.037722502, 0.11386696, 0.0045200037, 0.76467913, -0.39670503, 0.9949801, -0.68448514, -0.7416864, 0.56185055, 0.93925357, 0.9250092, 0.7578364, -0.30009508, -0.42062342, -0.80918, -0.5309372, -0.7424407, 0.10503299, -0.0058935843, 0.9973293, 0.36256686, -0.7387479, 0.1386303, -0.06685507, 0.7463038, 0.56009126, 0.92288506, -0.066464126, -0.8094308, 0.9294725, -0.03178914, -0.9578559, -0.09956172, 0.24975483, 0.55442643, 0.9472208, -0.0706941, -0.8582801, -0.5752225, -0.6672817, 0.48738876, 0.9648064, -0.9982339, -0.6821131, 0.589963, -0.8835917, 0.64882314, 0.870324, 0.9078832, -0.1825345, 0.6239121, 0.6518865, -0.6452123, 0.42549244, -0.548576, -0.72960585, 0.40466878, 0.98569906, 0.9307529, 0.90178996, 0.3398653, -0.8398507, 0.31629047, 0.30727798, -0.9613625, 0.81293505, 0.5199498, 0.3742341, -0.6983926, -0.9624537, -0.97552764, -0.19818977, 0.47778276, -0.7693421, 0.7817532, 0.41457894, -0.9273773, -0.10234108, -0.83940804, 0.13503975, -0.55976385, -0.7661506, 0.77632666, 0.72484064, 0.83960456, -0.337474, 0.45230982, -0.5265317, -0.8911469, 0.6713095, -0.50038505, 0.4957701, 0.8066256, 0.06972365, -0.76534, 0.92983127, -0.5733251, -0.11294763, -0.59512824, -0.08696151, -0.30641982, -0.54256797, -0.5942964, 0.63357824, -0.13096996, -0.24916616, 0.6698886, -0.1135122, 0.036017735, -0.3554163, 0.63218516, -0.17005715, -0.37441772, -0.6055331, 0.7401206, -0.3669392, -0.14907551, -0.25519124, -0.7873622, -0.87897164, 0.856948, 0.5685229, -0.21884961, 0.623342, -0.7732916, -0.25215635, -0.22366524, -0.27707145, -0.5132218, 0.6601362, -0.56385106, -0.30491805, 0.96041673, 0.27746478, 0.14175373, -0.7569598, 0.75371623, 0.41795573, 0.4737261, -0.913752, 0.61070627, 0.44171187, 0.1801906, 0.64533824, -0.3368312, -0.37869903, -0.82258934, -0.5707887, 0.22926295, -0.1302041, 0.46872553, -0.006195255, -0.7542598, 0.6345361, -0.34256515, -0.6563961, 0.79123056, -0.3985839, -0.4601617, 0.16624865, -0.5163513, 0.8240532, 0.5987189, -0.7263812, -0.6937454, 0.9538344, -0.79173416, 0.21258654, -0.12085707, 0.5744748, 0.6588886, -0.005159422, -0.8645081, 0.3681509, 0.9890407, 0.35694548, -0.9764704, 0.77724797, -0.92128736, 0.9250944, -0.14360751, 0.9280545, -0.14797823, -0.26038495, 0.049191978, 0.38239783, -0.93082035, -0.60922, 0.79884416, -0.113661006, -0.015490038, -0.6684238, -0.9136586, 0.76201355, 0.40412882, 0.7239978, 0.3673261, 0.19497254, -0.91319275, 0.14794867, -0.8657742, -0.13907915, -0.99757355, -0.6783676, 0.67008156, -0.2265585, -0.5021688, -0.81015015, 0.12688331, -0.00015713646, 0.8080639, -0.3378346, 0.43126893, -0.7672941, 0.7441153, -0.5089621, -0.49851528, 0.6695679, -0.57963204, -0.95478, 0.7935783, 0.54836756, 0.0058307443, 0.9628668, 0.10246207, 0.94623256, -0.4914563, -0.15139489, 0.21145576, 0.7572322, 0.80785745, -0.058433704, 0.72411144, -0.95854133, -0.016847668, 0.83988494, 0.41416776, -0.35040414, 0.9066155, -0.8087817, -0.46417695, 0.36943555, -0.6142109, -0.79532343, 0.05215175, 0.7578121, 0.01025588, 0.1816099, 0.28555587, -0.4131038, 0.21703891, 0.027168235, -0.2646575, -0.87737036, -0.66406626, -0.59118354, -0.70042914, -0.2668728, 0.40002558, -0.9183068, -0.667441, 0.19553344, -0.57763624, -0.36463767, 0.38532847, -0.7582444, 0.6576832, -0.84303784, -0.9313725, 0.021982033, -0.1242826, -0.47367004, 0.08054093, 0.5910377, -0.49821022, -0.432464, 0.96315646, 0.68875, -0.36273262, 0.7546038, -0.94222623, -0.37345493, -0.13413383, -0.11880723, 0.09921357, 0.8884972, -0.2773825, 0.36479163, 0.78462946, -0.57675284, 0.9773287, -0.042467, 0.45024887, 0.0749989, 0.83705276, 0.35218698, -0.44947243, 0.2055886, -0.56328124, 0.34471843, -0.58304167, 0.5161434, 0.053545438, -0.59052294]","[7.0, 0.0, -18.0, -7.0, -2.0, -9.0, 6.0, -12.0, -20.0, -11.0, -2.0, 22.0, 5.0, 0.0, -12.0, -1.0, -4.0, 1.0, -10.0, 0.0, -26.0, 5.0, 0.0, 1.0, -7.0, -14.0, -6.0, -24.0, -5.0, -20.0, -14.0, 7.0, 0.0, 14.0, -2.0, -11.0, -8.0, -12.0, 3.0, 1.0, 3.0, 14.0, -8.0, -6.0, -16.0, 11.0, -6.0, -9.0, 1.0, -5.0, -5.0, -3.0, 6.0, 3.0, -17.0, -11.0, -9.0, 13.0, 5.0, 4.0, -11.0, 2.0, -18.0, 5.0, -5.0, -1.0, -3.0, -8.0, 1.0, -2.0, -21.0, 17.0, -10.0, -19.0, -22.0, -6.0, -4.0, -12.0, -2.0, -10.0, 16.0, -10.0, 7.0, -23.0, -10.0, -11.0, 2.0, 8.0, -8.0, -6.0, -1.0, -18.0, -4.0, -4.0, 4.0, -8.0, -15.0, -5.0, -7.0, -5.0, -13.0, 1.0, -6.0, -3.0, 7.0, -19.0, 13.0, -14.0, -10.0, -13.0, -11.0, 5.0, 2.0, 2.0, 4.0, -14.0, -7.0, 4.0, -7.0, -11.0, -14.0, 4.0, 4.0, -13.0, -22.0, -16.0, -13.0, -3.0, -6.0, -1.0, -1.0, 6.0, 1.0, -5.0, -2.0, 0.0, -13.0, -14.0, -9.0, -9.0, 14.0, -10.0, -3.0, -10.0, 2.0, -10.0, -7.0, -7.0, -10.0, 9.0, -10.0, -17.0, -15.0, 0.0, 9.0, -4.0, -18.0, -6.0, 4.0, -3.0, -7.0, -6.0, -8.0, 8.0, -8.0, 0.0, 13.0, -16.0, -9.0, 0.0, -6.0, -4.0, -5.0, -24.0, -30.0, -10.0, -32.0, -5.0, 10.0, -25.0, -21.0, -5.0, -16.0, -9.0, -10.0, -15.0, 6.0, -4.0, -21.0, 12.0, -9.0, -1.0, 4.0, -4.0, -10.0, -1.0, -1.0, -11.0, -10.0, -6.0, -17.0, -3.0, -5.0, 6.0, -7.0, 2.0, -6.0, -3.0, -7.0, 9.0, -15.0, 0.0, -5.0, 2.0, -11.0, -11.0, -3.0, -9.0, -7.0, -1.0, -9.0, 5.0, -1.0, 0.0, -7.0, -5.0, -28.0, 4.0, -13.0, -3.0, 20.0, -7.0, -20.0, 1.0, -11.0, 1.0, -3.0, -7.0, -16.0, -11.0, 6.0, 8.0, -2.0, 11.0, 9.0, 2.0, 2.0, -18.0, -17.0, -10.0, -10.0, -6.0, 11.0, -8.0, -7.0, 2.0, 6.0, -9.0, -7.0, -3.0, -6.0, -14.0, -21.0, -1.0, -5.0, -14.0, -10.0, -27.0, -13.0, 1.0, 5.0, 0.0, -6.0, 9.0, -5.0, -4.0, -16.0, 1.0, -8.0, 6.0, -2.0, -6.0, -10.0, -1.0, 8.0, -6.0, 7.0, -5.0, 7.0, -1.0, 4.0, 10.0, 3.0, -15.0, 3.0, 4.0, 7.0, -6.0, 4.0, 2.0, -10.0, 0.0, -14.0, 9.0, 1.0, -6.0, -14.0, -6.0, -4.0, -11.0, 11.0, -8.0, 0.0, 5.0, -9.0, 0.0, -9.0, -1.0, 10.0, -10.0, -19.0, -21.0, -7.0, 7.0, 1.0, -10.0, -7.0, -3.0, 1.0, 0.0, 2.0, 8.0, -19.0, -9.0, -7.0, -15.0, -12.0, -5.0, -4.0, -33.0, 5.0, 5.0, -5.0, -16.0, -16.0, -4.0, -10.0, 4.0, -19.0, 5.0, -15.0, -4.0, 1.0, -6.0, -19.0, -23.0, 5.0, 8.0, -20.0, -13.0, 4.0, 6.0, -11.0, -5.0, -3.0, -7.0, -12.0, -3.0, 2.0, -17.0, -17.0, -10.0, -2.0, -17.0, -5.0, -16.0, 24.0, 14.0, -6.0, -18.0, -3.0, -2.0, 0.0, -1.0, 0.0, -16.0, -10.0, 1.0, -10.0, -25.0, -6.0, 2.0, -6.0, -13.0, 2.0, 29.0, 2.0, -4.0, -6.0, -5.0, -6.0, 7.0, -7.0, -6.0, 0.0, -4.0, -23.0, -33.0, 9.0, -10.0, -6.0, 2.0, -4.0, 5.0, -2.0, -6.0, -13.0, -11.0, -20.0, -1.0, 7.0, -14.0, -3.0, 20.0, 4.0, -19.0, 3.0, -20.0, -7.0, -10.0, -9.0, 8.0, 10.0, 4.0, -6.0, -6.0, 9.0, -7.0, 10.0, 7.0, -6.0, -5.0, -8.0, 4.0, -2.0, -35.0, 11.0, -15.0, -5.0, -4.0, -5.0, -2.0, -2.0, -21.0, -9.0, -5.0, -2.0, -11.0, -5.0, 2.0, 4.0, -16.0, -7.0, -16.0, -4.0, -12.0, 18.0, 2.0, -13.0, -10.0, -14.0, -1.0, -23.0, -15.0, -4.0, -5.0, -18.0, -4.0, 6.0, -12.0, -9.0, -4.0, -6.0, -20.0, 13.0, 3.0, -13.0, -6.0, 0.0, 3.0, 14.0, -6.0, -10.0, 2.0, -4.0, -7.0, -18.0, 9.0, -6.0, -27.0]",-54.9285266055146,0.0,0.0,0,0.00313568115234375
3,"[-0.848838, 0.37983948, 0.010852123, 0.45145187, 0.87007827, 0.4562915, -0.35907426, -0.89079, -0.9304561, -0.2545488, -0.7768722, -0.83425516, 0.74246615, 0.94996226, 0.773472, 0.4026712, 0.72625786, 0.40894407, -0.65449756, -0.8786867, -0.991432, 0.904387, -0.5378837, 0.39603236, -0.021463798, -0.12121317, -0.08632729, -0.9232173, -0.22432892, -0.6801065, -0.9995796, -0.7718143, -0.8614233, -0.96472317, 0.47033972, 0.22133312, -0.4835574, -0.93284506, -0.49240917, 0.15375419, 0.14315468, -0.32824406, -0.11031238, 0.7386829, 0.66915303, 0.29930717, -0.22824584, 0.63681877, -0.7245697, 0.60535634, 0.37343904, 0.9556602, 0.13405256, 0.30866292, 0.10905788, -0.89829886, -0.5989527, -0.81932724, 0.14416942, -0.16404091, -0.14114742, 0.43093967, 0.4768419, -0.5817626, 0.8660497, -0.76305616, 0.32256225, -0.7467395, 0.6019048, 0.19760117, 0.08426463, 0.6814288, 0.7962956, -0.078685336, 0.14881302, 0.82181966, 0.06580164, 0.8674505, 0.7739348, 0.74387175, -0.3311815, 0.7584998, -0.77806556, -0.5132216, 0.27633324, -0.007000467, 0.38502237, -0.4372809, -0.642711, -0.4487824, -0.42311427, -0.6982202, -0.26101467, -0.6281485, -0.024405003, 0.26738575, -0.9938609, -0.9500939, -0.6670094, -0.41204187, 0.68903494, -0.14318188, 0.7100387, 0.15893151, -0.5062866, -0.74705935, -0.59769005, -0.3577193, -0.5540854, 0.28168008, 0.35807377, 0.23389213, -0.040459137, -0.19137456, -0.7335517, -0.56077343, -0.40189266, -0.3603527, -0.099870734, -0.85600984, -0.39297453, 0.9822352, -0.6358545, 0.58795154, -0.42326874, 0.06189723, -0.9246747, 0.18664026, -0.9835108, -0.4394123, -0.7682802, -0.70081246, 0.10157555, -0.8114605, -0.45387143, -0.5377571, 0.9431391, -0.069317885, 0.53248656, -0.44279152, 0.5355548, -0.9946272, 0.8365157, 0.9298767, 0.33139566, -0.972234, 0.5636965, 0.11838601, 0.03945877, 0.93290544, -0.20769253, -0.35512248, -0.43811527, 0.27778298, 0.07273002, 0.23382735, -0.44633213, 0.16404276, 0.20305702, 0.76179516, -0.85344976, -0.8791906, 0.51985157, -0.28355825, -0.20846368, 0.14755118, 0.46116272, -0.73090583, 0.039979607, 0.018011738, -0.38775715, 0.7693415, -0.44074422, -0.1657849, 0.08400609, 0.39299136, 0.52920794, 0.9903681, -0.27128533, -0.8471836, -0.95468074, -0.03323798, 0.71856534, -0.3639125, -0.7011102, -0.13590541, 0.62881875, -0.85418254, 0.80029076, 0.59560084, -0.98414344, 0.8584522, -0.25896844, -0.6639435, 0.7470342, -0.27624854, 0.49368528, 0.0150341885, -0.49966025, 0.73887753, -0.79344285, 0.71334875, -0.28539374, 0.08187219, -0.65491444, 0.5992684, 0.8017793, 0.9396906, 0.03770797, 0.27727723, 0.29995474, 0.67410994, -0.27553582, 0.13280727, -0.25081322, -0.4778588, -0.5818296, 0.2569735, 0.2152131, -0.8238984, -0.65141207, 0.832294, 0.5479835, 0.07447006, -0.6759501, 0.94625235, 0.67725164, -0.42277783, 0.5467161, -0.48818758, 0.644449, 0.9175658, -0.28343508, 0.35381943, -0.6132795, -0.4647957, -0.3325497, -0.5333316, -0.6087259, -0.56289065, 0.47814557, -0.0050115124, 0.34397817, 0.4318604, 0.84632456, -0.9843192, -0.97022057, -0.13265714, 0.76590025, 0.67316204, 0.31511262, 0.13406847, 0.5525122, 0.0386935, -0.7877948, 0.092112996, -0.95853436, -0.6989722, -0.69603807, 0.7063577, 0.48592857, 0.9095561, -0.35969186, 0.7735973, 0.82574224, -0.520415, 0.22823836, -0.4991142, 0.72294104, -0.46415806, 0.12567773, -0.04896712, 0.64849293, -0.5011144, 0.73670125, 0.64433676, -0.2945739, -0.12022943, -0.084419064, 0.564304, -0.970825, 0.3419459, -0.29022384, 0.71087366, 0.7898759, 0.07689974, -0.32065758, -0.05149054, 0.35289294, 0.5944708, 0.04610199, 0.8263161, -0.39779833, 0.54812133, 0.2704583, -0.62866676, -0.11368724, -0.512947, 0.70895296, 0.74032664, -0.37918618, 0.8099728, 0.37155467, 0.45902067, -0.9498657, 0.114512555, -0.45370352, 0.38502392, 0.279428, 0.5497486, 0.2764319, 0.89064044, 0.07622139, 0.75103277, 0.58627933, -0.9914008, 0.9073581, 0.3074702, -0.47611672, -0.24063925, 0.014114184, -0.06611626, 0.43725428, -0.50999886, -0.6393798, 0.34556526, -0.2932345, -0.5374127, -0.31347835, -0.7308272, 0.46689245, -0.47229353, 0.6613611, 0.62027645, -0.18468426, 0.2495508, 0.6258771, -0.530651, 0.23344238, 0.78254336, 0.5420213, 0.17954953, -0.805083, 0.9352027, 0.43390673, 0.21387862, 0.38614798, -0.2660028, 0.7612046, 0.79286504, 0.49366882, -0.14159687, -0.08907515, 0.44881454, -0.09959236, -0.16094762, -0.59624344, 0.35377944, 0.58616287, 0.30104363, -0.16017959, 0.16315074, 0.14249925, 0.24920723, 0.3879534, -0.55909604, -0.25415874, -0.554208, -0.605955, -0.89902705, 0.34019834, -0.8712529, -0.5718339, -0.16451333, 0.47331464, 0.31959888, 0.17461309, -0.6156174, 0.7134309, 0.9183016, 0.45306194, -0.14386554, 0.2686662, 0.8735165, -0.6451697, -0.24432553, -0.5800438, -0.9623769, -0.16032279, 0.5246898, -0.4757418, -0.7723011, 0.9629402, 0.9013026, 0.8868538, 0.14758624, 0.7736573, 0.4813826, -0.011836169, -0.52714944, -0.3832595, -0.86409354, 0.6728179, 0.0044603706, -0.15559037, 0.6905871, 0.4814983, -0.513617, 0.9839326, -0.47564498, -0.911427, 0.06617031, -0.3325206, 0.99634784, 0.40339515, -0.71607023, 0.49176055, 0.8764613, -0.5057132, 0.93798375, -0.9884467, 0.7779386, 0.4812293, 0.5402048, -0.37696692, -0.87984073, 0.6971411, 0.1601349, 0.792653, -0.81711566, 0.19832806, 0.9768893, 0.6607321, 0.7425371, 0.6445009, -0.28087074, -0.21327446, 0.1930365, -0.30078357, -0.16381341, 0.9581545, -0.19837555, 0.68410164, 0.196365, 0.13987878, 0.46606687, 0.01610684, -0.252668, 0.017384805, 0.14935935, -0.40659952, -0.31395105, -0.97649187, 0.122589834, 0.44146374, 0.93461084, 0.6630022, 0.03588246, 0.39788485, 0.4795024, 0.46326905, 0.6459249, -0.04187898, -0.60412496, -0.9133485, 0.30924287, 0.34405944, 0.6923129, -0.19007139, 0.86656374, -0.80453706, 0.3115004, -0.87652916, -0.8270001, 0.7991493, 0.71170235, 0.2697357, -0.29148644, -0.5160424, -0.22711661, 0.40798765, 0.76842976, -0.047540754, -0.6650457, -0.84894013, -0.9270415, -0.8233104, 0.67521095, 0.22917046, -0.5746658, 0.33386683, 0.8724815, -0.3543878, -0.51421076, -0.2763893, -0.07512195, 0.9628034, -0.2565122, 0.5455532, 0.3914672]","[7.0, 0.0, -18.0, -7.0, -2.0, -9.0, 6.0, -12.0, -20.0, -11.0, -2.0, 22.0, 5.0, 0.0, -12.0, -1.0, -4.0, 1.0, -10.0, 0.0, -26.0, 5.0, 0.0, 1.0, -7.0, -14.0, -6.0, -24.0, -5.0, -20.0, -14.0, 7.0, 0.0, 14.0, -2.0, -11.0, -8.0, -12.0, 3.0, 1.0, 3.0, 14.0, -8.0, -6.0, -16.0, 11.0, -6.0, -9.0, 1.0, -5.0, -5.0, -3.0, 6.0, 3.0, -17.0, -11.0, -9.0, 13.0, 5.0, 4.0, -11.0, 2.0, -18.0, 5.0, -5.0, -1.0, -3.0, -8.0, 1.0, -2.0, -21.0, 17.0, -10.0, -19.0, -22.0, -6.0, -4.0, -12.0, -2.0, -10.0, 16.0, -10.0, 7.0, -23.0, -10.0, -11.0, 2.0, 8.0, -8.0, -6.0, -1.0, -18.0, -4.0, -4.0, 4.0, -8.0, -15.0, -5.0, -7.0, -5.0, -13.0, 1.0, -6.0, -3.0, 7.0, -19.0, 13.0, -14.0, -10.0, -13.0, -11.0, 5.0, 2.0, 2.0, 4.0, -14.0, -7.0, 4.0, -7.0, -11.0, -14.0, 4.0, 4.0, -13.0, -22.0, -16.0, -13.0, -3.0, -6.0, -1.0, -1.0, 6.0, 1.0, -5.0, -2.0, 0.0, -13.0, -14.0, -9.0, -9.0, 14.0, -10.0, -3.0, -10.0, 2.0, -10.0, -7.0, -7.0, -10.0, 9.0, -10.0, -17.0, -15.0, 0.0, 9.0, -4.0, -18.0, -6.0, 4.0, -3.0, -7.0, -6.0, -8.0, 8.0, -8.0, 0.0, 13.0, -16.0, -9.0, 0.0, -6.0, -4.0, -5.0, -24.0, -30.0, -10.0, -32.0, -5.0, 10.0, -25.0, -21.0, -5.0, -16.0, -9.0, -10.0, -15.0, 6.0, -4.0, -21.0, 12.0, -9.0, -1.0, 4.0, -4.0, -10.0, -1.0, -1.0, -11.0, -10.0, -6.0, -17.0, -3.0, -5.0, 6.0, -7.0, 2.0, -6.0, -3.0, -7.0, 9.0, -15.0, 0.0, -5.0, 2.0, -11.0, -11.0, -3.0, -9.0, -7.0, -1.0, -9.0, 5.0, -1.0, 0.0, -7.0, -5.0, -28.0, 4.0, -13.0, -3.0, 20.0, -7.0, -20.0, 1.0, -11.0, 1.0, -3.0, -7.0, -16.0, -11.0, 6.0, 8.0, -2.0, 11.0, 9.0, 2.0, 2.0, -18.0, -17.0, -10.0, -10.0, -6.0, 11.0, -8.0, -7.0, 2.0, 6.0, -9.0, -7.0, -3.0, -6.0, -14.0, -21.0, -1.0, -5.0, -14.0, -10.0, -27.0, -13.0, 1.0, 5.0, 0.0, -6.0, 9.0, -5.0, -4.0, -16.0, 1.0, -8.0, 6.0, -2.0, -6.0, -10.0, -1.0, 8.0, -6.0, 7.0, -5.0, 7.0, -1.0, 4.0, 10.0, 3.0, -15.0, 3.0, 4.0, 7.0, -6.0, 4.0, 2.0, -10.0, 0.0, -14.0, 9.0, 1.0, -6.0, -14.0, -6.0, -4.0, -11.0, 11.0, -8.0, 0.0, 5.0, -9.0, 0.0, -9.0, -1.0, 10.0, -10.0, -19.0, -21.0, -7.0, 7.0, 1.0, -10.0, -7.0, -3.0, 1.0, 0.0, 2.0, 8.0, -19.0, -9.0, -7.0, -15.0, -12.0, -5.0, -4.0, -33.0, 5.0, 5.0, -5.0, -16.0, -16.0, -4.0, -10.0, 4.0, -19.0, 5.0, -15.0, -4.0, 1.0, -6.0, -19.0, -23.0, 5.0, 8.0, -20.0, -13.0, 4.0, 6.0, -11.0, -5.0, -3.0, -7.0, -12.0, -3.0, 2.0, -17.0, -17.0, -10.0, -2.0, -17.0, -5.0, -16.0, 24.0, 14.0, -6.0, -18.0, -3.0, -2.0, 0.0, -1.0, 0.0, -16.0, -10.0, 1.0, -10.0, -25.0, -6.0, 2.0, -6.0, -13.0, 2.0, 29.0, 2.0, -4.0, -6.0, -5.0, -6.0, 7.0, -7.0, -6.0, 0.0, -4.0, -23.0, -33.0, 9.0, -10.0, -6.0, 2.0, -4.0, 5.0, -2.0, -6.0, -13.0, -11.0, -20.0, -1.0, 7.0, -14.0, -3.0, 20.0, 4.0, -19.0, 3.0, -20.0, -7.0, -10.0, -9.0, 8.0, 10.0, 4.0, -6.0, -6.0, 9.0, -7.0, 10.0, 7.0, -6.0, -5.0, -8.0, 4.0, -2.0, -35.0, 11.0, -15.0, -5.0, -4.0, -5.0, -2.0, -2.0, -21.0, -9.0, -5.0, -2.0, -11.0, -5.0, 2.0, 4.0, -16.0, -7.0, -16.0, -4.0, -12.0, 18.0, 2.0, -13.0, -10.0, -14.0, -1.0, -23.0, -15.0, -4.0, -5.0, -18.0, -4.0, 6.0, -12.0, -9.0, -4.0, -6.0, -20.0, 13.0, 3.0, -13.0, -6.0, 0.0, 3.0, 14.0, -6.0, -10.0, 2.0, -4.0, -7.0, -18.0, 9.0, -6.0, -27.0]",-54.9285266055146,0.0,0.0,0,0.0031502246856689453
4,"[0.74078673, 0.5577826, 0.36769885, -0.11940084, 0.32115805, 0.25263453, -0.68286616, -0.56131476, 0.98022014, 0.77233005, 0.25713867, -0.50991696, -0.06793416, 0.8738444, 0.61902565, -0.6237703, -0.06360981, -0.8376027, 0.7217797, -0.124833815, 0.25274867, -0.10483472, 0.6201001, 0.08447705, -0.72462463, 0.3507171, 0.18256477, -0.011878399, -0.38785854, 0.68858385, -0.48157248, 0.3167128, 0.99544525, 0.42791414, -0.79364663, -0.26453307, 0.055694904, -0.6493628, 0.7538822, -0.6398072, 0.695464, 0.64386743, 0.96516013, -0.5867778, 0.18179652, -0.1378265, -0.52216274, -0.62940043, 0.52829456, -0.899041, -0.16196264, 0.53411824, 0.6552553, 0.14502892, -0.43888912, -0.6462149, 0.5112626, -0.9173072, -0.27991596, -0.017299075, -0.7581403, -0.8226861, -0.56252706, 0.6237845, 0.9439676, -0.6075634, -0.70825285, -0.3329969, -0.7027439, 0.93664736, -0.43887275, -0.8047327, -0.10260263, -0.7336746, -0.7086347, -0.111605786, 0.769711, 0.06629131, 0.31700343, 0.5204939, 0.396552, -0.54851174, -0.070706405, -0.13542743, 0.7659867, 0.21866111, 0.116147205, 0.99503225, -0.31966862, 0.108784445, 0.4878543, -0.65742666, 0.19149582, -0.08842072, -0.9460016, 0.8671758, 0.8307033, 0.917683, -0.80642426, 0.4168228, -0.18895471, 0.22723731, 0.66201746, 0.14300646, -0.9511064, -0.7816345, -0.37709528, -0.9958615, 0.24720415, -0.37300867, -0.8299622, 0.4688108, 0.37278804, 0.16064647, -0.794588, 0.9263533, -0.2713598, -0.1421026, 0.46363, -0.482399, -0.4790272, 0.45879596, -0.802089, -0.21502325, -0.7670618, -0.6226048, -0.6559365, 0.49000862, -0.2999754, 0.3537955, -0.87164944, 0.7419038, -0.43114036, -0.9588186, 0.6548256, 0.8175838, -0.0032299655, -0.8646674, -0.23133332, 0.41441774, -0.55958164, -0.31591362, 0.38248318, -0.1697675, -0.013626691, -0.7343294, 0.6165266, -0.2635228, -0.6929979, -0.26407582, -0.47712034, -0.31378564, -0.5428521, 0.2510007, 0.99481404, -0.5399228, -0.024027694, 0.7684313, 0.15185374, -0.055719502, -0.7943851, -0.5851339, -0.14361914, -0.05719794, 0.95348173, -0.03964117, 0.5934586, 0.7435561, 0.11450921, -0.5249205, 0.13403812, 0.34356195, -0.4697782, 0.47077557, 0.634301, 0.70290697, -0.64308584, 0.8858219, 0.30028024, 0.43301123, -0.8953851, 0.08448125, 0.3188627, -0.68050104, -0.96326077, 0.5747591, 0.23964767, -0.64927, -0.06657936, -0.80721015, 0.3971466, -0.89521605, -0.6873726, 0.48051947, -0.7426551, -0.044160347, -0.9632082, -0.6898754, 0.7059834, -0.21108463, 0.7335348, 0.116713144, -0.583986, 0.4264592, 0.629888, 0.771012, 0.014431456, -0.6766025, 0.7298944, -0.85451025, 0.7566649, -0.86159176, 0.5777508, 0.95182824, -0.56703067, -0.7725974, -0.1449044, -0.43638003, 0.5179243, -0.9129092, -0.4884007, 0.36025745, 0.90535873, -0.7097965, 0.017757315, 0.43983492, 0.41571778, -0.4264799, -0.29373056, 0.6673745, -0.008785404, -0.47051036, -0.6738777, 0.2708952, -0.96490574, 0.62190956, 0.9477373, -0.14021897, 0.31164986, -0.21723518, 0.0012502995, -0.7395003, -0.96671945, -0.914487, 0.61428326, 0.42415944, 0.3796843, -0.4079202, 0.15803888, 0.099808976, 0.17673217, -0.25612274, -0.009394311, 0.30656737, -0.05018734, -0.4971234, -0.5139921, 0.5262548, 0.15290962, 0.016874755, 0.74924964, -0.80328393, -0.34592178, -0.49404913, 0.6133874, 0.26808062, 0.3313016, 0.9066174, -0.7440527, 0.5686268, -0.8978266, -0.23094316, -0.9634991, -0.052027427, -0.39193717, 0.17725414, -0.415281, 0.641475, -0.0872473, -0.42186743, -0.9981836, 0.16588092, 0.649206, -0.849617, 0.25238582, 0.31476286, 0.6820145, -0.7737674, -0.26774025, 0.6857354, -0.50811315, -0.03686607, 0.37451872, 0.80741197, 0.010682791, 0.98084986, -0.2897514, -0.73555905, -0.15837005, -0.6708207, -0.31362566, 0.3456456, 0.54142666, 0.7053277, -0.74656874, 0.1942833, 0.83563924, 0.5253606, 0.36577997, -0.76069415, -0.30037534, 0.6331799, 0.7565606, 0.9415233, 0.48589793, 0.4355823, -0.8343574, -0.3449654, 0.473173, -0.11560024, -0.61166227, 0.68730605, -0.21758574, -0.6469361, -0.5527601, -0.8342865, 0.13783415, -0.5422026, -0.28801253, 0.3293532, 0.4269947, 0.22061445, -0.83247465, -0.1904966, -0.5790264, 0.900708, 0.48873144, -0.827067, -0.85307664, -0.5139707, 0.9652129, -0.032961246, -0.35089913, 0.5310557, -0.89316446, 0.04887888, -0.429587, -0.42406964, 0.68819803, -0.73618215, 0.108854346, 0.24870661, 0.92831767, 0.9445853, 0.22677173, -0.50886613, -0.8623, -0.7612485, -0.11988553, 0.36468738, 0.0037128818, -0.11749112, -0.36653516, 0.6829459, -0.092366226, 0.37256607, 0.12088475, -0.6129741, 0.874693, 0.21073058, -0.118322946, 0.55279875, -0.7361627, 0.26424974, -0.18444121, -0.3833083, -0.8936953, 0.916778, 0.89467585, 0.8653867, 0.13457482, 0.16066724, -0.048768908, -0.6315805, -0.379556, 0.34176913, -0.05256819, 0.5782605, -0.40165403, -0.7868661, -0.108805, 0.09345417, -0.99029714, -0.0031666073, -0.1386758, -0.69698334, 0.5069216, 0.30894014, -0.37400392, -0.4823898, -0.32736272, 0.37411174, 0.38738152, 0.6057463, -0.28150237, 0.2570017, 0.97508717, -0.93422186, -0.62035644, 0.9244511, 0.3746156, 0.5064277, -0.20689961, -0.72475463, 0.9268029, -0.87184376, 0.49151942, 0.5748843, 0.3101853, 0.13239451, -0.15028565, -0.18658605, -0.29875404, 0.8410194, 0.48746958, 0.6684288, -0.29245156, -0.8741326, -0.9936715, -0.040762123, 0.85768133, 0.057010967, 0.78358716, 0.78082347, -0.08805128, 0.97542024, 0.30349275, -0.017447798, -0.12505326, 0.69317544, 0.19924143, 0.80225617, 0.19141626, 0.94224685, -0.47284225, 0.32818195, -0.59855425, 0.72490025, -0.4509836, 0.9413474, 0.18985508, -0.71267146, 0.4704931, 0.033252403, -0.35168248, 0.29398704, -0.31589848, 0.06825087, 0.84242773, -0.2321328, -0.1435735, 0.9874594, 0.90790725, 0.30468976, -0.41273698, 0.51985383, -0.9443372, -0.43236136, 0.8714746, -0.45703307, -0.30444148, -0.009641284, -0.40760866, -0.9157751, 0.3941519, -0.8998719, -0.44833595, -0.41252905, -0.046056367, 0.3826944, 0.6967746, 0.5465284, -0.041179147, -0.9055542, 0.11894086, -0.032551177, 0.9604126, -0.7526604, -0.8163847, 0.2530408, -0.66646683, -0.14471269, -0.39691284, -0.97830415, -0.6937412, 0.03437653, -0.36300707, -0.070933826, -0.6444739, 0.93470675]","[7.0, 0.0, -18.0, -7.0, -2.0, -9.0, 6.0, -12.0, -20.0, -11.0, -2.0, 22.0, 5.0, 0.0, -12.0, -1.0, -4.0, 1.0, -10.0, 0.0, -26.0, 5.0, 0.0, 1.0, -7.0, -14.0, -6.0, -24.0, -5.0, -20.0, -14.0, 7.0, 0.0, 14.0, -2.0, -11.0, -8.0, -12.0, 3.0, 1.0, 3.0, 14.0, -8.0, -6.0, -16.0, 11.0, -6.0, -9.0, 1.0, -5.0, -5.0, -3.0, 6.0, 3.0, -17.0, -11.0, -9.0, 13.0, 5.0, 4.0, -11.0, 2.0, -18.0, 5.0, -5.0, -1.0, -3.0, -8.0, 1.0, -2.0, -21.0, 17.0, -10.0, -19.0, -22.0, -6.0, -4.0, -12.0, -2.0, -10.0, 16.0, -10.0, 7.0, -23.0, -10.0, -11.0, 2.0, 8.0, -8.0, -6.0, -1.0, -18.0, -4.0, -4.0, 4.0, -8.0, -15.0, -5.0, -7.0, -5.0, -13.0, 1.0, -6.0, -3.0, 7.0, -19.0, 13.0, -14.0, -10.0, -13.0, -11.0, 5.0, 2.0, 2.0, 4.0, -14.0, -7.0, 4.0, -7.0, -11.0, -14.0, 4.0, 4.0, -13.0, -22.0, -16.0, -13.0, -3.0, -6.0, -1.0, -1.0, 6.0, 1.0, -5.0, -2.0, 0.0, -13.0, -14.0, -9.0, -9.0, 14.0, -10.0, -3.0, -10.0, 2.0, -10.0, -7.0, -7.0, -10.0, 9.0, -10.0, -17.0, -15.0, 0.0, 9.0, -4.0, -18.0, -6.0, 4.0, -3.0, -7.0, -6.0, -8.0, 8.0, -8.0, 0.0, 13.0, -16.0, -9.0, 0.0, -6.0, -4.0, -5.0, -24.0, -30.0, -10.0, -32.0, -5.0, 10.0, -25.0, -21.0, -5.0, -16.0, -9.0, -10.0, -15.0, 6.0, -4.0, -21.0, 12.0, -9.0, -1.0, 4.0, -4.0, -10.0, -1.0, -1.0, -11.0, -10.0, -6.0, -17.0, -3.0, -5.0, 6.0, -7.0, 2.0, -6.0, -3.0, -7.0, 9.0, -15.0, 0.0, -5.0, 2.0, -11.0, -11.0, -3.0, -9.0, -7.0, -1.0, -9.0, 5.0, -1.0, 0.0, -7.0, -5.0, -28.0, 4.0, -13.0, -3.0, 20.0, -7.0, -20.0, 1.0, -11.0, 1.0, -3.0, -7.0, -16.0, -11.0, 6.0, 8.0, -2.0, 11.0, 9.0, 2.0, 2.0, -18.0, -17.0, -10.0, -10.0, -6.0, 11.0, -8.0, -7.0, 2.0, 6.0, -9.0, -7.0, -3.0, -6.0, -14.0, -21.0, -1.0, -5.0, -14.0, -10.0, -27.0, -13.0, 1.0, 5.0, 0.0, -6.0, 9.0, -5.0, -4.0, -16.0, 1.0, -8.0, 6.0, -2.0, -6.0, -10.0, -1.0, 8.0, -6.0, 7.0, -5.0, 7.0, -1.0, 4.0, 10.0, 3.0, -15.0, 3.0, 4.0, 7.0, -6.0, 4.0, 2.0, -10.0, 0.0, -14.0, 9.0, 1.0, -6.0, -14.0, -6.0, -4.0, -11.0, 11.0, -8.0, 0.0, 5.0, -9.0, 0.0, -9.0, -1.0, 10.0, -10.0, -19.0, -21.0, -7.0, 7.0, 1.0, -10.0, -7.0, -3.0, 1.0, 0.0, 2.0, 8.0, -19.0, -9.0, -7.0, -15.0, -12.0, -5.0, -4.0, -33.0, 5.0, 5.0, -5.0, -16.0, -16.0, -4.0, -10.0, 4.0, -19.0, 5.0, -15.0, -4.0, 1.0, -6.0, -19.0, -23.0, 5.0, 8.0, -20.0, -13.0, 4.0, 6.0, -11.0, -5.0, -3.0, -7.0, -12.0, -3.0, 2.0, -17.0, -17.0, -10.0, -2.0, -17.0, -5.0, -16.0, 24.0, 14.0, -6.0, -18.0, -3.0, -2.0, 0.0, -1.0, 0.0, -16.0, -10.0, 1.0, -10.0, -25.0, -6.0, 2.0, -6.0, -13.0, 2.0, 29.0, 2.0, -4.0, -6.0, -5.0, -6.0, 7.0, -7.0, -6.0, 0.0, -4.0, -23.0, -33.0, 9.0, -10.0, -6.0, 2.0, -4.0, 5.0, -2.0, -6.0, -13.0, -11.0, -20.0, -1.0, 7.0, -14.0, -3.0, 20.0, 4.0, -19.0, 3.0, -20.0, -7.0, -10.0, -9.0, 8.0, 10.0, 4.0, -6.0, -6.0, 9.0, -7.0, 10.0, 7.0, -6.0, -5.0, -8.0, 4.0, -2.0, -35.0, 11.0, -15.0, -5.0, -4.0, -5.0, -2.0, -2.0, -21.0, -9.0, -5.0, -2.0, -11.0, -5.0, 2.0, 4.0, -16.0, -7.0, -16.0, -4.0, -12.0, 18.0, 2.0, -13.0, -10.0, -14.0, -1.0, -23.0, -15.0, -4.0, -5.0, -18.0, -4.0, 6.0, -12.0, -9.0, -4.0, -6.0, -20.0, 13.0, 3.0, -13.0, -6.0, 0.0, 3.0, 14.0, -6.0, -10.0, 2.0, -4.0, -7.0, -18.0, 9.0, -6.0, -27.0]",-54.9285266055146,0.0,0.0,0,0.0031061172485351562
5,"[-0.026077012, 0.10076446, 0.2599986, 0.967666, 0.54001546, -0.49367496, 0.970494, -0.524936, 0.84286106, 0.0027800382, -0.87514746, 0.9627681, 0.48658982, 0.9176744, -0.57225853, 0.5297189, 0.6803667, 0.6638707, -0.25219756, 0.8573785, -0.48696885, -0.6797898, 0.40442836, 0.3629921, -0.6603789, -0.29799554, -0.5683996, 0.55966294, -0.37835607, -0.42317036, 0.8458947, -0.71495306, -0.3968823, -0.6586338, -0.07609085, -0.92440766, 0.41126573, -0.79247355, -0.6198128, -0.9241388, 0.7067138, 0.40457988, -0.3284273, 0.055090662, 0.6768017, -0.59440607, -0.99421036, 0.06942318, -0.5334551, 0.36398822, 0.7905841, 0.15219793, -0.90336657, -0.70383775, -0.21351565, -0.49497193, 0.28819236, 0.4541357, -0.09801786, 0.6775447, -0.6786267, 0.74237084, 0.9935571, -0.9032261, 0.066424064, -0.04865926, 0.8758837, -0.18713611, -0.5690861, -0.43250635, -0.21454483, -0.74528915, 0.9656312, -0.8149716, -0.5703125, 0.7566268, 0.037515514, -0.004548723, 0.86776835, -0.299705, 0.8908202, 0.84150827, -0.74311113, -0.30640998, -0.6931393, 0.33521727, -0.40256432, -0.4042287, -0.95752025, -0.3599502, -0.02555376, 0.04833192, -0.4712866, 0.5639645, -0.0070080482, -0.20829897, 0.42780393, 0.6554517, 0.5616118, 0.19922599, -0.98071146, -0.10089989, 0.63805926, -0.8253225, -0.79745126, 0.85385484, 0.40392908, -0.49318424, 0.41854993, 0.90966254, -0.61332464, -0.90090925, 0.8427929, 0.4819418, -0.7861948, -0.2647011, -0.9860659, -0.75410104, -0.9095836, 0.5116617, -0.8524705, -0.8664602, 0.44509846, 0.2073652, 0.58472526, 0.87389493, -0.35726038, -0.48567912, 0.11546929, 0.3726134, -0.47257823, 0.3661342, -0.09865748, 0.6733306, 0.7943914, -0.6436359, 0.93907654, 0.4244008, 0.8213494, -0.8252887, -0.5445584, -0.7110761, 0.51943403, -0.21594462, 0.21208173, 0.33140546, -0.051914684, 0.3512837, 0.98711264, -0.43051746, -0.45456457, -0.50856185, -0.004945639, 0.09273714, -0.761028, 0.11646018, -0.41198203, -0.5897828, 0.09360172, 0.95507145, -0.9019733, 0.6525742, -0.07939521, -0.5516682, 0.4532909, -0.3087916, -0.7073828, 0.87992066, 0.2687346, -0.7937015, -0.48137748, 0.5352949, -0.25302505, 0.2389638, 0.485452, 0.4984184, 0.36785284, 0.20099303, 0.67987, 0.2598768, 0.74403375, 0.5776956, 0.7514222, 0.26057422, 0.82592016, -0.41480026, -0.7349045, -0.2788368, -0.017384624, 0.57246506, -0.17667113, 0.22508882, 0.008081243, -0.25304562, 0.35321787, -0.37146422, 0.7322761, -0.7098518, -0.9786967, 0.08064195, 0.055690665, -0.33584893, 0.8573238, -0.91496277, -0.9260074, 0.14195956, -0.05567772, -0.23748218, 0.2629778, -0.12667295, -0.57292867, -0.38452542, -0.9881866, -0.77549684, 0.8920306, -0.90480214, -0.41048333, 0.7648886, 0.8897897, 0.4554103, 0.5842755, -0.7338699, 0.49868926, -0.8255242, 0.04997568, -0.653682, -0.19080631, -0.6639396, 0.8988143, 0.5782932, -0.056924544, -0.34609702, 0.909926, -0.8620031, 0.70390993, 0.39893886, -0.9396134, -0.25843868, -0.8713038, 0.33809292, -0.85873246, 0.29673147, 0.45193192, -0.16907643, -0.7771194, 0.7443099, -0.38236496, 0.13781762, 0.67784846, 0.8632668, -0.20580232, 0.7711945, 0.38626367, 0.01015001, 0.95100045, 0.49357525, -0.24304292, -0.09247647, -0.6335686, -0.2773062, 0.80956537, -0.8378579, 0.22128038, 0.6811014, 0.30958223, -0.1245824, -0.28202978, 0.19591726, -0.6949677, -0.3439473, -0.31808192, -0.28787768, -0.98692477, 0.5055686, -0.20066369, 0.34707326, -0.11275352, 0.9642143, -0.97979677, 0.67468095, -0.5973917, 0.119914144, 0.53707016, -0.50577873, 0.54671514, 0.5716489, -0.13760301, -0.8272779, 0.051525734, 0.30807126, -0.801082, 0.35303372, 0.022282315, -0.62139666, 0.14801626, -0.264919, -0.7493626, -0.11222773, -0.06894805, 0.58073026, 0.8263559, -0.47482732, -0.45167485, 0.43527484, 0.05390319, 0.5783899, 0.5904656, 0.54265726, -0.59208417, -0.20825055, 0.4626061, -0.6128521, -0.22214334, -0.7965511, -0.59770733, 0.9915424, 0.14295296, 0.53091955, 0.25241503, 0.93434346, -0.84405553, -0.8532934, 0.5805921, 0.14689428, 0.24813774, -0.24319856, -0.51018095, 0.31466752, -0.07765884, 0.93071455, -0.15047714, 0.729231, 0.43213162, -0.12172886, 0.4438155, -0.1232236, 0.2585474, 0.60585284, -0.6464608, -0.28325236, -0.45844102, -0.725197, -0.06509558, -0.600924, -0.03192227, -0.32332882, -0.61941975, -0.8864018, -0.5507389, -0.95266604, 0.95342904, -0.08574303, 0.4753875, -0.5914443, -0.7738671, 0.32340118, -0.9982985, -0.40425768, 0.45521432, -0.87020063, -0.12901786, -0.41781086, 0.33363062, -0.261671, 0.07668504, 0.93136734, -0.52925014, 0.85524917, 0.03291228, 0.5265792, -0.6965598, -0.7046376, -0.34352663, 0.0018847934, 0.3855039, -0.033641487, 0.1317618, -0.5966531, 0.86244583, 0.896356, -0.20534702, 0.28540093, 0.65362847, -0.16363683, -0.3528381, -0.13177128, 0.08114007, -0.0077324463, 0.7640868, 0.9109648, 0.9045825, 0.30011362, -0.5778712, 0.3196648, 0.31277576, 0.9397862, -0.35068026, -0.9765761, -0.7516173, -0.8080599, -0.96340483, -0.66805845, -0.31805295, -0.5881695, 0.43321872, 0.48293412, 0.80734044, 0.21428837, 0.6819496, 0.82335293, 0.16481517, -0.54356927, 0.6248157, 0.80745745, 0.43088052, -0.33238652, 0.2898473, 0.4268177, -0.86811656, 0.023738248, 0.30424744, 0.53619516, -0.81105494, -0.39319173, 0.26071316, 0.8720844, -0.12167717, 0.9927738, 0.44427675, -0.87311643, -0.9255447, 0.24755722, 0.8651364, -0.6268454, -0.784231, -0.68500936, -0.6899023, -0.6778473, 0.89389855, 0.9429436, -0.6708941, 0.029064968, -0.14721458, 0.7941043, 0.504108, -0.31145296, 0.7579115, 0.9754454, 0.76140654, 0.30272847, -0.62528956, 0.33154908, -0.16533811, 0.6952676, 0.72502244, -0.5494438, 0.12151973, -0.63644, -0.6260492, 0.5653455, 0.90838313, -0.16201542, 0.10574211, 0.6213263, 0.3734069, -0.8199083, 0.6314189, 0.28897637, 0.054842316, 0.08617085, -0.024207618, 0.21282277, -0.9844856, 0.35933977, -0.44762528, 0.5105923, 0.105930164, -0.30751717, 0.8044898, -0.07288171, 0.36920714, 0.72427857, 0.040912606, -0.60105926, 0.8319937, 0.80865556, 0.5041402, -0.036110543, 0.5248966, 0.7164743, 0.6412964, -0.6385252, 0.6710466, -0.85513276, 0.6531548, -0.25763687, 0.9895369, -0.611433, -0.8690526, 0.87504005]","[7.0, 0.0, -18.0, -7.0, -2.0, -9.0, 6.0, -12.0, -20.0, -11.0, -2.0, 22.0, 5.0, 0.0, -12.0, -1.0, -4.0, 1.0, -10.0, 0.0, -26.0, 5.0, 0.0, 1.0, -7.0, -14.0, -6.0, -24.0, -5.0, -20.0, -14.0, 7.0, 0.0, 14.0, -2.0, -11.0, -8.0, -12.0, 3.0, 1.0, 3.0, 14.0, -8.0, -6.0, -16.0, 11.0, -6.0, -9.0, 1.0, -5.0, -5.0, -3.0, 6.0, 3.0, -17.0, -11.0, -9.0, 13.0, 5.0, 4.0, -11.0, 2.0, -18.0, 5.0, -5.0, -1.0, -3.0, -8.0, 1.0, -2.0, -21.0, 17.0, -10.0, -19.0, -22.0, -6.0, -4.0, -12.0, -2.0, -10.0, 16.0, -10.0, 7.0, -23.0, -10.0, -11.0, 2.0, 8.0, -8.0, -6.0, -1.0, -18.0, -4.0, -4.0, 4.0, -8.0, -15.0, -5.0, -7.0, -5.0, -13.0, 1.0, -6.0, -3.0, 7.0, -19.0, 13.0, -14.0, -10.0, -13.0, -11.0, 5.0, 2.0, 2.0, 4.0, -14.0, -7.0, 4.0, -7.0, -11.0, -14.0, 4.0, 4.0, -13.0, -22.0, -16.0, -13.0, -3.0, -6.0, -1.0, -1.0, 6.0, 1.0, -5.0, -2.0, 0.0, -13.0, -14.0, -9.0, -9.0, 14.0, -10.0, -3.0, -10.0, 2.0, -10.0, -7.0, -7.0, -10.0, 9.0, -10.0, -17.0, -15.0, 0.0, 9.0, -4.0, -18.0, -6.0, 4.0, -3.0, -7.0, -6.0, -8.0, 8.0, -8.0, 0.0, 13.0, -16.0, -9.0, 0.0, -6.0, -4.0, -5.0, -24.0, -30.0, -10.0, -32.0, -5.0, 10.0, -25.0, -21.0, -5.0, -16.0, -9.0, -10.0, -15.0, 6.0, -4.0, -21.0, 12.0, -9.0, -1.0, 4.0, -4.0, -10.0, -1.0, -1.0, -11.0, -10.0, -6.0, -17.0, -3.0, -5.0, 6.0, -7.0, 2.0, -6.0, -3.0, -7.0, 9.0, -15.0, 0.0, -5.0, 2.0, -11.0, -11.0, -3.0, -9.0, -7.0, -1.0, -9.0, 5.0, -1.0, 0.0, -7.0, -5.0, -28.0, 4.0, -13.0, -3.0, 20.0, -7.0, -20.0, 1.0, -11.0, 1.0, -3.0, -7.0, -16.0, -11.0, 6.0, 8.0, -2.0, 11.0, 9.0, 2.0, 2.0, -18.0, -17.0, -10.0, -10.0, -6.0, 11.0, -8.0, -7.0, 2.0, 6.0, -9.0, -7.0, -3.0, -6.0, -14.0, -21.0, -1.0, -5.0, -14.0, -10.0, -27.0, -13.0, 1.0, 5.0, 0.0, -6.0, 9.0, -5.0, -4.0, -16.0, 1.0, -8.0, 6.0, -2.0, -6.0, -10.0, -1.0, 8.0, -6.0, 7.0, -5.0, 7.0, -1.0, 4.0, 10.0, 3.0, -15.0, 3.0, 4.0, 7.0, -6.0, 4.0, 2.0, -10.0, 0.0, -14.0, 9.0, 1.0, -6.0, -14.0, -6.0, -4.0, -11.0, 11.0, -8.0, 0.0, 5.0, -9.0, 0.0, -9.0, -1.0, 10.0, -10.0, -19.0, -21.0, -7.0, 7.0, 1.0, -10.0, -7.0, -3.0, 1.0, 0.0, 2.0, 8.0, -19.0, -9.0, -7.0, -15.0, -12.0, -5.0, -4.0, -33.0, 5.0, 5.0, -5.0, -16.0, -16.0, -4.0, -10.0, 4.0, -19.0, 5.0, -15.0, -4.0, 1.0, -6.0, -19.0, -23.0, 5.0, 8.0, -20.0, -13.0, 4.0, 6.0, -11.0, -5.0, -3.0, -7.0, -12.0, -3.0, 2.0, -17.0, -17.0, -10.0, -2.0, -17.0, -5.0, -16.0, 24.0, 14.0, -6.0, -18.0, -3.0, -2.0, 0.0, -1.0, 0.0, -16.0, -10.0, 1.0, -10.0, -25.0, -6.0, 2.0, -6.0, -13.0, 2.0, 29.0, 2.0, -4.0, -6.0, -5.0, -6.0, 7.0, -7.0, -6.0, 0.0, -4.0, -23.0, -33.0, 9.0, -10.0, -6.0, 2.0, -4.0, 5.0, -2.0, -6.0, -13.0, -11.0, -20.0, -1.0, 7.0, -14.0, -3.0, 20.0, 4.0, -19.0, 3.0, -20.0, -7.0, -10.0, -9.0, 8.0, 10.0, 4.0, -6.0, -6.0, 9.0, -7.0, 10.0, 7.0, -6.0, -5.0, -8.0, 4.0, -2.0, -35.0, 11.0, -15.0, -5.0, -4.0, -5.0, -2.0, -2.0, -21.0, -9.0, -5.0, -2.0, -11.0, -5.0, 2.0, 4.0, -16.0, -7.0, -16.0, -4.0, -12.0, 18.0, 2.0, -13.0, -10.0, -14.0, -1.0, -23.0, -15.0, -4.0, -5.0, -18.0, -4.0, 6.0, -12.0, -9.0, -4.0, -6.0, -20.0, 13.0, 3.0, -13.0, -6.0, 0.0, 3.0, 14.0, -6.0, -10.0, 2.0, -4.0, -7.0, -18.0, 9.0, -6.0, -27.0]",-54.9285266055146,0.0,0.0,0,0.0030927658081054688
6,"[0.23026003, -0.095767535, 0.85681087, -0.63752055, -0.48049426, 0.15474139, 0.23886074, -0.5899374, 0.6020651, -0.5891461, -0.80099833, -0.9612605, -0.56851584, 0.47997388, 0.67318076, -0.14143805, -0.55946445, -0.10533053, -0.61247915, -0.122581646, 0.29833347, -0.3354889, -0.4513606, 0.9732131, 0.18725772, -0.86949366, -0.29821867, -0.89895344, -0.8637196, -0.67639977, -0.80207074, 0.6145957, 0.5095411, 0.7011938, -0.54703414, -0.5654996, 0.67572045, 0.9978778, 0.33725002, 0.79782367, 0.14593317, 0.70758665, 0.116328396, -0.2764541, -0.051673796, -0.6278754, 0.6493404, 0.18027963, 0.9127454, -0.43968168, 0.2261304, -0.9540078, -0.06262218, -0.76223433, -0.70586556, -0.27231735, -0.91600317, -0.05666335, -0.7186114, 0.15515788, -0.27546656, 0.15060456, -0.30199495, 0.5556883, -0.250077, 0.36660093, -0.3196028, 0.8610217, 0.99132466, 0.6607867, -0.70324624, -0.091580845, 0.16302837, -0.0035069203, -0.6259652, -0.1811829, 0.10817539, -0.2488481, -0.10686632, -0.11654282, 0.58379567, -0.947727, 0.20903382, 0.72866535, -0.8779193, -0.9110905, -0.61362815, -0.903852, -0.49966687, 0.58619535, -0.32521933, 0.3375381, -0.52510315, 0.97929806, -0.4126256, -0.65991074, -0.93854946, -0.88897705, 0.89398926, 0.81810594, 0.11460365, -0.4739931, 0.74572307, -0.8741112, -0.19758438, 0.65105414, 0.727241, 0.00592486, -0.91959894, 0.4232528, -0.35354105, -0.7259486, 0.4652496, -0.70571655, 0.24588925, -0.68605006, -0.10000742, 0.34374404, -0.9361435, 0.6490114, -0.48259473, 0.67570126, 0.96796316, -0.53846973, 0.20360444, -0.82832223, -0.7676635, -0.13511357, 0.91195166, 0.83357185, 0.39750597, 0.3161219, 0.44673195, 0.77532214, -0.029134981, -0.73771846, -0.16897155, -0.3199865, 0.08756731, -0.9517951, -0.9267525, 0.5813838, 0.480578, 0.52625334, 0.69486207, -0.23908937, 0.5583296, 0.34541947, 0.65823394, 0.99008435, -0.9393149, 0.4234259, -0.5620456, 0.4985846, -0.2955195, 0.27327725, -0.21788228, -0.8197757, -0.09537019, 0.61282706, -0.6673706, -0.3203697, 0.27704883, 0.55235994, -0.3169314, -0.10773465, -0.19848228, -0.07926372, -0.87836146, 0.0586468, -0.35260376, 0.123428605, -0.29497486, -0.78326917, 0.15722333, -0.4274761, 0.22722022, -0.8379229, 0.1935175, -0.5322918, -0.14941676, 0.33687925, 0.54304516, -0.5266304, -0.38070348, 0.13141914, -0.75263685, -0.23624702, -0.7735961, -0.45367384, -0.7256071, 0.9024612, -0.28740624, -0.8736783, -0.10849661, 0.41104257, 0.4747017, -0.24780342, 0.6446748, -0.07715736, -0.7033615, 0.952158, 0.7577988, -0.36246324, 0.61305594, 0.099666715, 0.8500133, -0.07075821, -0.4948314, 0.24063429, -0.9017044, -0.42392388, 0.7004691, 0.2933097, 0.2720164, -0.29833162, -0.6234533, 0.56856716, -0.18643366, -0.98959595, 0.38057643, -0.94640213, -0.7539096, 0.87278473, -0.4035435, 0.1544075, -0.48251215, -0.4573498, -0.7999242, -0.83417565, 0.6110272, -0.698004, 0.91454065, -0.7679259, 0.40835747, 0.06674128, 0.46109226, -0.35501346, 0.083830684, 0.7828932, -0.5139559, -0.53961605, 0.05543374, 0.42116264, 0.18567124, 0.39376774, 0.5093659, -0.32485303, -0.029957743, -0.65475637, 0.7142742, 0.16859835, 0.52395195, -0.341148, 0.20002696, -0.058173057, -0.009757911, -0.16652887, -0.4239096, -0.45441765, -0.08955889, 0.8156714, -0.6691068, 0.52843195, 0.67760175, -0.5551147, 0.37912986, -0.83500844, 0.5501396, 0.42856175, 0.9078846, -0.44531208, 0.060446948, -0.22659077, 0.041466665, 0.925132, 0.14184034, -0.5807623, 0.6143775, 0.63717896, -0.5833156, 0.9922715, 0.5700283, 0.29164025, -0.011273503, -0.36872822, -0.6941941, -0.41310954, -0.25638, 0.6942874, 0.72024226, 0.6842557, 0.96962047, 0.6855613, -0.36843055, 0.69129854, 0.25327963, 0.32740402, 0.8765172, -0.70949095, -0.9884962, 0.05155788, -0.3503515, 0.15220457, 0.80270374, 0.8769201, -0.0059768073, 0.69970185, -0.9361047, -0.72517854, -0.48202592, 0.36539057, 0.23322193, 0.6816742, -0.8034397, 0.86499155, 0.96048135, -0.66549534, -0.2443253, 0.75314105, 0.6312708, 0.13805279, -0.6632334, 0.103655696, -0.55145216, -0.5774416, 0.41227087, 0.75306934, -0.9773996, 0.39835414, -0.9864402, 0.70481133, -0.04050125, -0.7395439, -0.20301561, 0.3866843, -0.48770022, 0.28574547, 0.25041604, -0.36758363, 0.94086903, -0.37512448, -0.63729084, 0.5061954, -0.16780606, -0.89485675, 0.86081135, 0.81570286, 0.27625218, -0.79275286, -0.03362062, -0.97153527, 0.4016193, -0.7011575, 0.64131314, 0.29948437, -0.9247634, -0.006250677, -0.58248603, -0.3016842, 0.76654226, -0.2934871, 0.4938505, -0.6197739, 0.91394675, 0.33798972, 0.2083697, -0.9980697, -0.0037070508, 0.0026221888, 0.056954104, 0.7444508, 0.87556714, 0.017548652, 0.7535532, -0.840659, 0.8200026, -0.018171268, -0.19385095, 0.87714875, 0.77848226, 0.025367301, -0.35513026, -0.22786587, 0.4317935, 0.6679836, 0.8090845, 0.8220028, 0.1432533, -0.55202514, 0.1671809, 0.107801825, -0.80618054, 0.3756811, 0.64568913, 0.23738374, -0.046440475, -0.342143, -0.32086036, 0.322153, 0.6563445, 0.687096, -0.9679442, 0.86290073, 0.03949392, 0.1449134, -0.6346178, -0.19391406, -0.95403343, 0.24165311, -0.3517328, -0.9422332, -0.03888174, -0.5553365, -0.5668767, -0.17652775, -0.80883205, -0.12508479, 0.98656553, 0.13663757, 0.59077585, -0.47777194, 0.61163425, 0.107205, -0.059974667, 0.44231388, -0.046145312, 0.15520647, -0.1889415, -0.5747383, -0.6151361, 0.60936403, -0.3314656, -0.94393384, 0.8662334, 0.41386664, 0.39972413, -0.07947585, 0.9955175, 0.9979345, -0.13217245, -0.9260898, 0.14245807, -0.27696705, 0.8073756, 0.47442165, 0.28689688, 0.26963344, 0.8355806, -0.42877933, -0.82744116, -0.10598647, 0.11966273, -0.7944014, -0.5166034, -0.0008790162, 0.16932179, -0.8099797, -0.019185528, -0.4987365, 0.8649923, -0.44717994, -0.091763906, 0.5393207, -0.14820565, 0.84375936, -0.7768217, -0.2990238, 0.44463688, -0.69146395, -0.93680155, 0.24279357, 0.005912286, -0.1606993, -0.37152267, 0.4375227, -0.36368257, 0.7807383, 0.13724744, 0.45482042, 0.22503282, 0.92954874, 0.97074604, -0.8855413, 0.47718605, -0.3130812, -0.43011266, -0.77484727, 0.39539018, 0.37766707, -0.5715878, -0.37180153, 0.48092186, -0.91334367, -0.46089077, 0.8092577, -0.33089405, -0.038549114, 0.59513915, -0.18292521]","[7.0, 0.0, -18.0, -7.0, -2.0, -9.0, 6.0, -12.0, -20.0, -11.0, -2.0, 22.0, 5.0, 0.0, -12.0, -1.0, -4.0, 1.0, -10.0, 0.0, -26.0, 5.0, 0.0, 1.0, -7.0, -14.0, -6.0, -24.0, -5.0, -20.0, -14.0, 7.0, 0.0, 14.0, -2.0, -11.0, -8.0, -12.0, 3.0, 1.0, 3.0, 14.0, -8.0, -6.0, -16.0, 11.0, -6.0, -9.0, 1.0, -5.0, -5.0, -3.0, 6.0, 3.0, -17.0, -11.0, -9.0, 13.0, 5.0, 4.0, -11.0, 2.0, -18.0, 5.0, -5.0, -1.0, -3.0, -8.0, 1.0, -2.0, -21.0, 17.0, -10.0, -19.0, -22.0, -6.0, -4.0, -12.0, -2.0, -10.0, 16.0, -10.0, 7.0, -23.0, -10.0, -11.0, 2.0, 8.0, -8.0, -6.0, -1.0, -18.0, -4.0, -4.0, 4.0, -8.0, -15.0, -5.0, -7.0, -5.0, -13.0, 1.0, -6.0, -3.0, 7.0, -19.0, 13.0, -14.0, -10.0, -13.0, -11.0, 5.0, 2.0, 2.0, 4.0, -14.0, -7.0, 4.0, -7.0, -11.0, -14.0, 4.0, 4.0, -13.0, -22.0, -16.0, -13.0, -3.0, -6.0, -1.0, -1.0, 6.0, 1.0, -5.0, -2.0, 0.0, -13.0, -14.0, -9.0, -9.0, 14.0, -10.0, -3.0, -10.0, 2.0, -10.0, -7.0, -7.0, -10.0, 9.0, -10.0, -17.0, -15.0, 0.0, 9.0, -4.0, -18.0, -6.0, 4.0, -3.0, -7.0, -6.0, -8.0, 8.0, -8.0, 0.0, 13.0, -16.0, -9.0, 0.0, -6.0, -4.0, -5.0, -24.0, -30.0, -10.0, -32.0, -5.0, 10.0, -25.0, -21.0, -5.0, -16.0, -9.0, -10.0, -15.0, 6.0, -4.0, -21.0, 12.0, -9.0, -1.0, 4.0, -4.0, -10.0, -1.0, -1.0, -11.0, -10.0, -6.0, -17.0, -3.0, -5.0, 6.0, -7.0, 2.0, -6.0, -3.0, -7.0, 9.0, -15.0, 0.0, -5.0, 2.0, -11.0, -11.0, -3.0, -9.0, -7.0, -1.0, -9.0, 5.0, -1.0, 0.0, -7.0, -5.0, -28.0, 4.0, -13.0, -3.0, 20.0, -7.0, -20.0, 1.0, -11.0, 1.0, -3.0, -7.0, -16.0, -11.0, 6.0, 8.0, -2.0, 11.0, 9.0, 2.0, 2.0, -18.0, -17.0, -10.0, -10.0, -6.0, 11.0, -8.0, -7.0, 2.0, 6.0, -9.0, -7.0, -3.0, -6.0, -14.0, -21.0, -1.0, -5.0, -14.0, -10.0, -27.0, -13.0, 1.0, 5.0, 0.0, -6.0, 9.0, -5.0, -4.0, -16.0, 1.0, -8.0, 6.0, -2.0, -6.0, -10.0, -1.0, 8.0, -6.0, 7.0, -5.0, 7.0, -1.0, 4.0, 10.0, 3.0, -15.0, 3.0, 4.0, 7.0, -6.0, 4.0, 2.0, -10.0, 0.0, -14.0, 9.0, 1.0, -6.0, -14.0, -6.0, -4.0, -11.0, 11.0, -8.0, 0.0, 5.0, -9.0, 0.0, -9.0, -1.0, 10.0, -10.0, -19.0, -21.0, -7.0, 7.0, 1.0, -10.0, -7.0, -3.0, 1.0, 0.0, 2.0, 8.0, -19.0, -9.0, -7.0, -15.0, -12.0, -5.0, -4.0, -33.0, 5.0, 5.0, -5.0, -16.0, -16.0, -4.0, -10.0, 4.0, -19.0, 5.0, -15.0, -4.0, 1.0, -6.0, -19.0, -23.0, 5.0, 8.0, -20.0, -13.0, 4.0, 6.0, -11.0, -5.0, -3.0, -7.0, -12.0, -3.0, 2.0, -17.0, -17.0, -10.0, -2.0, -17.0, -5.0, -16.0, 24.0, 14.0, -6.0, -18.0, -3.0, -2.0, 0.0, -1.0, 0.0, -16.0, -10.0, 1.0, -10.0, -25.0, -6.0, 2.0, -6.0, -13.0, 2.0, 29.0, 2.0, -4.0, -6.0, -5.0, -6.0, 7.0, -7.0, -6.0, 0.0, -4.0, -23.0, -33.0, 9.0, -10.0, -6.0, 2.0, -4.0, 5.0, -2.0, -6.0, -13.0, -11.0, -20.0, -1.0, 7.0, -14.0, -3.0, 20.0, 4.0, -19.0, 3.0, -20.0, -7.0, -10.0, -9.0, 8.0, 10.0, 4.0, -6.0, -6.0, 9.0, -7.0, 10.0, 7.0, -6.0, -5.0, -8.0, 4.0, -2.0, -35.0, 11.0, -15.0, -5.0, -4.0, -5.0, -2.0, -2.0, -21.0, -9.0, -5.0, -2.0, -11.0, -5.0, 2.0, 4.0, -16.0, -7.0, -16.0, -4.0, -12.0, 18.0, 2.0, -13.0, -10.0, -14.0, -1.0, -23.0, -15.0, -4.0, -5.0, -18.0, -4.0, 6.0, -12.0, -9.0, -4.0, -6.0, -20.0, 13.0, 3.0, -13.0, -6.0, 0.0, 3.0, 14.0, -6.0, -10.0, 2.0, -4.0, -7.0, -18.0, 9.0, -6.0, -27.0]",-54.9285266055146,0.0,0.0,0,0.003091096878051758
7,"[-0.94991255, 0.21244188, 0.8305402, 0.24482784, -0.2129256, 0.6500906, -0.6869492, 0.37130225, 0.6198608, -0.34906927, -0.14699233, 0.18071757, -0.97691923, 0.7716437, -0.7055636, 0.3260392, -0.53014493, -0.14351751, 0.5288229, -0.23729771, -0.7024215, 0.54900354, 0.9102949, 0.76892895, 0.046321023, -0.9175927, 0.7810094, 0.4078561, 0.6093853, -0.31863, 0.48589167, -0.8770251, -0.70523864, 0.5965224, 0.67352813, -0.61794406, -0.56031644, -0.40145817, -0.00359893, 0.49802753, 0.76897013, 0.34489092, -0.06466097, -0.2474932, 0.860768, -0.73637, 0.83995754, 0.934866, -0.31999084, 0.19957761, 0.23875488, 0.7255592, -0.50539047, -0.21114793, -0.9265005, -0.5078422, 0.13962726, -0.61466527, 0.79565096, 0.40246558, -0.9506491, -0.84006226, 0.17209962, 0.706108, -0.30872536, -0.063487954, 0.7750907, 0.6333255, 0.4086992, -0.8543689, 0.78738874, -0.78594005, -0.50653446, 0.5600665, 0.22880715, 0.19188946, 0.19310507, -0.85633075, -0.6887679, 0.05315484, -0.47373545, 0.056407854, -0.16724513, 0.6706734, 0.115030415, 0.14551891, 0.001106909, -0.8034322, 0.19785702, 0.7887226, -0.18520755, 0.45748073, -0.1500733, -0.4427188, -0.3965617, -0.48193717, -0.34277672, -0.19199695, 0.45382455, -0.67091304, 0.09649988, 0.07135441, 0.41748574, 0.7360887, -0.805992, -0.53850067, -0.34122643, 0.16495936, -0.0028747118, 0.56984544, -0.111228354, -0.15903845, 0.6157451, -0.8157989, 0.9458488, 0.7044718, -0.5653641, 0.14054061, 0.24889223, 0.068844594, 0.9116264, -0.99141216, -0.104209006, 0.5459396, -0.69268304, -0.9568269, -0.2295605, -0.47475, 0.7835726, -0.41578522, 0.075740255, 0.8944955, 0.22791451, 0.9500862, -0.6231474, -0.6369497, -0.97822285, 0.02782355, -0.70041096, 0.7708231, -0.25040206, -0.42055905, -0.5169827, -0.097712435, 0.42894068, 0.18683782, -0.67729163, -0.1782533, -0.84728515, -0.7471259, 0.85899264, -0.22370547, -0.39678597, -0.7495246, 0.938496, -0.48841003, 0.31576696, 0.5275457, 0.97617626, 0.4376993, -0.21672225, 0.9369519, 0.75242084, -0.9504917, 0.46281907, 0.4835786, 0.16371715, 0.6721985, 0.8049837, 0.77327985, -0.22625439, 0.31049907, 0.500288, -0.06310185, -0.33068088, 0.08785185, 0.8818496, -0.3261805, -0.570696, 0.79701424, -0.13464619, -0.73004663, -0.2798057, -0.5108853, -0.56329036, 0.9026473, 0.22942783, -0.5618971, 0.7299859, -0.44755292, -0.90573263, -0.94535136, 0.4233122, -0.3171381, -0.17649329, -0.28687254, -0.61471117, 0.87171435, -0.53724355, 0.002666459, 0.74435824, -0.4982848, -0.40187335, 0.6466509, 0.60846, -0.34242725, -0.621523, -0.5160943, 0.20158738, -0.4154075, 0.34862584, 0.34591714, 0.05197695, -0.37735695, 0.65034896, -0.030010754, 0.23743923, -0.40171883, 0.7532227, 0.01086644, -0.6303518, 0.7789086, -0.489147, 0.7749401, 0.30907327, -0.16011229, -0.9493536, 0.21905604, -0.33720595, -0.75330335, -0.7078705, 0.36129192, -0.69649947, -0.39645615, -0.9598723, 0.07052352, -0.12823415, 0.8994743, 0.16356833, -0.95470953, 0.48748118, 0.7463306, 0.8202804, -0.18174745, -0.5038925, -0.9285976, -0.44572514, 0.21726869, 0.3806459, 0.5209143, -0.71641165, -0.19935542, -0.105336964, -0.82609147, -0.3890877, 0.19583617, 0.3213858, 0.6279002, 0.023337284, -0.7277424, 0.09623346, 0.5747487, 0.65604913, 0.9501398, 0.40395403, 0.1228858, 0.39731836, 0.6326097, 0.7024882, 0.1849641, -0.859828, 0.6383685, 0.45715308, 0.66710746, -0.9756707, -0.35590437, 0.9053447, 0.755417, 0.4615814, 0.9938684, -0.9467067, -0.84373444, 0.52729595, -0.5791332, 0.98330086, 0.3033341, 0.9091078, 0.76531726, 0.2814758, -0.8536364, -0.8807813, -0.3656377, 0.92405915, -0.7105213, -0.6069698, 0.3425704, -0.5975334, -0.87274694, 0.45303518, -0.3175043, 0.49544272, 0.41080186, 0.8990525, 0.2815772, 0.51757485, -0.3941765, 0.3137821, 0.27628532, 0.90967786, 0.4082131, -0.52813774, -0.89392436, -0.19727959, -0.45735335, -0.414156, 0.2589964, -0.47492164, -0.8064866, -0.04822388, -0.11097108, 0.47177088, -0.22202338, 0.1427882, 0.6476432, -0.71327627, -0.11084431, -0.876884, 0.21910518, -0.7872303, 0.0072549684, -0.14869314, 0.24125004, -0.16630872, 0.014946232, 0.03385906, -0.026399516, -0.5075266, -0.61866224, -0.7925514, -0.0073152706, -0.24560605, 0.25150236, -0.6930755, -0.012172209, -0.86201185, 0.19549935, 0.15600619, -0.13821414, -0.23536678, -0.4853119, 0.019943379, 0.42514482, 0.9240421, -0.36064997, -0.76667124, -0.8033809, 0.657169, -0.27937895, -0.77240133, -0.8920154, 0.910315, -0.69158614, 0.5472119, 0.34072018, -0.7122582, 0.032077424, 0.11044143, -0.34283954, -0.5812224, -0.9114457, -0.8055311, -0.50774187, -0.66245365, 0.8190722, 0.59005255, 0.6559052, 0.51469254, 0.5366567, 0.931189, 0.07042634, -0.51601213, -0.61979675, 0.26585588, 0.066307284, -0.32227388, 0.72678465, -0.7719302, -0.83458906, 0.29351905, 0.7632347, 0.62647885, -0.09557334, 0.72383314, -0.11756507, -0.79765356, 0.10576376, 0.94308937, 0.69307053, -0.48152912, -0.10167155, 0.23438121, -0.7138373, -0.22831368, 0.96378136, 0.32158214, -0.4272063, -0.9924963, 0.8786697, 0.91950667, -0.7427311, 0.99791443, -0.55414456, -0.07800106, 0.28288615, -0.9327923, 0.40987474, 0.1758559, -0.71352667, -0.48339343, 0.24706349, -0.14606339, -0.6548714, -0.9440628, -0.47594982, -0.09157597, -0.1660235, -0.68461114, 0.6990367, 0.9208918, 0.43525368, 0.19240451, -0.30435425, 0.15046905, -0.97377735, -0.6143654, 0.45580286, -0.10151023, 0.60444415, -0.9794647, 0.39635175, -0.52729046, 0.43942988, -0.82449794, -0.24459368, -0.46439472, 0.10596056, 0.94681275, -0.44313595, -0.1870318, -0.7804199, 0.87951076, -0.38202682, -0.84528095, 0.1942984, -0.8661452, -0.6091841, 0.25847432, -0.770052, -0.08729351, -0.48934484, 0.78532505, 0.5862923, 0.6441596, -0.80157053, -0.30234024, -0.53853947, -0.4814313, 0.814102, -0.4050166, 0.5737303, 0.99053675, 0.20395796, -0.34880427, 0.17967808, 0.043276843, 0.4942623, 0.34118763, 0.3825578, -0.3268967, 0.14926618, 0.7941398, -0.27713382, -0.039509762, 0.40022925, 0.48254058, 0.83540237, -0.27411154, -0.6797877, -0.102336526, 0.06768785, -0.5375785, 0.46187782, 0.46093976, 0.9406268, 0.5501736, -0.7904446, 0.29044455, -0.72802705, -0.30637243, -0.6010767]","[7.0, 0.0, -18.0, -7.0, -2.0, -9.0, 6.0, -12.0, -20.0, -11.0, -2.0, 22.0, 5.0, 0.0, -12.0, -1.0, -4.0, 1.0, -10.0, 0.0, -26.0, 5.0, 0.0, 1.0, -7.0, -14.0, -6.0, -24.0, -5.0, -20.0, -14.0, 7.0, 0.0, 14.0, -2.0, -11.0, -8.0, -12.0, 3.0, 1.0, 3.0, 14.0, -8.0, -6.0, -16.0, 11.0, -6.0, -9.0, 1.0, -5.0, -5.0, -3.0, 6.0, 3.0, -17.0, -11.0, -9.0, 13.0, 5.0, 4.0, -11.0, 2.0, -18.0, 5.0, -5.0, -1.0, -3.0, -8.0, 1.0, -2.0, -21.0, 17.0, -10.0, -19.0, -22.0, -6.0, -4.0, -12.0, -2.0, -10.0, 16.0, -10.0, 7.0, -23.0, -10.0, -11.0, 2.0, 8.0, -8.0, -6.0, -1.0, -18.0, -4.0, -4.0, 4.0, -8.0, -15.0, -5.0, -7.0, -5.0, -13.0, 1.0, -6.0, -3.0, 7.0, -19.0, 13.0, -14.0, -10.0, -13.0, -11.0, 5.0, 2.0, 2.0, 4.0, -14.0, -7.0, 4.0, -7.0, -11.0, -14.0, 4.0, 4.0, -13.0, -22.0, -16.0, -13.0, -3.0, -6.0, -1.0, -1.0, 6.0, 1.0, -5.0, -2.0, 0.0, -13.0, -14.0, -9.0, -9.0, 14.0, -10.0, -3.0, -10.0, 2.0, -10.0, -7.0, -7.0, -10.0, 9.0, -10.0, -17.0, -15.0, 0.0, 9.0, -4.0, -18.0, -6.0, 4.0, -3.0, -7.0, -6.0, -8.0, 8.0, -8.0, 0.0, 13.0, -16.0, -9.0, 0.0, -6.0, -4.0, -5.0, -24.0, -30.0, -10.0, -32.0, -5.0, 10.0, -25.0, -21.0, -5.0, -16.0, -9.0, -10.0, -15.0, 6.0, -4.0, -21.0, 12.0, -9.0, -1.0, 4.0, -4.0, -10.0, -1.0, -1.0, -11.0, -10.0, -6.0, -17.0, -3.0, -5.0, 6.0, -7.0, 2.0, -6.0, -3.0, -7.0, 9.0, -15.0, 0.0, -5.0, 2.0, -11.0, -11.0, -3.0, -9.0, -7.0, -1.0, -9.0, 5.0, -1.0, 0.0, -7.0, -5.0, -28.0, 4.0, -13.0, -3.0, 20.0, -7.0, -20.0, 1.0, -11.0, 1.0, -3.0, -7.0, -16.0, -11.0, 6.0, 8.0, -2.0, 11.0, 9.0, 2.0, 2.0, -18.0, -17.0, -10.0, -10.0, -6.0, 11.0, -8.0, -7.0, 2.0, 6.0, -9.0, -7.0, -3.0, -6.0, -14.0, -21.0, -1.0, -5.0, -14.0, -10.0, -27.0, -13.0, 1.0, 5.0, 0.0, -6.0, 9.0, -5.0, -4.0, -16.0, 1.0, -8.0, 6.0, -2.0, -6.0, -10.0, -1.0, 8.0, -6.0, 7.0, -5.0, 7.0, -1.0, 4.0, 10.0, 3.0, -15.0, 3.0, 4.0, 7.0, -6.0, 4.0, 2.0, -10.0, 0.0, -14.0, 9.0, 1.0, -6.0, -14.0, -6.0, -4.0, -11.0, 11.0, -8.0, 0.0, 5.0, -9.0, 0.0, -9.0, -1.0, 10.0, -10.0, -19.0, -21.0, -7.0, 7.0, 1.0, -10.0, -7.0, -3.0, 1.0, 0.0, 2.0, 8.0, -19.0, -9.0, -7.0, -15.0, -12.0, -5.0, -4.0, -33.0, 5.0, 5.0, -5.0, -16.0, -16.0, -4.0, -10.0, 4.0, -19.0, 5.0, -15.0, -4.0, 1.0, -6.0, -19.0, -23.0, 5.0, 8.0, -20.0, -13.0, 4.0, 6.0, -11.0, -5.0, -3.0, -7.0, -12.0, -3.0, 2.0, -17.0, -17.0, -10.0, -2.0, -17.0, -5.0, -16.0, 24.0, 14.0, -6.0, -18.0, -3.0, -2.0, 0.0, -1.0, 0.0, -16.0, -10.0, 1.0, -10.0, -25.0, -6.0, 2.0, -6.0, -13.0, 2.0, 29.0, 2.0, -4.0, -6.0, -5.0, -6.0, 7.0, -7.0, -6.0, 0.0, -4.0, -23.0, -33.0, 9.0, -10.0, -6.0, 2.0, -4.0, 5.0, -2.0, -6.0, -13.0, -11.0, -20.0, -1.0, 7.0, -14.0, -3.0, 20.0, 4.0, -19.0, 3.0, -20.0, -7.0, -10.0, -9.0, 8.0, 10.0, 4.0, -6.0, -6.0, 9.0, -7.0, 10.0, 7.0, -6.0, -5.0, -8.0, 4.0, -2.0, -35.0, 11.0, -15.0, -5.0, -4.0, -5.0, -2.0, -2.0, -21.0, -9.0, -5.0, -2.0, -11.0, -5.0, 2.0, 4.0, -16.0, -7.0, -16.0, -4.0, -12.0, 18.0, 2.0, -13.0, -10.0, -14.0, -1.0, -23.0, -15.0, -4.0, -5.0, -18.0, -4.0, 6.0, -12.0, -9.0, -4.0, -6.0, -20.0, 13.0, 3.0, -13.0, -6.0, 0.0, 3.0, 14.0, -6.0, -10.0, 2.0, -4.0, -7.0, -18.0, 9.0, -6.0, -27.0]",-54.9285266055146,0.0,0.0,0,0.0031104087829589844
8,"[-0.8691548, 0.011844729, -0.09838677, 0.6940305, 0.950274, 0.06272579, -0.37292242, -0.8432822, -0.2636502, 0.82059705, 0.114328936, 0.07379035, -0.10510532, -0.2422651, 0.17769288, -0.38197148, -0.22354434, -0.29345384, 0.3976794, -0.88924605, -0.8117031, -0.4070068, 0.41991094, 0.5908762, -0.36682788, -0.11198824, 0.7724718, 0.79386127, -0.50858, 0.89150685, -0.8487433, 0.8355836, -0.91580534, -0.43236753, -0.5581194, 0.8482038, 0.053241532, -0.2448648, 0.073196426, -0.95828456, 0.49508026, -0.15478672, -0.44191384, 0.30837598, -0.8263841, 0.9448429, -0.10841049, 0.57856154, -0.36326602, 0.23641773, -0.039965604, -0.05943566, -0.18734388, -0.4506468, 0.41994724, -0.60914123, 0.8113901, -0.92134863, -0.5596841, -0.6568916, 0.1925678, -0.68006015, 0.3118258, -0.7972738, -0.8852651, 0.99537826, -0.41036788, -0.52427465, -0.76512307, 0.14820895, -0.44009486, -0.5990294, -0.19288261, -0.4085841, 0.6319974, -0.07969488, -0.38757756, -0.43465197, 0.9278907, 0.18637739, -0.24916962, 0.8600138, -0.038047396, 0.078491755, 0.59700716, 0.83861244, 0.5620414, 0.23698944, 0.67650676, -0.9119419, 0.2324952, 0.69011694, 0.122419305, 0.56812125, -0.1419156, -0.29574946, 0.025560828, 0.23940209, -0.95608467, 0.9643555, 0.9956663, -0.80412126, -0.037155345, 0.23262987, -0.82778716, 0.08477607, 0.9205694, -0.99189204, 0.70008934, -0.3500627, -0.28492025, 0.42740923, -0.11986477, -0.98079807, 0.6008476, -0.60925144, -0.034067724, 0.7767169, -0.17411314, -0.29957864, -0.8665612, 0.52505165, -0.75608563, 0.033852655, 0.5986166, 0.6050609, -0.9686036, 0.74957937, -0.25098234, 0.30686784, -0.46246913, -0.33445945, -0.46657512, -0.7463675, -0.50759315, -0.9117148, -0.4378622, -0.68414086, 0.7907318, 0.15160179, 0.28025395, 0.6681998, 0.13664915, 0.06754844, -0.007865826, -0.886174, -0.35746074, 0.77667767, -0.37335268, 0.048933055, 0.5558592, -0.2587619, 0.699609, 0.18449172, 0.16687568, 0.861111, -0.3916314, 0.060174394, 0.6162837, 0.55723125, 0.06851748, -0.8302937, -0.9695095, -0.40454254, -0.57900965, 0.3893752, -0.06614142, 0.87863404, 0.4149032, 0.22831425, -0.93031317, -0.39808655, -0.40139383, 0.7384463, 0.40304545, 0.3119212, -0.2881407, -0.017715828, 0.6501678, 0.6721741, -0.08369134, 0.80644614, 0.12676483, -0.17117213, 0.829943, 0.048994806, 0.4004487, -0.6037427, 0.4404921, -0.1443661, -0.5428132, -0.3659642, -0.86204296, -0.85216403, 0.3340245, 0.6121561, 0.5825066, 0.28600708, -0.0745183, -0.043252345, -0.7001652, -0.8682299, 0.39760026, 0.5658669, 0.17465137, -0.98529744, 0.34978846, -0.05069493, 0.26180756, -0.5586691, 0.7146805, 0.97448176, -0.12269345, -0.21201314, -0.24610694, -0.011569284, 0.70073, -0.39773953, 0.23473305, -0.37864813, 0.34219778, 0.5610876, -0.2993636, 0.86372435, -0.010207014, -0.28095412, -0.6362132, -0.70814306, -0.19319476, 0.91219175, -0.9182592, 0.7134459, 0.8276981, 0.6824543, -0.617523, 0.7413578, -0.45785263, -0.2726916, -0.38513458, -0.3143774, -0.5803257, -0.706513, 0.22199039, -0.35986614, -0.008215828, 0.09766485, 0.5604484, -0.4834289, 0.79326296, -0.39979756, -0.50921583, -0.5472735, -0.52187294, 0.1499658, -0.36351916, 0.5215493, 0.9680875, -0.1675999, -0.30727786, 0.93592286, -0.38674673, 0.58294415, 0.78814006, 0.68295115, -0.61167866, -0.28781357, 0.26970494, -0.7678606, -0.13583499, 0.4013709, -0.88473064, -0.6330903, 0.52314323, -0.70056736, -0.83036375, -0.45497832, -0.22189577, -0.3912406, -0.49855536, -0.81257534, -0.51228434, -0.49747613, 0.6521881, 0.37413958, 0.41387075, -0.37062407, 0.20260248, -0.7166371, -0.8029307, 0.8089588, 0.09033247, -0.5385529, -0.88633317, -0.5506623, -0.33900148, -0.17017172, 0.9222666, -0.2193982, -0.9643392, -0.60057986, -0.18628062, 0.33133692, 0.5420413, 0.20927368, -0.93204194, 0.26901093, -0.31328595, -0.84451383, 0.35270402, 0.28385335, -0.7336289, 0.1697107, 0.43718323, -0.66025275, 0.7505445, -0.20205441, -0.1375143, -0.7749652, 0.34425518, -0.34653375, 0.47559217, -0.74150896, -0.7336554, -0.52864665, -0.32729504, -0.91823417, 0.94907284, 0.040846907, 0.9011994, -0.19547728, 0.8305586, -0.4984237, 0.7654037, -0.41875827, -0.5572925, 0.29482576, -0.79874885, -0.55124855, -0.29246742, -0.5401296, -0.76672435, 0.90991914, 0.8431528, -0.9392528, 0.0035779176, 0.8767631, 0.92742836, 0.77033293, 0.76950026, -0.2882231, -0.010846215, -0.5509459, 0.862049, -0.16636322, 0.09829593, -0.79183227, -0.79622513, -0.18811983, 0.885532, -0.38628718, 0.568161, -0.55546683, 0.21868455, -0.33439934, -0.009132834, 0.118850425, -0.56103396, 0.6519071, 0.17340444, -0.26148435, -0.31094176, -0.5640768, -0.386316, 0.9771212, 0.9973977, 0.3949822, -0.3553526, 0.20802337, 0.2866019, -0.03516487, 0.8904456, -0.047127366, 0.2422055, 0.13187438, 0.21582805, -0.5078586, -0.44078517, -0.5549841, 0.49031064, -0.0836747, 0.75587773, -0.3332675, 0.18129471, -0.49369207, 0.48353362, 0.2554603, 0.098367624, 0.7325603, -0.15308236, 0.14368838, -0.4071844, -0.7420687, 0.28269792, -0.21512616, -0.31630543, 0.29711837, -0.0035747387, 0.9947889, 0.49455848, 0.58257097, -0.0110666985, 0.87689114, 0.02558728, -0.3318449, 0.56760925, 0.5701032, 0.46195224, -0.16466554, 0.6580536, -0.38901198, 0.33383986, 0.41265088, 0.8526399, -0.6701472, 0.9512957, 0.4849526, -0.111264154, -0.06348085, -0.877398, -0.37890294, -0.55540705, -0.7470051, -0.83185506, 0.6441469, 0.8890779, -0.10063883, -0.4403542, -0.8696941, 0.72899127, 0.43687767, 0.262095, 0.8351415, 0.029904822, 0.23341775, 0.470456, 0.55688363, 0.24417163, 0.50381833, -0.5919328, 0.51537377, 0.36321512, 0.3110812, -0.47552565, 0.14868109, 0.14283194, 0.025005233, 0.64232695, 0.8133342, -0.7175259, 0.83784616, 0.90084666, 0.8118428, -0.8126743, -0.80686164, 0.3684218, -0.9902616, -0.6547041, 0.7991998, 0.3187062, 0.35761485, 0.8575311, -0.52155393, 0.90376514, 0.5710483, -0.99021685, 0.2715232, 0.04341204, 0.76547515, 0.6591527, 0.16393568, 0.2016703, 0.28856903, -0.37710488, -0.8984104, -0.5612386, -0.3165712, 0.42023826, -0.43489224, -0.02794279, -0.36967665, 0.3118335, -0.04233528, 0.83129907, 0.34823966, 0.41987073, 0.29231495, 0.76042813, -0.920676, 0.9892808, -0.02738352]","[7.0, 0.0, -18.0, -7.0, -2.0, -9.0, 6.0, -12.0, -20.0, -11.0, -2.0, 22.0, 5.0, 0.0, -12.0, -1.0, -4.0, 1.0, -10.0, 0.0, -26.0, 5.0, 0.0, 1.0, -7.0, -14.0, -6.0, -24.0, -5.0, -20.0, -14.0, 7.0, 0.0, 14.0, -2.0, -11.0, -8.0, -12.0, 3.0, 1.0, 3.0, 14.0, -8.0, -6.0, -16.0, 11.0, -6.0, -9.0, 1.0, -5.0, -5.0, -3.0, 6.0, 3.0, -17.0, -11.0, -9.0, 13.0, 5.0, 4.0, -11.0, 2.0, -18.0, 5.0, -5.0, -1.0, -3.0, -8.0, 1.0, -2.0, -21.0, 17.0, -10.0, -19.0, -22.0, -6.0, -4.0, -12.0, -2.0, -10.0, 16.0, -10.0, 7.0, -23.0, -10.0, -11.0, 2.0, 8.0, -8.0, -6.0, -1.0, -18.0, -4.0, -4.0, 4.0, -8.0, -15.0, -5.0, -7.0, -5.0, -13.0, 1.0, -6.0, -3.0, 7.0, -19.0, 13.0, -14.0, -10.0, -13.0, -11.0, 5.0, 2.0, 2.0, 4.0, -14.0, -7.0, 4.0, -7.0, -11.0, -14.0, 4.0, 4.0, -13.0, -22.0, -16.0, -13.0, -3.0, -6.0, -1.0, -1.0, 6.0, 1.0, -5.0, -2.0, 0.0, -13.0, -14.0, -9.0, -9.0, 14.0, -10.0, -3.0, -10.0, 2.0, -10.0, -7.0, -7.0, -10.0, 9.0, -10.0, -17.0, -15.0, 0.0, 9.0, -4.0, -18.0, -6.0, 4.0, -3.0, -7.0, -6.0, -8.0, 8.0, -8.0, 0.0, 13.0, -16.0, -9.0, 0.0, -6.0, -4.0, -5.0, -24.0, -30.0, -10.0, -32.0, -5.0, 10.0, -25.0, -21.0, -5.0, -16.0, -9.0, -10.0, -15.0, 6.0, -4.0, -21.0, 12.0, -9.0, -1.0, 4.0, -4.0, -10.0, -1.0, -1.0, -11.0, -10.0, -6.0, -17.0, -3.0, -5.0, 6.0, -7.0, 2.0, -6.0, -3.0, -7.0, 9.0, -15.0, 0.0, -5.0, 2.0, -11.0, -11.0, -3.0, -9.0, -7.0, -1.0, -9.0, 5.0, -1.0, 0.0, -7.0, -5.0, -28.0, 4.0, -13.0, -3.0, 20.0, -7.0, -20.0, 1.0, -11.0, 1.0, -3.0, -7.0, -16.0, -11.0, 6.0, 8.0, -2.0, 11.0, 9.0, 2.0, 2.0, -18.0, -17.0, -10.0, -10.0, -6.0, 11.0, -8.0, -7.0, 2.0, 6.0, -9.0, -7.0, -3.0, -6.0, -14.0, -21.0, -1.0, -5.0, -14.0, -10.0, -27.0, -13.0, 1.0, 5.0, 0.0, -6.0, 9.0, -5.0, -4.0, -16.0, 1.0, -8.0, 6.0, -2.0, -6.0, -10.0, -1.0, 8.0, -6.0, 7.0, -5.0, 7.0, -1.0, 4.0, 10.0, 3.0, -15.0, 3.0, 4.0, 7.0, -6.0, 4.0, 2.0, -10.0, 0.0, -14.0, 9.0, 1.0, -6.0, -14.0, -6.0, -4.0, -11.0, 11.0, -8.0, 0.0, 5.0, -9.0, 0.0, -9.0, -1.0, 10.0, -10.0, -19.0, -21.0, -7.0, 7.0, 1.0, -10.0, -7.0, -3.0, 1.0, 0.0, 2.0, 8.0, -19.0, -9.0, -7.0, -15.0, -12.0, -5.0, -4.0, -33.0, 5.0, 5.0, -5.0, -16.0, -16.0, -4.0, -10.0, 4.0, -19.0, 5.0, -15.0, -4.0, 1.0, -6.0, -19.0, -23.0, 5.0, 8.0, -20.0, -13.0, 4.0, 6.0, -11.0, -5.0, -3.0, -7.0, -12.0, -3.0, 2.0, -17.0, -17.0, -10.0, -2.0, -17.0, -5.0, -16.0, 24.0, 14.0, -6.0, -18.0, -3.0, -2.0, 0.0, -1.0, 0.0, -16.0, -10.0, 1.0, -10.0, -25.0, -6.0, 2.0, -6.0, -13.0, 2.0, 29.0, 2.0, -4.0, -6.0, -5.0, -6.0, 7.0, -7.0, -6.0, 0.0, -4.0, -23.0, -33.0, 9.0, -10.0, -6.0, 2.0, -4.0, 5.0, -2.0, -6.0, -13.0, -11.0, -20.0, -1.0, 7.0, -14.0, -3.0, 20.0, 4.0, -19.0, 3.0, -20.0, -7.0, -10.0, -9.0, 8.0, 10.0, 4.0, -6.0, -6.0, 9.0, -7.0, 10.0, 7.0, -6.0, -5.0, -8.0, 4.0, -2.0, -35.0, 11.0, -15.0, -5.0, -4.0, -5.0, -2.0, -2.0, -21.0, -9.0, -5.0, -2.0, -11.0, -5.0, 2.0, 4.0, -16.0, -7.0, -16.0, -4.0, -12.0, 18.0, 2.0, -13.0, -10.0, -14.0, -1.0, -23.0, -15.0, -4.0, -5.0, -18.0, -4.0, 6.0, -12.0, -9.0, -4.0, -6.0, -20.0, 13.0, 3.0, -13.0, -6.0, 0.0, 3.0, 14.0, -6.0, -10.0, 2.0, -4.0, -7.0, -18.0, 9.0, -6.0, -27.0]",-54.9285266055146,0.0,0.0,0,0.0031299591064453125
9,"[0.18027371, -0.010207144, -0.5720318, 0.9753451, -0.7982047, 0.60327685, 0.73952264, 0.17770684, 0.017916495, -0.017570317, 0.6819842, 0.92345595, 0.947431, -0.9616502, 0.93023795, 0.6288095, -0.6756139, -0.43505058, 0.5972161, -0.66559875, -0.27993217, -0.4210169, -0.6421883, 0.1825469, -0.25869593, -0.93526584, -0.15713298, 0.7597776, 0.35579553, -0.7734336, 0.19332571, -0.9862601, -0.97139645, -0.7664731, 0.5779647, -0.5457638, -0.11448723, -0.76683736, 0.53573036, 0.79775566, 0.75590074, -0.5299372, -0.51852614, 0.9607783, 0.48420504, -0.9392576, 0.0044812886, 0.2635617, -0.609443, -0.45345554, 0.9419767, 0.6646062, -0.97665715, 0.15348247, -0.18252143, 0.10106709, 0.5659533, -0.8587393, 0.47247708, 0.528764, 0.24022481, -0.3288498, -0.073823616, -0.08415, -0.6536328, -0.29006907, 0.34373453, -0.75252116, 0.3477165, 0.74551165, 0.20664391, 0.16082467, 0.41435304, -0.22326434, 0.89810294, 0.27052453, 0.9064462, 0.32982937, -0.40633485, -0.8611316, -0.74977815, -0.8096956, -0.7254208, -0.22054482, 0.7180674, -0.45938382, 0.27352118, 0.39987588, 0.41766348, 0.9794689, -0.62390023, -0.020330364, -0.55182344, 0.5967646, -0.6898844, -0.34600893, 0.8006728, -0.20856754, -0.42488238, -0.23384407, -0.13976774, -0.44742167, -0.06433639, -0.6248436, 0.9759266, 0.03330431, 0.7455225, -0.37402302, 0.709501, -0.3284118, -0.65216494, 0.07610543, 0.86994064, -0.05038212, 0.5348128, 0.032553468, 0.77026206, -0.44710925, 0.78049475, -0.5525372, 0.3940842, -0.12559754, 0.46755326, 0.830824, -0.96871984, -0.4924276, 0.5843207, -0.3105475, -0.48142782, -0.657765, 0.39595, -0.25096804, 0.83002573, 0.5577335, 0.011042924, -0.60268545, -0.89353323, -0.52312595, 0.8739293, 0.9047192, 0.9486995, -0.40504494, 0.21055889, 0.58058935, -0.6026319, -0.31653985, 0.16240866, -0.9660899, 0.14601922, -0.88734084, -0.31479406, 0.6087864, -0.0671902, 0.9702204, 0.51545244, 0.22330661, -0.50614923, -0.8265909, 0.86807257, -0.9404142, 0.3613289, -0.2258884, 0.9153644, -0.18780054, 0.070016235, 0.43457276, 0.07275463, 0.45809126, -0.98658204, 0.5163233, 0.4445227, 0.29651898, -0.78871083, -0.55603933, 0.58299035, 0.39712104, -0.93925583, -0.6397328, -0.7778682, -0.37177816, -0.9118806, -0.041671455, -0.5541508, -0.7931932, 0.017287152, -0.6798945, 0.3397253, -0.38043824, 0.007992977, 0.35307208, 0.3889919, -0.8875286, 0.11265206, 0.10626331, 0.817233, -0.16556802, -0.047778398, -0.24524589, -0.7941304, 0.84354776, -0.25612816, 0.536774, 0.4672684, 0.58660835, -0.29090095, 0.4653112, -0.02965682, -0.14361669, -0.15198243, -0.42052382, -0.57114977, -0.7839465, 0.92073405, -0.53315806, 0.22459397, 0.73635924, 0.41725492, -0.2162173, 0.61382616, -0.83151054, 0.8080806, 0.92603135, 0.67773956, -0.75639826, 0.07742797, -0.22104755, 0.27689883, -0.15525861, 0.49590832, -0.36362898, 0.80637753, 0.36284888, -0.75530404, 0.5769944, -0.19840556, -0.4862625, -0.5297336, -0.9383534, -0.38304105, -0.12506439, 0.2908301, 0.08848582, 0.13329992, -0.79515326, -0.7085341, 0.24825208, 0.31330636, 0.48416197, 0.91897947, -0.9098443, -0.12670852, 0.46012402, 0.7886509, 0.3001589, 0.5476664, -0.14424396, 0.89940876, 0.099717855, -0.285664, -0.76923186, 0.6267282, 0.03708075, -0.81809604, 0.49374786, -0.9021178, -0.35464367, -0.4555434, 0.9800961, 0.08492739, -0.17377478, -0.23911947, 0.28815463, -0.88912797, 0.50257623, -0.33462209, -0.7705247, 0.8754643, 0.33763647, 0.108574025, -0.07746281, 0.6820165, 0.39097717, 0.802262, -0.9487334, 0.9890728, -0.66719645, -0.24535054, 0.08451983, 0.8191626, 0.023205716, -0.45105788, -0.6439169, 0.5857762, 0.034077927, 0.83156997, -0.53246295, -0.89972746, -0.8084894, 0.9566159, -0.34645674, -0.08891929, -0.29457048, 0.473825, 0.9608707, 0.8452081, -0.40607592, 0.95548105, -0.12609829, -0.10565694, 0.07154083, -0.5088868, -0.22661848, 0.6561609, 0.7946585, 0.9814914, 0.8820031, -0.67279756, -0.19733314, -0.49153006, 0.29575008, 0.8435148, -0.70451313, -0.19430596, -0.7829851, 0.102992706, 0.4138565, 0.77897745, 0.03836922, -0.2909556, 0.56486, 0.9334705, 0.22464488, 0.97645426, 0.6156466, 0.98305064, 0.70045805, 0.2863453, -0.35552287, -0.1266101, 0.37543923, -0.9564709, -0.28733388, 0.95464236, -0.64660877, 0.7687622, 0.65777576, 0.7559675, -0.94506747, 0.1193602, 0.41044477, 0.5999933, 0.027619382, 0.50282687, 0.9864763, 0.82595235, 0.9379589, 0.14357325, 0.39912656, 0.13295968, 0.5448674, 0.2256467, -0.27835968, -0.67563665, 0.04255983, -0.7241866, 0.9309964, -0.1663862, -0.5827173, 0.85306346, -0.40875542, 0.73704076, 0.1558882, 0.35837287, 0.28859133, -0.72835994, 0.0093299495, -0.41950446, -0.17972054, -0.06556359, -0.49964604, 0.35605094, -0.30835694, 0.15686354, 0.7044686, -0.54122496, -0.4860888, 0.104914255, 0.46102574, 0.45259926, 0.18121809, -0.73286957, 0.748414, 0.8127928, 0.53695077, -0.07290423, 0.03652767, -0.86359876, 0.86193466, 0.77273464, 0.7254831, 0.11635266, -0.061556205, 0.1887394, -0.81228817, -0.27269167, -0.6152993, 0.6185736, -0.61571294, 0.9837485, 0.4691434, -0.9391193, 0.11205156, -0.4870133, -0.082697995, -0.5469717, 0.94655347, -0.13414006, 0.83243567, -0.37695178, -0.3410382, -0.045723986, 0.594835, 0.95488, 0.39463162, 0.38224652, -0.8611517, -0.6958268, -0.9521097, 0.041285664, 0.016508557, -0.066737965, -0.3155542, -0.30574423, 0.97117776, -0.81667256, 0.4101607, 0.89515597, 0.24886572, 0.6287322, -0.66518444, -0.34343487, -0.47715566, 0.47357187, 0.60019946, 0.9897796, 0.15539171, 0.22872448, 0.4563392, 0.86069816, 0.63086396, -0.0714614, 0.69432247, -0.27313402, -0.38851348, 0.4246406, 0.4849427, 0.28108558, 0.4330876, 0.5710998, 0.14150198, -0.8004773, 0.37112612, 0.5686752, -0.009512652, -0.7412112, -0.83952636, -0.8712242, -0.1917664, -0.3946965, 0.45915088, 0.5738103, 0.95050186, 0.8028294, -0.762313, 0.4453337, 0.2583321, -0.09841624, -0.5188018, 0.67762154, 0.56351507, -0.96142447, -0.46123123, 0.37282115, 0.7753956, -0.7864164, -0.3587112, -0.101468556, 0.84146607, -0.9479979, -0.08205011, 0.29799733, 0.09594408, -0.6940243, 0.6838445, 0.29482687, 0.18358496, 0.9650873, 0.18532829, -0.8995304, -0.22891451]","[7.0, 0.0, -18.0, -7.0, -2.0, -9.0, 6.0, -12.0, -20.0, -11.0, -2.0, 22.0, 5.0, 0.0, -12.0, -1.0, -4.0, 1.0, -10.0, 0.0, -26.0, 5.0, 0.0, 1.0, -7.0, -14.0, -6.0, -24.0, -5.0, -20.0, -14.0, 7.0, 0.0, 14.0, -2.0, -11.0, -8.0, -12.0, 3.0, 1.0, 3.0, 14.0, -8.0, -6.0, -16.0, 11.0, -6.0, -9.0, 1.0, -5.0, -5.0, -3.0, 6.0, 3.0, -17.0, -11.0, -9.0, 13.0, 5.0, 4.0, -11.0, 2.0, -18.0, 5.0, -5.0, -1.0, -3.0, -8.0, 1.0, -2.0, -21.0, 17.0, -10.0, -19.0, -22.0, -6.0, -4.0, -12.0, -2.0, -10.0, 16.0, -10.0, 7.0, -23.0, -10.0, -11.0, 2.0, 8.0, -8.0, -6.0, -1.0, -18.0, -4.0, -4.0, 4.0, -8.0, -15.0, -5.0, -7.0, -5.0, -13.0, 1.0, -6.0, -3.0, 7.0, -19.0, 13.0, -14.0, -10.0, -13.0, -11.0, 5.0, 2.0, 2.0, 4.0, -14.0, -7.0, 4.0, -7.0, -11.0, -14.0, 4.0, 4.0, -13.0, -22.0, -16.0, -13.0, -3.0, -6.0, -1.0, -1.0, 6.0, 1.0, -5.0, -2.0, 0.0, -13.0, -14.0, -9.0, -9.0, 14.0, -10.0, -3.0, -10.0, 2.0, -10.0, -7.0, -7.0, -10.0, 9.0, -10.0, -17.0, -15.0, 0.0, 9.0, -4.0, -18.0, -6.0, 4.0, -3.0, -7.0, -6.0, -8.0, 8.0, -8.0, 0.0, 13.0, -16.0, -9.0, 0.0, -6.0, -4.0, -5.0, -24.0, -30.0, -10.0, -32.0, -5.0, 10.0, -25.0, -21.0, -5.0, -16.0, -9.0, -10.0, -15.0, 6.0, -4.0, -21.0, 12.0, -9.0, -1.0, 4.0, -4.0, -10.0, -1.0, -1.0, -11.0, -10.0, -6.0, -17.0, -3.0, -5.0, 6.0, -7.0, 2.0, -6.0, -3.0, -7.0, 9.0, -15.0, 0.0, -5.0, 2.0, -11.0, -11.0, -3.0, -9.0, -7.0, -1.0, -9.0, 5.0, -1.0, 0.0, -7.0, -5.0, -28.0, 4.0, -13.0, -3.0, 20.0, -7.0, -20.0, 1.0, -11.0, 1.0, -3.0, -7.0, -16.0, -11.0, 6.0, 8.0, -2.0, 11.0, 9.0, 2.0, 2.0, -18.0, -17.0, -10.0, -10.0, -6.0, 11.0, -8.0, -7.0, 2.0, 6.0, -9.0, -7.0, -3.0, -6.0, -14.0, -21.0, -1.0, -5.0, -14.0, -10.0, -27.0, -13.0, 1.0, 5.0, 0.0, -6.0, 9.0, -5.0, -4.0, -16.0, 1.0, -8.0, 6.0, -2.0, -6.0, -10.0, -1.0, 8.0, -6.0, 7.0, -5.0, 7.0, -1.0, 4.0, 10.0, 3.0, -15.0, 3.0, 4.0, 7.0, -6.0, 4.0, 2.0, -10.0, 0.0, -14.0, 9.0, 1.0, -6.0, -14.0, -6.0, -4.0, -11.0, 11.0, -8.0, 0.0, 5.0, -9.0, 0.0, -9.0, -1.0, 10.0, -10.0, -19.0, -21.0, -7.0, 7.0, 1.0, -10.0, -7.0, -3.0, 1.0, 0.0, 2.0, 8.0, -19.0, -9.0, -7.0, -15.0, -12.0, -5.0, -4.0, -33.0, 5.0, 5.0, -5.0, -16.0, -16.0, -4.0, -10.0, 4.0, -19.0, 5.0, -15.0, -4.0, 1.0, -6.0, -19.0, -23.0, 5.0, 8.0, -20.0, -13.0, 4.0, 6.0, -11.0, -5.0, -3.0, -7.0, -12.0, -3.0, 2.0, -17.0, -17.0, -10.0, -2.0, -17.0, -5.0, -16.0, 24.0, 14.0, -6.0, -18.0, -3.0, -2.0, 0.0, -1.0, 0.0, -16.0, -10.0, 1.0, -10.0, -25.0, -6.0, 2.0, -6.0, -13.0, 2.0, 29.0, 2.0, -4.0, -6.0, -5.0, -6.0, 7.0, -7.0, -6.0, 0.0, -4.0, -23.0, -33.0, 9.0, -10.0, -6.0, 2.0, -4.0, 5.0, -2.0, -6.0, -13.0, -11.0, -20.0, -1.0, 7.0, -14.0, -3.0, 20.0, 4.0, -19.0, 3.0, -20.0, -7.0, -10.0, -9.0, 8.0, 10.0, 4.0, -6.0, -6.0, 9.0, -7.0, 10.0, 7.0, -6.0, -5.0, -8.0, 4.0, -2.0, -35.0, 11.0, -15.0, -5.0, -4.0, -5.0, -2.0, -2.0, -21.0, -9.0, -5.0, -2.0, -11.0, -5.0, 2.0, 4.0, -16.0, -7.0, -16.0, -4.0, -12.0, 18.0, 2.0, -13.0, -10.0, -14.0, -1.0, -23.0, -15.0, -4.0, -5.0, -18.0, -4.0, 6.0, -12.0, -9.0, -4.0, -6.0, -20.0, 13.0, 3.0, -13.0, -6.0, 0.0, 3.0, 14.0, -6.0, -10.0, 2.0, -4.0, -7.0, -18.0, 9.0, -6.0, -27.0]",-54.9285266055146,0.0,0.0,0,0.0031065940856933594
10,"[0.4355557, 0.74828255, 0.19983171, -0.51300204, -0.7062183, -0.21929194, -0.65091234, -0.98660827, -0.5916153, -0.5258281, -0.14649655, 0.5871166, 0.13282497, 0.93648016, 0.87880814, 0.50680614, -0.38194662, 0.63411456, -0.82659996, -0.42123196, -0.08101745, -0.27981374, -0.26218903, -0.8266761, -0.4823991, 0.61779296, -0.6534135, -0.6249644, 0.69142544, 0.43878675, 0.13021402, 0.43999872, -0.867479, 0.8182623, 0.26796773, -0.065978415, -0.44397753, -0.64966005, -0.21116126, -0.76666814, 0.6020355, -0.9110776, -0.8368212, 0.22453302, -0.17994823, -0.7372539, -0.34437883, 0.8806313, -0.2949616, 0.41193452, -0.15692887, 0.082997866, 0.16152811, -0.9181527, 0.831628, 0.34459668, 0.10441743, 0.07651692, -0.60313, -0.8142021, -0.9159839, -0.91041315, -0.68254584, -0.4663545, 0.769653, -0.61958075, -0.52770084, -0.79954296, -0.015791202, -0.27721828, 0.45549673, 0.3459628, -0.391638, -0.9108309, 0.6043728, 0.82581574, 0.16035673, -0.62405384, -0.6707764, -0.81041694, 0.2543529, -0.32884377, 0.6786039, 0.97524256, 0.16670603, 0.3711174, 0.23803237, -0.40804055, 0.051122002, -0.86224645, 0.50840974, -0.49286145, 0.76768184, 0.027480396, -0.6178237, -0.7662959, 0.18792522, 0.67768085, 0.5753515, -0.42110413, -0.5101282, -0.4423234, -0.9240521, 0.1729665, -0.0038271912, 0.11771983, 0.35032058, -0.28180227, -0.57929605, 0.6653019, -0.88969743, 0.45531455, -0.79975563, 0.140857, -0.8181084, -0.18580058, -0.603554, -0.48038864, -0.32877672, -0.20378116, 0.23095056, -0.23288201, 0.50418216, -0.07000274, -0.81879264, -0.9330377, -0.06085077, -0.6478267, 0.03854168, -0.34863928, -0.9027441, 0.7336357, 0.6066317, 0.79049665, 0.6411711, 0.8401806, 0.3933809, 0.6774786, 0.9623989, 0.117875025, 0.92683387, -0.29805496, -0.6828784, 0.42127594, 0.6003245, 0.54635257, 0.028759448, -0.3268703, -0.12965873, -0.7804454, -0.2405833, -0.08509787, 0.80335337, -0.0088377865, -0.45859784, -0.17644896, -0.010027798, 0.5136582, 0.2010591, -0.88482237, 0.06939857, -0.9570094, 0.3235293, -0.3205911, -0.7008746, -0.14837351, 0.33243397, 0.028215196, -0.008163684, 0.3435885, -0.5389059, -0.7079178, -0.26197976, -0.9686614, 0.94218487, -0.44072077, -0.48733366, -0.786781, 0.32970858, -0.15003976, 0.48464242, -0.78404266, -0.6641666, 0.4921087, -0.45987907, -0.41746306, -0.53458613, -0.97143877, 0.2759968, 0.06586037, 0.83585685, -0.8737169, 0.9306954, 0.5706063, 0.016491033, 0.58570224, -0.91202605, -0.85292286, -0.8458393, 0.6011586, -0.49371654, 0.9384272, -0.021666728, 0.065098144, -0.48558012, 0.42318, 0.6430376, 0.35969275, 0.83201677, 0.6454213, -0.64812964, -0.7604183, -0.27890706, 0.7110291, -0.62223494, 0.43970358, -0.91203445, -0.6673876, -0.96922815, 0.42668316, -0.26611587, -0.793283, -0.22786768, -0.47382897, -0.92953557, -0.92748386, 0.7617399, -0.51203525, 0.33198056, 0.82361573, 0.3492421, -0.5927952, 0.33758554, 0.70851517, -0.5629479, -0.84603584, -0.5617389, 0.2139561, -0.28874055, -0.65630084, 0.49147815, 0.006179979, -0.7584712, -0.92020744, -0.92479724, -0.81574816, 0.4970639, 0.19536138, 0.90782434, -0.37394035, -0.22206531, -0.41241282, -0.26541936, -0.8901291, 0.93696856, -0.48037288, 0.3627325, 0.7486924, -0.99152046, -0.7630068, -0.095924, 0.89836264, 0.6302478, -0.458153, -0.8303955, -0.3958437, 0.5285823, 0.83568674, 0.19573742, -0.53648937, -0.9469562, -0.5480161, -0.6076715, 0.15997691, 0.61699355, 0.31592157, 0.5159842, -0.20364627, 0.59085715, 0.19555597, 0.34121206, -0.9234255, -0.46885753, 0.09261811, -0.25721428, -0.03801797, -0.97421086, 0.90070397, 0.01456175, 0.8953222, -0.36107898, -0.016931234, 0.43280387, -0.22441518, 0.5499928, -0.40182003, -0.63292134, -0.080970965, -0.28826788, -0.5224524, -0.37986055, -0.64963573, 0.569287, 0.93791884, 0.84327286, 0.14798583, 0.149674, 0.030980617, 0.602378, -0.065546714, -0.45372874, -0.90287375, -0.86424786, -0.47143, -0.9976787, -0.6118628, -0.74403167, 0.63486844, 0.09723006, -0.69864094, -0.9764318, -0.54144067, -0.82955694, 0.45798522, -0.889961, -0.38060907, -0.3663445, -0.3463569, 0.0019435971, 0.16350839, 0.6845626, 0.11955275, 0.7419445, 0.31599092, -0.65746754, 0.53583926, -0.78807575, -0.090079434, -0.019894497, -0.9846354, 0.0167668, -0.6425938, -0.40961474, 0.98623395, -0.9284383, -0.31713116, -0.73104423, 0.71345085, -0.90492654, 0.67697734, -0.98023707, -0.36869103, -0.37294784, 0.7957896, -0.067353725, 0.6031801, -0.43253863, 0.093552686, -0.72886187, -0.6895148, -0.84995854, 0.18813302, 0.82214564, -0.6298065, 0.6381282, 0.6411407, -0.7870812, -0.90214926, 0.99685544, -0.7218885, -0.95584846, -0.41204432, 0.46103102, 0.515161, 0.5555885, -0.32180086, 0.50776833, 0.120038494, -0.60897714, 0.7394851, 0.23175557, 0.2092778, -0.39532945, -0.30468693, 0.27011073, -0.0772458, 0.70242006, 0.663669, 0.5635315, 0.31004205, 0.73714936, 0.53036827, -0.74751353, -0.30767336, 0.79443485, 0.10978997, 0.028110106, -0.028998887, 0.68074465, 0.36556375, -0.37733835, -0.039405458, -0.82364, 0.29554626, -0.040708855, -0.083650395, 0.42283362, 0.27389163, -0.8370891, 0.21204723, 0.09743929, -0.871741, -0.19037974, 0.51832575, 0.6236972, -0.46435633, -0.43928978, 0.7014477, -0.19905065, -0.37522486, 0.09954949, -0.34443045, -0.44991425, 0.42311677, -0.7624675, -0.3212341, 0.5055831, -0.7780231, 0.48240182, -0.26194584, -0.7790353, -0.36182064, -0.0979631, -0.03826441, 0.4127955, -0.41251695, 0.24427773, 0.42914498, -0.7086016, 0.059517108, 0.7041249, -0.63592553, 0.2399588, -0.94649434, 0.3249713, -0.24564968, 0.49016207, 0.39040628, -0.2645143, -0.49132112, -0.8204385, 0.77520937, 0.9679995, -0.4701061, -0.6455605, 0.11026241, 0.7694149, 0.99113053, 0.22961245, 0.6941927, 0.80592424, 0.7523436, -0.5656229, 0.74320436, -0.5913778, -0.56631994, -0.70085335, -0.11609761, -0.99245125, -0.13718538, -0.20568137, 0.0048366366, 0.6414566, -0.8200619, -0.80837, 0.7647258, 0.9569173, -0.30861753, 0.25216708, 0.6528, 0.6480347, 0.6818889, -0.59684414, -0.71884334, -0.3315447, 0.6347982, -0.78902227, 0.6602736, -0.6961732, 0.5522277, -0.46050858, -0.67845154, -0.17742081, -0.8024362, -0.78491557, 0.29840162, -0.6435983, -0.84219414, 0.52881557, 0.49723998]","[7.0, 0.0, -18.0, -7.0, -2.0, -9.0, 6.0, -12.0, -20.0, -11.0, -2.0, 22.0, 5.0, 0.0, -12.0, -1.0, -4.0, 1.0, -10.0, 0.0, -26.0, 5.0, 0.0, 1.0, -7.0, -14.0, -6.0, -24.0, -5.0, -20.0, -14.0, 7.0, 0.0, 14.0, -2.0, -11.0, -8.0, -12.0, 3.0, 1.0, 3.0, 14.0, -8.0, -6.0, -16.0, 11.0, -6.0, -9.0, 1.0, -5.0, -5.0, -3.0, 6.0, 3.0, -17.0, -11.0, -9.0, 13.0, 5.0, 4.0, -11.0, 2.0, -18.0, 5.0, -5.0, -1.0, -3.0, -8.0, 1.0, -2.0, -21.0, 17.0, -10.0, -19.0, -22.0, -6.0, -4.0, -12.0, -2.0, -10.0, 16.0, -10.0, 7.0, -23.0, -10.0, -11.0, 2.0, 8.0, -8.0, -6.0, -1.0, -18.0, -4.0, -4.0, 4.0, -8.0, -15.0, -5.0, -7.0, -5.0, -13.0, 1.0, -6.0, -3.0, 7.0, -19.0, 13.0, -14.0, -10.0, -13.0, -11.0, 5.0, 2.0, 2.0, 4.0, -14.0, -7.0, 4.0, -7.0, -11.0, -14.0, 4.0, 4.0, -13.0, -22.0, -16.0, -13.0, -3.0, -6.0, -1.0, -1.0, 6.0, 1.0, -5.0, -2.0, 0.0, -13.0, -14.0, -9.0, -9.0, 14.0, -10.0, -3.0, -10.0, 2.0, -10.0, -7.0, -7.0, -10.0, 9.0, -10.0, -17.0, -15.0, 0.0, 9.0, -4.0, -18.0, -6.0, 4.0, -3.0, -7.0, -6.0, -8.0, 8.0, -8.0, 0.0, 13.0, -16.0, -9.0, 0.0, -6.0, -4.0, -5.0, -24.0, -30.0, -10.0, -32.0, -5.0, 10.0, -25.0, -21.0, -5.0, -16.0, -9.0, -10.0, -15.0, 6.0, -4.0, -21.0, 12.0, -9.0, -1.0, 4.0, -4.0, -10.0, -1.0, -1.0, -11.0, -10.0, -6.0, -17.0, -3.0, -5.0, 6.0, -7.0, 2.0, -6.0, -3.0, -7.0, 9.0, -15.0, 0.0, -5.0, 2.0, -11.0, -11.0, -3.0, -9.0, -7.0, -1.0, -9.0, 5.0, -1.0, 0.0, -7.0, -5.0, -28.0, 4.0, -13.0, -3.0, 20.0, -7.0, -20.0, 1.0, -11.0, 1.0, -3.0, -7.0, -16.0, -11.0, 6.0, 8.0, -2.0, 11.0, 9.0, 2.0, 2.0, -18.0, -17.0, -10.0, -10.0, -6.0, 11.0, -8.0, -7.0, 2.0, 6.0, -9.0, -7.0, -3.0, -6.0, -14.0, -21.0, -1.0, -5.0, -14.0, -10.0, -27.0, -13.0, 1.0, 5.0, 0.0, -6.0, 9.0, -5.0, -4.0, -16.0, 1.0, -8.0, 6.0, -2.0, -6.0, -10.0, -1.0, 8.0, -6.0, 7.0, -5.0, 7.0, -1.0, 4.0, 10.0, 3.0, -15.0, 3.0, 4.0, 7.0, -6.0, 4.0, 2.0, -10.0, 0.0, -14.0, 9.0, 1.0, -6.0, -14.0, -6.0, -4.0, -11.0, 11.0, -8.0, 0.0, 5.0, -9.0, 0.0, -9.0, -1.0, 10.0, -10.0, -19.0, -21.0, -7.0, 7.0, 1.0, -10.0, -7.0, -3.0, 1.0, 0.0, 2.0, 8.0, -19.0, -9.0, -7.0, -15.0, -12.0, -5.0, -4.0, -33.0, 5.0, 5.0, -5.0, -16.0, -16.0, -4.0, -10.0, 4.0, -19.0, 5.0, -15.0, -4.0, 1.0, -6.0, -19.0, -23.0, 5.0, 8.0, -20.0, -13.0, 4.0, 6.0, -11.0, -5.0, -3.0, -7.0, -12.0, -3.0, 2.0, -17.0, -17.0, -10.0, -2.0, -17.0, -5.0, -16.0, 24.0, 14.0, -6.0, -18.0, -3.0, -2.0, 0.0, -1.0, 0.0, -16.0, -10.0, 1.0, -10.0, -25.0, -6.0, 2.0, -6.0, -13.0, 2.0, 29.0, 2.0, -4.0, -6.0, -5.0, -6.0, 7.0, -7.0, -6.0, 0.0, -4.0, -23.0, -33.0, 9.0, -10.0, -6.0, 2.0, -4.0, 5.0, -2.0, -6.0, -13.0, -11.0, -20.0, -1.0, 7.0, -14.0, -3.0, 20.0, 4.0, -19.0, 3.0, -20.0, -7.0, -10.0, -9.0, 8.0, 10.0, 4.0, -6.0, -6.0, 9.0, -7.0, 10.0, 7.0, -6.0, -5.0, -8.0, 4.0, -2.0, -35.0, 11.0, -15.0, -5.0, -4.0, -5.0, -2.0, -2.0, -21.0, -9.0, -5.0, -2.0, -11.0, -5.0, 2.0, 4.0, -16.0, -7.0, -16.0, -4.0, -12.0, 18.0, 2.0, -13.0, -10.0, -14.0, -1.0, -23.0, -15.0, -4.0, -5.0, -18.0, -4.0, 6.0, -12.0, -9.0, -4.0, -6.0, -20.0, 13.0, 3.0, -13.0, -6.0, 0.0, 3.0, 14.0, -6.0, -10.0, 2.0, -4.0, -7.0, -18.0, 9.0, -6.0, -27.0]",-54.9285266055146,0.0,0.0,0,0.003208637237548828
11,"[0.89062977, 0.36549094, 0.34314618, 0.6521859, 0.7822262, -0.68168783, 0.19143742, 0.44445717, 0.6127946, -0.817577, -0.08440326, 0.7459277, 0.75165516, 0.5622539, -0.6655608, 0.5447606, 0.75170314, -0.65258443, -0.51367265, -0.91661566, -0.47475657, 0.3857387, 0.869819, -0.798212, 0.123286515, -0.3794595, -0.46092585, 0.24903269, -0.0067597628, 0.71642375, -0.32674503, 0.554452, 0.37003115, -0.98356986, 0.8136904, 0.1557509, 0.89394, 0.01991341, 0.6548651, -0.06817541, -0.7146092, -0.06733861, 0.7312458, -0.49747267, -0.49376696, 0.9299528, -0.31744957, 0.6248745, -0.5592216, -0.8596914, -0.25586542, -0.028280351, 0.6669644, -0.48591015, -0.051155645, -0.08105412, -0.2868776, 0.17815144, 0.96069056, 0.6243157, -0.16917437, -0.6604504, -0.35790685, -0.035091158, -0.25200084, 0.4281881, 0.38711643, 0.1086954, -0.24169096, 0.41578674, 0.47249302, -0.57227045, 0.3759225, -0.17316796, -0.5734472, 0.19593623, 0.55514574, -0.3515795, -0.13986595, 0.32185224, 0.14833693, 0.49455827, 0.21594225, -0.36176476, 0.51410776, -0.39696547, -0.20751365, 0.45898443, -0.9459343, -0.4747012, -0.51584023, 0.7294891, 0.076578826, 0.06844318, 0.056447364, 0.9165782, -0.8143338, -0.84810925, -0.06256483, 0.5467471, -0.35202777, -0.8768639, -0.95049065, 0.6276488, 0.35829914, 0.05458581, 0.39681518, -0.9776475, 0.70049185, -0.77508533, 0.9447198, -0.79111683, 0.04968211, 0.06633837, 0.26504156, -0.22804534, -0.55832666, 0.7864926, 0.3124982, 0.4545598, -0.65141547, -0.96673167, -0.40022874, -0.81703526, 0.16226579, -0.41870835, -0.18049623, 0.7149385, 0.85631555, 0.88361025, 0.20347288, 0.9572283, -0.117082864, -0.91274726, 0.22347169, 0.85464984, 0.668592, 0.8354486, 0.19878691, 0.18444297, 0.5387873, -0.4727079, -0.47650734, 0.24179497, 0.31064942, 0.8795763, 0.11515938, 0.41456762, -0.5642266, 0.3349379, -0.6211723, 0.51174885, 0.10054539, -0.9090657, 0.2549436, -0.39877903, -0.68697876, 0.6442663, -0.47830087, -0.41188452, 0.849323, -0.7076395, 0.99488664, -0.6379769, -0.87652, 0.37357783, -0.92455024, 0.3132085, 0.98932695, -0.6144725, 0.78061277, 0.53772056, -0.41917947, -0.79843265, -0.40630355, -0.88806146, -0.4360806, -0.071164705, -0.058688123, -0.60056305, -0.891778, -0.16308312, -0.9708524, 0.18812378, 0.62171966, 0.034173332, 0.80636406, -0.30315498, -0.9989031, 0.4002763, -0.32664007, 0.64341974, 0.25868854, -0.70197713, -0.76078016, 0.064010985, -0.33027983, -0.33330572, -0.35847634, 0.8269564, -0.1814141, 0.6471481, -0.94162494, 0.4936648, -0.059084617, 0.35015285, -0.07309126, -0.31673667, 0.74536604, -0.91961735, 0.05243672, -0.5876668, 0.09277065, 0.52885425, 0.7886932, 0.599203, -0.4237385, -0.52106136, 0.7039562, 0.097026214, -0.7754283, 0.9915129, -0.898159, 0.81191343, -0.722919, -0.21917377, -0.32677293, 0.69012004, 0.7833338, 0.4666154, 0.1527183, 0.030986035, -0.1502792, 0.29290962, -0.7983314, -0.39943382, 0.13639012, 0.41986796, 0.7718737, 0.8126493, 0.0016836803, -0.37956995, 0.9806614, 0.23965628, 0.919006, 0.94852126, -0.84042144, 0.86189973, 0.2454708, 0.33763677, 0.0850459, -0.3115857, 0.6881458, 0.4525417, 0.024638109, -0.9203215, -0.9871903, -0.82911545, -0.9619271, -0.76928085, -0.22237419, 0.63521206, -0.5450847, 0.18993552, -0.9314085, -0.88789976, 0.5356191, 0.4611481, -0.43157592, -0.08253155, -0.1740586, -0.02100051, -0.4739938, -0.41464728, 0.07749732, -0.62627304, -0.47118673, 0.061889436, 0.00051419507, -0.3892471, 0.026272632, -0.26038983, -0.36666107, -0.94701487, 0.079508156, -0.25331765, 0.85378265, 0.67284876, 0.14452226, 0.84061766, -0.93928474, 0.66889966, 0.7869651, 0.3325573, -0.12639451, 0.60245883, -0.8465883, 0.24500981, 0.5444352, -0.32604107, 0.25449577, 0.46149787, 0.9380772, -0.613642, 0.56005085, -0.3567504, -0.29078558, 0.1382775, 0.46446052, 0.5584324, 0.14171273, 0.30557117, -0.35053048, 0.037965644, 0.2793783, -0.19930774, 0.86037207, -0.35173166, -0.9703733, 0.662946, -0.83773077, 0.83431536, 0.50380653, 0.040250745, -0.08002604, 0.004425474, -0.1636318, 0.3833243, 0.7115175, -0.13452686, 0.6178849, 0.57648957, -0.5106609, 0.02416944, 0.15658619, -0.66401595, -0.11810214, -0.26309082, 0.44316384, -0.45502993, 0.7365712, -0.7305813, 0.9466723, -0.4765247, -0.91723037, 0.16887943, -0.27511597, -0.0745955, 0.44249868, -0.6607592, -0.6038265, -0.06856685, -0.07601716, 0.007836359, 0.07914738, -0.6145078, 0.81681937, 0.8424494, -0.21915606, -0.9668055, 0.00068800966, 0.5280033, 0.63411427, -0.81221217, -0.8575826, 0.7522139, -0.17296097, 0.2761727, -0.58735555, 0.41623715, 0.6354249, -0.980163, 0.29844296, -0.8713483, 0.4665124, -0.0064130975, -0.27399668, -0.48040858, -0.3133931, 0.13439852, 0.6765927, -0.95810527, 0.671991, -0.19253035, 0.048539635, 0.798625, 0.62483543, 0.63407606, 0.24956745, 0.9664702, 0.15351515, 0.16260555, -0.79223716, 0.7662403, 0.9760517, -0.8765219, 0.9691313, -0.26687405, 0.84278965, 0.56831264, 0.11252474, -0.5989849, 0.60935086, -0.08082914, -0.45209113, 0.9179025, -0.016145578, 0.21608488, 0.08848551, 0.72061765, -0.24884771, 0.38219026, 0.7439634, 0.20123678, 0.117001355, 0.43401656, 0.3371736, -0.13416605, 0.16793242, 0.42695093, -0.43095788, 0.88934106, -0.5084799, -0.17400694, 0.06652383, 0.98045474, 0.5848998, -0.9373956, 0.54263467, 0.9096355, -0.86099523, 0.9465685, 0.2704269, 0.44425258, 0.76472193, -0.5645924, 0.33971062, 0.18347129, -0.74708766, -0.47104046, -0.5904818, 0.5658523, -0.8751424, 0.8758078, 0.41692665, 0.52777153, 0.49895024, 0.7449837, 0.2383638, 0.6619923, -0.6460743, -0.96093994, 0.8259222, -0.2700824, 0.27712286, 0.5983828, 0.568454, 0.26907644, -0.85098064, 0.6787182, 0.8941197, -0.17681314, -0.5478652, -0.8204302, 0.7634607, 0.4134423, -0.26420274, 0.99204487, -0.24949476, -0.7614727, 0.81101614, 0.6085161, 0.57843435, 0.3797868, -0.05056917, 0.38025936, -0.43216044, -0.26552996, 0.19566073, -0.6485757, -0.5519813, 0.011904142, 0.831872, 0.4633526, 0.94378173, -0.4389254, -0.73486793, -0.3556801, 0.6598807, 0.17459147, -0.5792061, 0.5915884, -0.8751346, -0.31227544, -0.6764434, -0.9396379, 0.3734557, -0.33459434, 0.49866095, -0.9859324]","[7.0, 0.0, -18.0, -7.0, -2.0, -9.0, 6.0, -12.0, -20.0, -11.0, -2.0, 22.0, 5.0, 0.0, -12.0, -1.0, -4.0, 1.0, -10.0, 0.0, -26.0, 5.0, 0.0, 1.0, -7.0, -14.0, -6.0, -24.0, -5.0, -20.0, -14.0, 7.0, 0.0, 14.0, -2.0, -11.0, -8.0, -12.0, 3.0, 1.0, 3.0, 14.0, -8.0, -6.0, -16.0, 11.0, -6.0, -9.0, 1.0, -5.0, -5.0, -3.0, 6.0, 3.0, -17.0, -11.0, -9.0, 13.0, 5.0, 4.0, -11.0, 2.0, -18.0, 5.0, -5.0, -1.0, -3.0, -8.0, 1.0, -2.0, -21.0, 17.0, -10.0, -19.0, -22.0, -6.0, -4.0, -12.0, -2.0, -10.0, 16.0, -10.0, 7.0, -23.0, -10.0, -11.0, 2.0, 8.0, -8.0, -6.0, -1.0, -18.0, -4.0, -4.0, 4.0, -8.0, -15.0, -5.0, -7.0, -5.0, -13.0, 1.0, -6.0, -3.0, 7.0, -19.0, 13.0, -14.0, -10.0, -13.0, -11.0, 5.0, 2.0, 2.0, 4.0, -14.0, -7.0, 4.0, -7.0, -11.0, -14.0, 4.0, 4.0, -13.0, -22.0, -16.0, -13.0, -3.0, -6.0, -1.0, -1.0, 6.0, 1.0, -5.0, -2.0, 0.0, -13.0, -14.0, -9.0, -9.0, 14.0, -10.0, -3.0, -10.0, 2.0, -10.0, -7.0, -7.0, -10.0, 9.0, -10.0, -17.0, -15.0, 0.0, 9.0, -4.0, -18.0, -6.0, 4.0, -3.0, -7.0, -6.0, -8.0, 8.0, -8.0, 0.0, 13.0, -16.0, -9.0, 0.0, -6.0, -4.0, -5.0, -24.0, -30.0, -10.0, -32.0, -5.0, 10.0, -25.0, -21.0, -5.0, -16.0, -9.0, -10.0, -15.0, 6.0, -4.0, -21.0, 12.0, -9.0, -1.0, 4.0, -4.0, -10.0, -1.0, -1.0, -11.0, -10.0, -6.0, -17.0, -3.0, -5.0, 6.0, -7.0, 2.0, -6.0, -3.0, -7.0, 9.0, -15.0, 0.0, -5.0, 2.0, -11.0, -11.0, -3.0, -9.0, -7.0, -1.0, -9.0, 5.0, -1.0, 0.0, -7.0, -5.0, -28.0, 4.0, -13.0, -3.0, 20.0, -7.0, -20.0, 1.0, -11.0, 1.0, -3.0, -7.0, -16.0, -11.0, 6.0, 8.0, -2.0, 11.0, 9.0, 2.0, 2.0, -18.0, -17.0, -10.0, -10.0, -6.0, 11.0, -8.0, -7.0, 2.0, 6.0, -9.0, -7.0, -3.0, -6.0, -14.0, -21.0, -1.0, -5.0, -14.0, -10.0, -27.0, -13.0, 1.0, 5.0, 0.0, -6.0, 9.0, -5.0, -4.0, -16.0, 1.0, -8.0, 6.0, -2.0, -6.0, -10.0, -1.0, 8.0, -6.0, 7.0, -5.0, 7.0, -1.0, 4.0, 10.0, 3.0, -15.0, 3.0, 4.0, 7.0, -6.0, 4.0, 2.0, -10.0, 0.0, -14.0, 9.0, 1.0, -6.0, -14.0, -6.0, -4.0, -11.0, 11.0, -8.0, 0.0, 5.0, -9.0, 0.0, -9.0, -1.0, 10.0, -10.0, -19.0, -21.0, -7.0, 7.0, 1.0, -10.0, -7.0, -3.0, 1.0, 0.0, 2.0, 8.0, -19.0, -9.0, -7.0, -15.0, -12.0, -5.0, -4.0, -33.0, 5.0, 5.0, -5.0, -16.0, -16.0, -4.0, -10.0, 4.0, -19.0, 5.0, -15.0, -4.0, 1.0, -6.0, -19.0, -23.0, 5.0, 8.0, -20.0, -13.0, 4.0, 6.0, -11.0, -5.0, -3.0, -7.0, -12.0, -3.0, 2.0, -17.0, -17.0, -10.0, -2.0, -17.0, -5.0, -16.0, 24.0, 14.0, -6.0, -18.0, -3.0, -2.0, 0.0, -1.0, 0.0, -16.0, -10.0, 1.0, -10.0, -25.0, -6.0, 2.0, -6.0, -13.0, 2.0, 29.0, 2.0, -4.0, -6.0, -5.0, -6.0, 7.0, -7.0, -6.0, 0.0, -4.0, -23.0, -33.0, 9.0, -10.0, -6.0, 2.0, -4.0, 5.0, -2.0, -6.0, -13.0, -11.0, -20.0, -1.0, 7.0, -14.0, -3.0, 20.0, 4.0, -19.0, 3.0, -20.0, -7.0, -10.0, -9.0, 8.0, 10.0, 4.0, -6.0, -6.0, 9.0, -7.0, 10.0, 7.0, -6.0, -5.0, -8.0, 4.0, -2.0, -35.0, 11.0, -15.0, -5.0, -4.0, -5.0, -2.0, -2.0, -21.0, -9.0, -5.0, -2.0, -11.0, -5.0, 2.0, 4.0, -16.0, -7.0, -16.0, -4.0, -12.0, 18.0, 2.0, -13.0, -10.0, -14.0, -1.0, -23.0, -15.0, -4.0, -5.0, -18.0, -4.0, 6.0, -12.0, -9.0, -4.0, -6.0, -20.0, 13.0, 3.0, -13.0, -6.0, 0.0, 3.0, 14.0, -6.0, -10.0, 2.0, -4.0, -7.0, -18.0, 9.0, -6.0, -27.0]",-54.9285266055146,0.0,0.0,0,0.003265857696533203
12,"[0.8341824, -0.179372, -0.6020053, -0.8941353, 0.52429956, 0.5643798, -0.9289754, 0.40846226, -0.42657718, -0.9010874, 0.01793645, -0.98616207, 0.60285544, -0.72932255, 0.28791603, -0.81799424, -0.09975833, -0.8750618, 0.5864773, 0.16490716, 0.7019442, 0.45133218, -0.07979009, -0.6022913, 0.5322884, -0.028828189, 0.8498504, -0.22347973, -0.0510824, -0.12573539, 0.24035591, 0.45887768, 0.61006373, 0.044955343, 0.74478006, -0.40286055, -0.88303185, -0.5346463, -0.9876471, -0.9529456, -0.94911623, -0.5938273, -0.49312782, -0.040708423, 0.98246247, -0.7276711, 0.8791713, -0.6286554, -0.6727993, -0.75271857, 0.7971224, -0.12300494, -0.90787554, 0.95461607, -0.8062975, 0.25223875, 0.37870905, -0.2949727, 0.7448149, -0.8363929, -0.92858875, 0.7615717, -0.6320928, 0.6522386, -0.92804307, 0.49849394, -0.62497634, 0.9234945, 0.0665564, -0.73607206, -0.2208364, 0.615067, -0.630747, -0.39945668, -0.79038405, 0.71127933, -0.5752373, -0.005929721, -0.96830434, 0.654151, 0.5945516, -0.58427966, 0.6868766, 0.5385389, 0.16641876, 0.82250667, 0.057774276, -0.3742603, 0.14005826, 0.75792927, 0.57010543, 0.52101254, 0.6672698, -0.39352742, -0.6639495, -0.8747393, -0.37303463, 0.29139212, -0.41904327, 0.23836887, 0.6212567, 0.15477, 0.0085428255, -0.55263776, 0.6210021, 0.05607128, 0.39195567, -0.5419158, -0.7173454, 0.43223938, -0.5013128, -0.43113354, 0.12093426, -0.93997836, -0.47642776, 0.8939205, -0.86612755, -0.45980802, -0.5716621, 0.2966044, -0.54819566, 0.11024599, 0.38224307, 0.9904498, 0.3613844, 0.5477433, -0.027642345, 0.9210493, -0.0033242232, -0.91699684, 0.22655374, -0.85805374, -0.055361647, -0.98250693, -0.38411537, -0.7701212, 0.8421696, 0.9464954, 0.7375926, -0.691624, -0.14300057, -0.33056363, -0.89047974, -0.09122066, -0.59669083, 0.84538114, -0.81761456, -0.5286606, -0.59551466, -0.81371105, -0.6693581, -0.35428765, -0.8292804, -0.7433318, 0.4047594, -0.695249, 0.67846256, 0.61222714, 0.39145213, 0.2923625, 0.9828632, 0.9818583, -0.9107862, 0.27580166, -0.8873678, -0.85561335, 0.8620353, 0.4836611, 0.7125344, -0.47889158, -0.47753495, 0.5425533, -0.4122537, 0.39739567, 0.27546087, -0.6522623, 0.4502038, 0.5735002, 0.70526266, -0.24766435, 0.47390026, 0.021353167, -0.30684036, -0.43668273, 0.06620602, 0.8815946, 0.63520896, 0.1648377, 0.24862385, 0.93727624, -0.35968506, -0.96785295, 0.9223511, -0.87552696, 0.06743556, -0.7240171, -0.3127765, -0.94345695, -0.71219194, -0.7693815, -0.4947183, -0.4840403, 0.067091376, 0.57330614, -0.7998911, -0.096333414, -0.9034314, 0.03464584, 0.7924395, -0.8018066, 0.83056915, 0.27469137, -0.6015319, -0.6308589, -0.6410505, 0.029085793, 0.47321203, -0.46275076, -0.83425844, 0.85625345, -0.24234495, -0.35557178, -0.38668424, -0.59979814, -0.5602697, -0.76250494, 0.54273224, 0.6712239, -0.3234063, -0.5873185, 0.7363037, 0.5934796, -0.26926455, -0.49472234, 0.31326523, -0.081822194, -0.53332156, -0.29142174, -0.34121183, -0.012983061, -0.25660184, -0.6629326, -0.79381156, -0.18474746, 0.8225706, 0.1377274, -0.60492986, -0.77562433, -0.8051558, -0.23737209, -0.6801221, 0.8637634, -0.18667386, 0.39348894, -0.7019322, -0.94930565, -0.4024877, 0.8079125, -0.8695584, -0.26940456, -0.90185785, -0.69154495, 0.60764736, -0.46181408, -0.6511505, 0.5923538, 0.5934332, -0.999019, -0.029766144, -0.4731872, -0.2664451, 0.06375217, -0.40636814, 0.7528023, 0.80500513, 0.10294446, -0.0668267, 0.92551005, -0.04486589, -0.9329176, 0.21313815, 0.9314517, -0.8928315, 0.37950388, -0.15030015, -0.10211678, 0.03789921, -0.29716572, -0.44862565, -0.8243462, 0.2655062, -0.75763476, 0.18740964, 0.5638713, -0.5853347, 0.5903914, 0.8050521, 0.6910592, -0.13073835, 0.15563537, 0.8544177, -0.21596299, -0.17169347, -0.030379213, -0.36137083, 0.72390985, -0.9622253, -0.7194963, -0.0014407801, -0.1682147, 0.34035954, -0.89247143, -0.20408924, 0.43303755, 0.07159944, 0.6773403, -0.066868134, -0.14963076, -0.18187027, 0.9006729, -0.6080241, 0.47349826, -0.2916806, 0.20512085, -0.9412073, -0.42073, -0.80361706, -0.57805145, -0.7715605, 0.37558833, -0.7745243, 0.79523236, -0.019847674, -0.92906255, -0.23850611, -0.9951839, -0.29004237, -0.6318787, -0.2548724, -0.3173746, 0.59751403, -0.6118773, -0.82079786, -0.22439958, 0.22229433, 0.72882897, 0.6425881, -0.78532946, 0.12289576, -0.63784236, 0.82785624, -0.692822, 0.8343924, -0.51728123, 0.4015431, -0.38030863, -0.7694163, -0.67906857, -0.9730187, 0.8004942, -0.795645, 0.59416074, 0.6339601, 0.6416135, 0.6820783, -0.10562469, 0.25731996, -0.68251604, 0.9753514, 0.84163046, 0.3250714, 0.49748823, -0.5179074, -0.95412195, -0.9287722, -0.6963487, 0.46406466, -0.23173279, -0.92069405, 0.8253515, -0.48560485, -0.21624732, -0.7966145, -0.93453413, 0.8391292, 0.146739, 0.82708466, 0.7973907, 0.5604496, -0.4451405, -0.62507594, -0.45234647, 0.6936625, 0.24935928, 0.8361283, 0.84097975, -0.14384462, -0.73618495, 0.9314636, 0.20954512, 0.6775597, 0.606519, 0.34682828, 0.9837928, 0.74295145, 0.72553813, -0.0016359556, -0.7886485, -0.6879823, -0.81769574, 0.48601684, 0.76806796, 0.857439, 0.4584281, 0.529664, -0.5522306, -0.1790294, -0.41839197, 0.8277184, 0.8837589, 0.16123103, -0.3222822, 0.2462256, 0.24582797, -0.029666932, -0.5405622, -0.30160064, 0.11435149, 0.8163386, -0.07490983, -0.12878801, -0.86148393, -0.971928, 0.31952757, -0.082562834, 0.62938416, -0.06342888, 0.23811276, 0.53886515, -0.79491043, -0.07786664, -0.53494734, -0.8579419, -0.35056475, -0.2639781, 0.35181558, 0.03698508, 0.2208756, -0.7841542, 0.364265, 0.9660585, 0.80052763, 0.83084965, 0.0065126214, 0.49122325, -0.06900695, -0.08185441, 0.34454486, -0.52060765, 0.4626945, -0.31920955, -0.25159526, -0.3471364, -0.14592771, 0.2250632, -0.014392849, -0.23351425, -0.8319473, -0.6139215, 0.16695626, 0.8645522, -0.7508381, 0.47879022, 0.9536454, 0.67388374, 0.07234876, -0.569405, 0.7795711, -0.31247354, -0.25353205, 0.14557797, -0.62737656, 0.41312972, 0.42703235, -0.06725115, 0.29030582, -0.33482465, -0.59692305, 0.42247295, 0.46617657, 0.9234804, 0.6184755, 0.27497816, -0.6603792, 0.53898853, -0.8543675, 0.21256684, 0.058632154, 0.7099974, -0.53153723]","[7.0, 0.0, -18.0, -7.0, -2.0, -9.0, 6.0, -12.0, -20.0, -11.0, -2.0, 22.0, 5.0, 0.0, -12.0, -1.0, -4.0, 1.0, -10.0, 0.0, -26.0, 5.0, 0.0, 1.0, -7.0, -14.0, -6.0, -24.0, -5.0, -20.0, -14.0, 7.0, 0.0, 14.0, -2.0, -11.0, -8.0, -12.0, 3.0, 1.0, 3.0, 14.0, -8.0, -6.0, -16.0, 11.0, -6.0, -9.0, 1.0, -5.0, -5.0, -3.0, 6.0, 3.0, -17.0, -11.0, -9.0, 13.0, 5.0, 4.0, -11.0, 2.0, -18.0, 5.0, -5.0, -1.0, -3.0, -8.0, 1.0, -2.0, -21.0, 17.0, -10.0, -19.0, -22.0, -6.0, -4.0, -12.0, -2.0, -10.0, 16.0, -10.0, 7.0, -23.0, -10.0, -11.0, 2.0, 8.0, -8.0, -6.0, -1.0, -18.0, -4.0, -4.0, 4.0, -8.0, -15.0, -5.0, -7.0, -5.0, -13.0, 1.0, -6.0, -3.0, 7.0, -19.0, 13.0, -14.0, -10.0, -13.0, -11.0, 5.0, 2.0, 2.0, 4.0, -14.0, -7.0, 4.0, -7.0, -11.0, -14.0, 4.0, 4.0, -13.0, -22.0, -16.0, -13.0, -3.0, -6.0, -1.0, -1.0, 6.0, 1.0, -5.0, -2.0, 0.0, -13.0, -14.0, -9.0, -9.0, 14.0, -10.0, -3.0, -10.0, 2.0, -10.0, -7.0, -7.0, -10.0, 9.0, -10.0, -17.0, -15.0, 0.0, 9.0, -4.0, -18.0, -6.0, 4.0, -3.0, -7.0, -6.0, -8.0, 8.0, -8.0, 0.0, 13.0, -16.0, -9.0, 0.0, -6.0, -4.0, -5.0, -24.0, -30.0, -10.0, -32.0, -5.0, 10.0, -25.0, -21.0, -5.0, -16.0, -9.0, -10.0, -15.0, 6.0, -4.0, -21.0, 12.0, -9.0, -1.0, 4.0, -4.0, -10.0, -1.0, -1.0, -11.0, -10.0, -6.0, -17.0, -3.0, -5.0, 6.0, -7.0, 2.0, -6.0, -3.0, -7.0, 9.0, -15.0, 0.0, -5.0, 2.0, -11.0, -11.0, -3.0, -9.0, -7.0, -1.0, -9.0, 5.0, -1.0, 0.0, -7.0, -5.0, -28.0, 4.0, -13.0, -3.0, 20.0, -7.0, -20.0, 1.0, -11.0, 1.0, -3.0, -7.0, -16.0, -11.0, 6.0, 8.0, -2.0, 11.0, 9.0, 2.0, 2.0, -18.0, -17.0, -10.0, -10.0, -6.0, 11.0, -8.0, -7.0, 2.0, 6.0, -9.0, -7.0, -3.0, -6.0, -14.0, -21.0, -1.0, -5.0, -14.0, -10.0, -27.0, -13.0, 1.0, 5.0, 0.0, -6.0, 9.0, -5.0, -4.0, -16.0, 1.0, -8.0, 6.0, -2.0, -6.0, -10.0, -1.0, 8.0, -6.0, 7.0, -5.0, 7.0, -1.0, 4.0, 10.0, 3.0, -15.0, 3.0, 4.0, 7.0, -6.0, 4.0, 2.0, -10.0, 0.0, -14.0, 9.0, 1.0, -6.0, -14.0, -6.0, -4.0, -11.0, 11.0, -8.0, 0.0, 5.0, -9.0, 0.0, -9.0, -1.0, 10.0, -10.0, -19.0, -21.0, -7.0, 7.0, 1.0, -10.0, -7.0, -3.0, 1.0, 0.0, 2.0, 8.0, -19.0, -9.0, -7.0, -15.0, -12.0, -5.0, -4.0, -33.0, 5.0, 5.0, -5.0, -16.0, -16.0, -4.0, -10.0, 4.0, -19.0, 5.0, -15.0, -4.0, 1.0, -6.0, -19.0, -23.0, 5.0, 8.0, -20.0, -13.0, 4.0, 6.0, -11.0, -5.0, -3.0, -7.0, -12.0, -3.0, 2.0, -17.0, -17.0, -10.0, -2.0, -17.0, -5.0, -16.0, 24.0, 14.0, -6.0, -18.0, -3.0, -2.0, 0.0, -1.0, 0.0, -16.0, -10.0, 1.0, -10.0, -25.0, -6.0, 2.0, -6.0, -13.0, 2.0, 29.0, 2.0, -4.0, -6.0, -5.0, -6.0, 7.0, -7.0, -6.0, 0.0, -4.0, -23.0, -33.0, 9.0, -10.0, -6.0, 2.0, -4.0, 5.0, -2.0, -6.0, -13.0, -11.0, -20.0, -1.0, 7.0, -14.0, -3.0, 20.0, 4.0, -19.0, 3.0, -20.0, -7.0, -10.0, -9.0, 8.0, 10.0, 4.0, -6.0, -6.0, 9.0, -7.0, 10.0, 7.0, -6.0, -5.0, -8.0, 4.0, -2.0, -35.0, 11.0, -15.0, -5.0, -4.0, -5.0, -2.0, -2.0, -21.0, -9.0, -5.0, -2.0, -11.0, -5.0, 2.0, 4.0, -16.0, -7.0, -16.0, -4.0, -12.0, 18.0, 2.0, -13.0, -10.0, -14.0, -1.0, -23.0, -15.0, -4.0, -5.0, -18.0, -4.0, 6.0, -12.0, -9.0, -4.0, -6.0, -20.0, 13.0, 3.0, -13.0, -6.0, 0.0, 3.0, 14.0, -6.0, -10.0, 2.0, -4.0, -7.0, -18.0, 9.0, -6.0, -27.0]",-54.9285266055146,0.0,0.0,0,0.0031948089599609375
13,"[-0.36409017, 0.48051453, -0.11056965, -0.75420207, 0.5095579, -0.018124612, -0.49616972, -0.11932199, -0.09826094, 0.9017122, -0.8213414, 0.0050308187, 0.5490287, 0.49973077, 0.9063251, 0.7066348, -0.85117054, -0.6603453, 0.47110185, 0.4279061, 0.7057147, 0.7601729, 0.9249751, 0.16779663, 0.7134402, -0.35309508, -0.16042106, 0.7812007, 0.046400424, -0.78439605, -0.003482492, -0.4406731, 0.827898, -0.6536034, 0.044471055, -0.33931658, -0.02705529, -0.39493477, -0.24242572, -0.026061878, -0.024838207, 0.093570374, -0.69212854, 0.6150432, 0.46413454, -0.5135383, -0.8095651, 0.4434609, 0.5554965, 0.8433188, -0.92156434, -0.63144755, -0.8999074, -0.7159572, 0.52768236, 0.19966514, 0.7989218, -0.64344925, 0.7514853, -0.2799341, -0.33084545, 0.9656806, -0.74801356, -0.61490697, -0.026860183, 0.7667582, -0.21655554, -0.81900835, -0.07848986, 0.28457916, -0.1084366, 0.29742137, 0.67000294, -0.9103902, -0.20875803, -0.8239954, -0.36515152, 0.48340815, 0.9751361, 0.98064584, 0.8192574, 0.24420263, 0.6866153, -0.26580143, -0.3080504, 0.18972947, 0.94605494, -0.73496807, -0.08874904, -0.3081038, 0.30573365, -0.31440738, -0.098662235, -0.40923637, -0.09119545, 0.41700816, 0.7798056, 0.14318301, -0.21402821, -0.13348782, -0.42342415, 0.2936322, 0.7336393, 0.02542934, -0.78103775, -0.29423007, -0.9875198, 0.11119187, -0.70287037, -0.7210308, 0.0010539711, 0.9936921, -0.4062027, 0.84359014, -0.013897109, 0.19915542, 0.42374218, 0.30478004, -0.25562748, -0.6977625, 0.56994843, 0.4509536, 0.6222193, 0.16732055, 0.30966577, 0.21274467, 0.5662449, -0.14993508, 0.08258719, 0.5243784, -0.5982074, 0.9405465, 0.11717559, -0.54479736, -0.29916376, 0.6971887, 0.46902815, -0.52698797, 0.011378656, -0.13648103, 0.35352987, -0.41055113, 0.53695035, -0.27681333, 0.18574426, 0.5118936, 0.34467363, -0.6803893, 0.20661333, 0.9605952, 0.5635968, 0.4723739, 0.5018068, 0.040660508, 0.40206745, -0.7461996, 0.16742122, 0.7945722, 0.3693082, 0.9428586, -0.70014733, -0.2096447, 0.20051849, -0.31842616, 0.8016413, -0.11167756, 0.9529332, -0.67316526, -0.27533764, 0.69146353, 0.35180897, 0.6427512, -0.4089082, -0.2114545, -0.61593723, 0.12707724, 0.07598, -0.25148976, 0.72171164, -0.10807726, 0.20843005, 0.15644945, -0.4704822, -0.8685286, 0.13138735, 0.69443154, -0.55512065, -0.4114963, 0.94635224, 0.7624011, -0.16866997, -0.11639616, -0.7258935, 0.32371926, 0.7496954, 0.93979555, -0.77332336, 0.5993445, -0.6821894, -0.568462, -0.6090615, 0.25461182, 0.12543954, -0.36476833, -0.70756733, -0.0695586, 0.7593348, -0.08183523, 0.2834964, 0.010693427, -0.18553723, 0.5809516, -0.7380294, 0.41771743, -0.089323655, 0.62063056, 0.42614084, 0.74804837, 0.3740545, 0.7895426, 0.3455255, -0.40736014, -0.56497854, -0.5632204, -0.37997055, -0.5913773, -0.6418738, 0.5879299, 0.5182932, 0.53196275, -0.2646031, -0.6583033, -0.89294416, -0.59331286, -0.32596526, 0.99237615, -0.90597045, -0.8314425, -0.32293934, -0.91359943, -0.042098444, 0.12872835, 0.9602524, -0.99705595, -0.56207776, -0.55522496, 0.014800379, -0.81129855, -0.8083628, -0.38201132, -0.13673298, 0.74526674, 0.9438743, 0.73352206, -0.050084297, 0.35111532, -0.73428893, -0.5348794, 0.85187674, -0.5236473, -0.62885094, 0.5170631, -0.66571546, 0.39712808, 0.94699204, -0.54550314, 0.9634341, -0.28577244, 0.028560378, -0.29512203, 0.25892177, -0.22586724, 0.47638637, -0.8638116, -0.6038424, 0.8853702, 0.687696, 0.9523912, 0.57700044, -0.22330497, -0.24141403, -0.24293351, 0.28987825, -0.1349773, -0.5749887, -0.5544545, -0.7557626, 0.23080276, 0.57098293, -0.7700674, -0.19243175, 0.75410813, 0.12505664, 0.04109261, -0.25720432, 0.387051, -0.9289115, -0.47168106, -0.7075209, -0.19936706, 0.56754327, 0.7654394, 0.27875826, 0.9718493, -0.9702628, 0.7734635, -0.21330088, -0.011262501, 0.8395933, -0.66173595, -0.36053213, 0.7069235, -0.354782, -0.15623713, -0.83184934, -0.77815294, 0.82230204, -0.055097036, 0.6334582, 0.23429537, 0.12774381, 0.8063372, -0.84113765, -0.9940313, 0.62791544, 0.25342935, 0.27364928, -0.71327895, 0.3438899, -0.31991786, 0.022682786, 0.5835155, -0.49129596, 0.42472547, -0.40818805, -0.2667074, 0.47062814, 0.9437376, -0.70231616, -0.31099296, -0.21766233, 0.20521289, -0.4497069, 0.6525235, -0.71481615, 0.44016466, -0.48507032, 0.28589982, 0.5970485, -0.750608, 0.6097127, 0.35431007, 0.47900826, -0.06305377, 0.50225186, 0.5344982, 0.58639735, -0.2629405, 0.35642853, 0.42528307, -0.97569644, -0.37825897, -0.62592125, 0.11616243, 0.62964696, 0.53944314, -0.09627243, -0.35181087, -0.76670355, 0.16058686, 0.3850974, 0.17075665, 0.9839697, -0.7222418, -0.25268424, 0.4621645, -0.29465222, -0.4419994, -0.5535351, 0.07111382, -0.9041539, -0.3057349, -0.55355185, -0.32125688, -0.5615242, -0.10511948, -0.79495627, 0.39840478, 0.026970739, 0.6462094, 0.67312354, 0.69673544, 0.46895933, 0.96173424, -0.82606596, -0.67608607, 0.34596407, 0.83267194, 0.026943209, 0.8265522, -0.9838269, 0.48765966, 0.02391652, 0.6154, 0.5396037, 0.40127102, 0.020805316, -0.4430966, -0.62226176, 0.5491379, 0.38820732, -0.19443592, 0.25646442, 0.62407553, 0.25126132, -0.47949472, -0.19650908, -0.5333845, 0.21499048, 0.7841514, 0.31725594, -0.6901669, 0.91188854, -0.69197345, 0.22232804, -0.9018771, -0.45625377, -0.58710265, -0.82868165, 0.4675552, 0.30773276, -0.0097412085, -0.22038713, 0.311527, -0.30568326, -0.4693186, -0.17664911, -0.90582335, 0.24130875, -0.5509491, 0.1931413, -0.5041973, 0.14131466, -0.89101946, -0.3980433, 0.0007957449, 0.21488453, -0.8341212, -0.7913561, 0.32709426, 0.90007865, -0.67551416, 0.4279914, 0.3087541, 0.8938585, -0.81080276, 0.02919645, 0.84968776, 0.29188815, 0.4241032, 0.9656321, -0.9670661, -0.11364836, -0.8853284, 0.7723183, 0.13352373, 0.77076256, -0.078359425, 0.19520123, -0.88326836, 0.17951241, -0.6180405, 0.7302273, -0.16521765, 0.36110076, 0.70691663, 0.6706957, 0.21521631, -0.07982123, -0.69297564, -0.7862005, -0.7452092, -0.49803123, -0.5202991, -0.17223452, -0.8459386, 0.94036156, -0.5049926, -0.37473541, 0.7180642, 0.6223873, -0.73813957, -0.40819955, 0.34129366, -0.53980637, 0.26290634, -0.4362779, 0.13699827, -0.92589986, 0.80371076]","[7.0, 0.0, -18.0, -7.0, -2.0, -9.0, 6.0, -12.0, -20.0, -11.0, -2.0, 22.0, 5.0, 0.0, -12.0, -1.0, -4.0, 1.0, -10.0, 0.0, -26.0, 5.0, 0.0, 1.0, -7.0, -14.0, -6.0, -24.0, -5.0, -20.0, -14.0, 7.0, 0.0, 14.0, -2.0, -11.0, -8.0, -12.0, 3.0, 1.0, 3.0, 14.0, -8.0, -6.0, -16.0, 11.0, -6.0, -9.0, 1.0, -5.0, -5.0, -3.0, 6.0, 3.0, -17.0, -11.0, -9.0, 13.0, 5.0, 4.0, -11.0, 2.0, -18.0, 5.0, -5.0, -1.0, -3.0, -8.0, 1.0, -2.0, -21.0, 17.0, -10.0, -19.0, -22.0, -6.0, -4.0, -12.0, -2.0, -10.0, 16.0, -10.0, 7.0, -23.0, -10.0, -11.0, 2.0, 8.0, -8.0, -6.0, -1.0, -18.0, -4.0, -4.0, 4.0, -8.0, -15.0, -5.0, -7.0, -5.0, -13.0, 1.0, -6.0, -3.0, 7.0, -19.0, 13.0, -14.0, -10.0, -13.0, -11.0, 5.0, 2.0, 2.0, 4.0, -14.0, -7.0, 4.0, -7.0, -11.0, -14.0, 4.0, 4.0, -13.0, -22.0, -16.0, -13.0, -3.0, -6.0, -1.0, -1.0, 6.0, 1.0, -5.0, -2.0, 0.0, -13.0, -14.0, -9.0, -9.0, 14.0, -10.0, -3.0, -10.0, 2.0, -10.0, -7.0, -7.0, -10.0, 9.0, -10.0, -17.0, -15.0, 0.0, 9.0, -4.0, -18.0, -6.0, 4.0, -3.0, -7.0, -6.0, -8.0, 8.0, -8.0, 0.0, 13.0, -16.0, -9.0, 0.0, -6.0, -4.0, -5.0, -24.0, -30.0, -10.0, -32.0, -5.0, 10.0, -25.0, -21.0, -5.0, -16.0, -9.0, -10.0, -15.0, 6.0, -4.0, -21.0, 12.0, -9.0, -1.0, 4.0, -4.0, -10.0, -1.0, -1.0, -11.0, -10.0, -6.0, -17.0, -3.0, -5.0, 6.0, -7.0, 2.0, -6.0, -3.0, -7.0, 9.0, -15.0, 0.0, -5.0, 2.0, -11.0, -11.0, -3.0, -9.0, -7.0, -1.0, -9.0, 5.0, -1.0, 0.0, -7.0, -5.0, -28.0, 4.0, -13.0, -3.0, 20.0, -7.0, -20.0, 1.0, -11.0, 1.0, -3.0, -7.0, -16.0, -11.0, 6.0, 8.0, -2.0, 11.0, 9.0, 2.0, 2.0, -18.0, -17.0, -10.0, -10.0, -6.0, 11.0, -8.0, -7.0, 2.0, 6.0, -9.0, -7.0, -3.0, -6.0, -14.0, -21.0, -1.0, -5.0, -14.0, -10.0, -27.0, -13.0, 1.0, 5.0, 0.0, -6.0, 9.0, -5.0, -4.0, -16.0, 1.0, -8.0, 6.0, -2.0, -6.0, -10.0, -1.0, 8.0, -6.0, 7.0, -5.0, 7.0, -1.0, 4.0, 10.0, 3.0, -15.0, 3.0, 4.0, 7.0, -6.0, 4.0, 2.0, -10.0, 0.0, -14.0, 9.0, 1.0, -6.0, -14.0, -6.0, -4.0, -11.0, 11.0, -8.0, 0.0, 5.0, -9.0, 0.0, -9.0, -1.0, 10.0, -10.0, -19.0, -21.0, -7.0, 7.0, 1.0, -10.0, -7.0, -3.0, 1.0, 0.0, 2.0, 8.0, -19.0, -9.0, -7.0, -15.0, -12.0, -5.0, -4.0, -33.0, 5.0, 5.0, -5.0, -16.0, -16.0, -4.0, -10.0, 4.0, -19.0, 5.0, -15.0, -4.0, 1.0, -6.0, -19.0, -23.0, 5.0, 8.0, -20.0, -13.0, 4.0, 6.0, -11.0, -5.0, -3.0, -7.0, -12.0, -3.0, 2.0, -17.0, -17.0, -10.0, -2.0, -17.0, -5.0, -16.0, 24.0, 14.0, -6.0, -18.0, -3.0, -2.0, 0.0, -1.0, 0.0, -16.0, -10.0, 1.0, -10.0, -25.0, -6.0, 2.0, -6.0, -13.0, 2.0, 29.0, 2.0, -4.0, -6.0, -5.0, -6.0, 7.0, -7.0, -6.0, 0.0, -4.0, -23.0, -33.0, 9.0, -10.0, -6.0, 2.0, -4.0, 5.0, -2.0, -6.0, -13.0, -11.0, -20.0, -1.0, 7.0, -14.0, -3.0, 20.0, 4.0, -19.0, 3.0, -20.0, -7.0, -10.0, -9.0, 8.0, 10.0, 4.0, -6.0, -6.0, 9.0, -7.0, 10.0, 7.0, -6.0, -5.0, -8.0, 4.0, -2.0, -35.0, 11.0, -15.0, -5.0, -4.0, -5.0, -2.0, -2.0, -21.0, -9.0, -5.0, -2.0, -11.0, -5.0, 2.0, 4.0, -16.0, -7.0, -16.0, -4.0, -12.0, 18.0, 2.0, -13.0, -10.0, -14.0, -1.0, -23.0, -15.0, -4.0, -5.0, -18.0, -4.0, 6.0, -12.0, -9.0, -4.0, -6.0, -20.0, 13.0, 3.0, -13.0, -6.0, 0.0, 3.0, 14.0, -6.0, -10.0, 2.0, -4.0, -7.0, -18.0, 9.0, -6.0, -27.0]",-54.9285266055146,0.0,0.0,0,0.0031709671020507812
14,"[-0.18115129, 0.33736494, -0.75319797, 0.68720865, -0.38797265, 0.6805925, 0.82601595, -0.67425275, -0.5541555, 0.8044468, 0.24828367, -0.57790524, 0.7981642, 0.35812914, 0.092405796, 0.0047870176, 0.029503373, 0.0019082115, 0.18129712, -0.11351667, 0.6717616, -0.23906943, 0.12238282, -0.8245758, 0.46204177, -0.8017423, 0.27710852, 0.72950655, -0.82673126, 0.9919463, -0.8825261, 0.45141384, -0.94054466, -0.25051147, 0.9522992, 0.4122254, -0.21910632, 0.6085274, -0.44709393, -0.21593997, 0.7402917, 0.063711174, 0.42197046, -0.3642349, -0.56139034, -0.41036004, -0.68366975, 0.6497198, -0.4566169, 0.9449227, 0.07693615, 0.64320093, -0.42586455, -0.46842, 0.36388066, -0.48390305, 0.09556254, 0.25738072, -0.45090157, -0.45485702, -0.5693781, 0.19397575, -0.7047914, -0.024874292, -0.6872646, 0.682681, 0.87086076, 0.18807784, 0.9860341, 0.583347, 0.62819755, 0.4332749, 0.3574305, -0.9551161, -0.27852264, 0.16531494, -0.00785807, 0.6984372, 0.5464624, 0.9596232, 0.47835904, 0.8517251, 0.16622885, -0.178534, 0.1865182, -0.91311234, 0.8061755, 0.7594128, 0.6684651, 0.043184325, -0.97413105, 0.9865386, -0.8853881, -0.6474866, -0.5970934, 0.606969, 0.38282183, 0.19009446, -0.16827086, -0.25349405, 0.7803087, 0.03184147, -0.91478443, -0.9547949, -0.920431, 0.1577857, 0.16074106, 0.6149869, -0.91042775, -0.99735004, -0.69991416, -0.9993195, 0.40920871, -0.684709, -0.6219187, 0.7415108, 0.20707054, 0.7834296, -0.3150757, -0.1429212, -0.8774846, -0.2841628, 0.05004051, 0.03778029, 0.83513266, -0.3652565, -0.680023, 0.14456597, -0.94751793, -0.32283244, -0.026722593, 0.40864834, -0.18180384, 0.03988627, -0.40786898, 0.7716263, -0.27032402, 0.3025643, 0.03732288, -0.80708414, -0.52497077, 0.76969707, 0.5584549, 0.68942434, 0.32613266, 0.58007616, -0.81872135, -0.00153724, 0.18535548, 0.10530605, -0.9888386, 0.17375214, -0.5326405, 0.2899217, -0.117519416, -0.6918732, 0.12620884, -0.08256008, 0.19205366, 0.41376922, -0.2703738, -0.02853935, 0.41337892, -0.34969378, 0.19125254, -0.09491988, 0.5517236, 0.03973479, 0.45084462, -0.80986357, 0.6404119, -0.5613672, -0.79068375, 0.56077266, 0.6012131, 0.5169053, 0.101782314, 0.26001352, -0.87523454, 0.65232116, 0.70809805, -0.98819417, -0.52503246, -0.078902714, 0.9159557, -0.1366338, -0.42600957, -0.9622962, 0.06612985, 0.383754, -0.79421616, -0.29824272, 0.8801359, -0.03866352, 0.8434417, 0.098482676, 0.3893943, 0.41322422, 0.3909225, -0.6324052, 0.38614926, 0.15309882, -0.26315272, -0.030327616, -0.0981349, -0.0037446984, -0.57222146, -0.8288897, 0.21391849, -0.67573994, 0.6260922, 0.8280413, 0.045932587, 0.7719965, 0.25657007, 0.41353047, -0.66521096, 0.2080606, 0.3580098, 0.70267415, 0.6867764, 0.28516617, -0.785623, -0.8778875, 0.43821183, -0.112897046, -0.79999036, 0.406896, -0.7959966, -0.58681804, 0.12153929, -0.44880718, -0.37258545, 0.85721517, 0.6416218, 0.6186916, 0.43990177, 0.62626845, -0.9224543, -0.6627099, 0.25094956, 0.16968179, 0.6670123, 0.87352633, 0.37835097, -0.42390904, 0.43917274, 0.8470586, 0.56016874, 0.18441853, 0.019103685, 0.27240527, 0.6244123, 0.17290579, -0.5941525, 0.23322512, 0.49405226, -0.7653855, 0.66572213, 0.3847992, 0.061269853, 0.16924743, -0.09694947, 0.37634158, -0.79649705, 0.5000052, -0.35762995, 0.532405, -0.14024533, 0.05202286, 0.75651014, -0.85653615, 0.8053252, 0.87410975, 0.70682377, -0.59549797, 0.5362576, 0.7092784, 0.5544754, -0.18023077, -0.314205, 0.7306025, -0.3654491, -0.94286144, 0.20259999, 0.76224303, 0.046958476, -0.93695563, -0.13884105, -0.7279631, -0.7086801, 0.2698451, -0.5917052, 0.52503353, 0.364239, -0.031458043, -0.8846918, 0.658258, -0.16390681, -0.28415155, -0.585616, 0.11511391, -0.8416792, 0.25261945, 0.80333835, -0.6364248, -0.6212562, 0.3187553, -0.52486235, 0.012349137, 0.067882836, -0.5248627, -0.14963725, -0.76463765, -0.26333824, 0.22650407, -0.3279901, 0.19116504, -0.8404512, -0.3755806, 0.41559616, -0.73596585, 0.205596, -0.34179893, -0.24711545, 0.39093983, 0.04682577, -0.3167262, 0.3164998, -0.4253342, -0.62543863, 0.30619785, -0.81163627, -0.5217796, -0.07386214, -0.07365534, 0.37832138, -0.7155318, -0.44519988, 0.40043524, 0.376774, -0.1438725, 0.9768162, 0.6585283, -0.8353814, 0.44105375, 0.24548577, -0.7137277, 0.5072442, 0.62554204, -0.24804085, 0.948835, 0.8164729, -0.84828985, -0.051411457, -0.5574678, -0.34351614, -0.07453498, -0.74961776, -0.8276286, -0.038153116, -0.24829817, -0.961708, 0.33487636, 0.8337378, -0.84687126, -0.8327135, 0.18679513, -0.45264232, -0.7483204, -0.28155044, 0.47687903, 0.10237206, -0.18440278, 0.10865964, -0.5566726, -0.61750764, 0.19868515, -0.7262442, -0.32306457, -0.30734396, -0.3093476, 0.3689079, 0.8979141, 0.92212147, -0.39959556, -0.4551876, -0.39156356, -0.01690608, -0.44212812, -0.49377963, 0.07060878, -0.1739727, -0.85147417, 0.28727347, -0.4377267, -0.7067596, 0.41462028, -0.61184347, 0.8897809, -0.19400835, -0.9775165, -0.41415703, -0.8570341, 0.52506775, 0.57181716, 0.46690312, -0.108443566, 0.7930321, 0.61240786, -0.62461984, 0.8878508, -0.926767, -0.9506148, -0.19719784, -0.7303674, -0.4219874, -0.09197896, -0.34872428, 0.042411126, -0.16359106, 0.7074874, -0.7998643, 0.9292229, -0.13324113, 0.21685186, 0.41852182, -0.06868052, -0.43366835, 0.58132374, 0.5091213, 0.90516293, -0.19399934, -0.1824358, -0.9984802, -0.7210639, -0.4251123, 0.70496595, 0.4991966, 0.93983924, -0.31938645, -0.4271633, -0.28891408, -0.5623843, 0.65215087, -0.96174663, 0.37553242, -0.11972289, 0.14670302, 0.11591083, -0.8636514, -0.53876865, 0.094060935, -0.7129103, -0.99590725, 0.009074364, -0.32272637, -0.8152295, -0.8309131, 0.066378675, 0.2330374, -0.43644553, -0.45441175, -0.9148713, 0.0074828556, 0.6743102, -0.74842775, 0.603743, 0.5912237, 0.9157405, -0.27034333, 0.7723164, -0.14169407, -0.29701877, -0.5352249, 0.92826504, 0.68495125, 0.56495756, -0.6266755, 0.15768008, -0.8740115, 0.31232914, 0.91258126, -0.16880849, -0.18338573, -0.15322801, 0.2055247, 0.4275017, -0.98668045, -0.2977368, -0.8247013, 0.41617358, 0.5384749, 0.7106104, -0.14750879, -0.07884107, 0.8103209, 0.36622164, -0.32268184, 0.3832328]","[7.0, 0.0, -18.0, -7.0, -2.0, -9.0, 6.0, -12.0, -20.0, -11.0, -2.0, 22.0, 5.0, 0.0, -12.0, -1.0, -4.0, 1.0, -10.0, 0.0, -26.0, 5.0, 0.0, 1.0, -7.0, -14.0, -6.0, -24.0, -5.0, -20.0, -14.0, 7.0, 0.0, 14.0, -2.0, -11.0, -8.0, -12.0, 3.0, 1.0, 3.0, 14.0, -8.0, -6.0, -16.0, 11.0, -6.0, -9.0, 1.0, -5.0, -5.0, -3.0, 6.0, 3.0, -17.0, -11.0, -9.0, 13.0, 5.0, 4.0, -11.0, 2.0, -18.0, 5.0, -5.0, -1.0, -3.0, -8.0, 1.0, -2.0, -21.0, 17.0, -10.0, -19.0, -22.0, -6.0, -4.0, -12.0, -2.0, -10.0, 16.0, -10.0, 7.0, -23.0, -10.0, -11.0, 2.0, 8.0, -8.0, -6.0, -1.0, -18.0, -4.0, -4.0, 4.0, -8.0, -15.0, -5.0, -7.0, -5.0, -13.0, 1.0, -6.0, -3.0, 7.0, -19.0, 13.0, -14.0, -10.0, -13.0, -11.0, 5.0, 2.0, 2.0, 4.0, -14.0, -7.0, 4.0, -7.0, -11.0, -14.0, 4.0, 4.0, -13.0, -22.0, -16.0, -13.0, -3.0, -6.0, -1.0, -1.0, 6.0, 1.0, -5.0, -2.0, 0.0, -13.0, -14.0, -9.0, -9.0, 14.0, -10.0, -3.0, -10.0, 2.0, -10.0, -7.0, -7.0, -10.0, 9.0, -10.0, -17.0, -15.0, 0.0, 9.0, -4.0, -18.0, -6.0, 4.0, -3.0, -7.0, -6.0, -8.0, 8.0, -8.0, 0.0, 13.0, -16.0, -9.0, 0.0, -6.0, -4.0, -5.0, -24.0, -30.0, -10.0, -32.0, -5.0, 10.0, -25.0, -21.0, -5.0, -16.0, -9.0, -10.0, -15.0, 6.0, -4.0, -21.0, 12.0, -9.0, -1.0, 4.0, -4.0, -10.0, -1.0, -1.0, -11.0, -10.0, -6.0, -17.0, -3.0, -5.0, 6.0, -7.0, 2.0, -6.0, -3.0, -7.0, 9.0, -15.0, 0.0, -5.0, 2.0, -11.0, -11.0, -3.0, -9.0, -7.0, -1.0, -9.0, 5.0, -1.0, 0.0, -7.0, -5.0, -28.0, 4.0, -13.0, -3.0, 20.0, -7.0, -20.0, 1.0, -11.0, 1.0, -3.0, -7.0, -16.0, -11.0, 6.0, 8.0, -2.0, 11.0, 9.0, 2.0, 2.0, -18.0, -17.0, -10.0, -10.0, -6.0, 11.0, -8.0, -7.0, 2.0, 6.0, -9.0, -7.0, -3.0, -6.0, -14.0, -21.0, -1.0, -5.0, -14.0, -10.0, -27.0, -13.0, 1.0, 5.0, 0.0, -6.0, 9.0, -5.0, -4.0, -16.0, 1.0, -8.0, 6.0, -2.0, -6.0, -10.0, -1.0, 8.0, -6.0, 7.0, -5.0, 7.0, -1.0, 4.0, 10.0, 3.0, -15.0, 3.0, 4.0, 7.0, -6.0, 4.0, 2.0, -10.0, 0.0, -14.0, 9.0, 1.0, -6.0, -14.0, -6.0, -4.0, -11.0, 11.0, -8.0, 0.0, 5.0, -9.0, 0.0, -9.0, -1.0, 10.0, -10.0, -19.0, -21.0, -7.0, 7.0, 1.0, -10.0, -7.0, -3.0, 1.0, 0.0, 2.0, 8.0, -19.0, -9.0, -7.0, -15.0, -12.0, -5.0, -4.0, -33.0, 5.0, 5.0, -5.0, -16.0, -16.0, -4.0, -10.0, 4.0, -19.0, 5.0, -15.0, -4.0, 1.0, -6.0, -19.0, -23.0, 5.0, 8.0, -20.0, -13.0, 4.0, 6.0, -11.0, -5.0, -3.0, -7.0, -12.0, -3.0, 2.0, -17.0, -17.0, -10.0, -2.0, -17.0, -5.0, -16.0, 24.0, 14.0, -6.0, -18.0, -3.0, -2.0, 0.0, -1.0, 0.0, -16.0, -10.0, 1.0, -10.0, -25.0, -6.0, 2.0, -6.0, -13.0, 2.0, 29.0, 2.0, -4.0, -6.0, -5.0, -6.0, 7.0, -7.0, -6.0, 0.0, -4.0, -23.0, -33.0, 9.0, -10.0, -6.0, 2.0, -4.0, 5.0, -2.0, -6.0, -13.0, -11.0, -20.0, -1.0, 7.0, -14.0, -3.0, 20.0, 4.0, -19.0, 3.0, -20.0, -7.0, -10.0, -9.0, 8.0, 10.0, 4.0, -6.0, -6.0, 9.0, -7.0, 10.0, 7.0, -6.0, -5.0, -8.0, 4.0, -2.0, -35.0, 11.0, -15.0, -5.0, -4.0, -5.0, -2.0, -2.0, -21.0, -9.0, -5.0, -2.0, -11.0, -5.0, 2.0, 4.0, -16.0, -7.0, -16.0, -4.0, -12.0, 18.0, 2.0, -13.0, -10.0, -14.0, -1.0, -23.0, -15.0, -4.0, -5.0, -18.0, -4.0, 6.0, -12.0, -9.0, -4.0, -6.0, -20.0, 13.0, 3.0, -13.0, -6.0, 0.0, 3.0, 14.0, -6.0, -10.0, 2.0, -4.0, -7.0, -18.0, 9.0, -6.0, -27.0]",-54.9285266055146,0.0,0.0,0,0.0031769275665283203
15,"[0.11726529, 0.2918257, -0.58812445, -0.6247044, -0.055277266, 0.050911073, -0.52903295, 0.9242397, -0.2971097, 0.92199516, 0.8467333, 0.2993965, -0.46874127, 0.6832223, -0.4794022, -0.314023, -0.25260785, 0.93470705, 0.18628421, -0.67300254, -0.9007587, -0.39153945, 0.735271, 0.9306807, 0.71283686, -0.07351682, 0.49301687, 0.7842199, 0.08732259, 0.4578905, 0.995717, -0.121685445, -0.18815097, 0.333686, -0.096878074, 0.006957694, -0.8826025, 0.78075165, -0.3733891, -0.075051434, -0.19158475, -0.79083323, -0.26189685, 0.85367346, 0.8037402, 0.5205865, -0.6068008, 0.18168715, 0.95428693, -0.9033665, -0.823421, 0.9101847, -0.33484504, -0.6620257, -0.21069372, -0.99522454, -0.024904964, 0.034337196, -0.28889784, 0.30770394, 0.36914885, 0.30829233, 0.69191504, -0.29751346, -0.6362309, 0.09570758, 0.24802111, 0.52624404, -0.17523338, -0.46376526, 0.74184775, 0.3607928, -0.19617708, -0.30518413, -0.12482331, 0.36460027, 0.076559454, -0.17121892, -0.026812876, 0.13350494, 0.18154968, -0.14295098, 0.5430017, -0.45488515, 0.2996391, -0.6551553, 0.2715122, -0.3507451, 0.8839906, 0.26320374, 0.8484983, -0.15152206, -0.056716826, 0.7423433, 0.69676375, 0.9100833, 0.872073, 0.55774784, -0.13946013, 0.8341103, 0.8946163, 0.79957116, 0.5320661, 0.20748772, -0.6589187, -0.4532286, -0.301228, -0.7340213, 0.38824683, -0.07058205, 0.0027349088, -0.2340145, 0.65231764, -0.5380733, -0.82211035, 0.36917835, -0.09462837, 0.77263916, -0.043251276, -0.515114, -0.7243498, -0.1463917, 0.8730833, 0.48004267, 0.42879954, 0.8473757, -0.2016855, -0.5896543, 0.91035706, -0.10043708, 0.64097387, -0.9345227, -0.9443503, -0.42749378, -0.84016234, 0.8232911, -0.27304226, 0.37284237, -0.7600752, -0.2748353, -0.7398482, 0.7441792, -0.14902057, -0.23413369, 0.69110376, -0.8121238, -0.27049148, 0.3005082, 0.6843113, 0.4540697, -0.68963814, -0.34321105, 0.73601127, -0.6338026, 0.21495728, -0.51443064, -0.058812734, 0.1997691, -0.08986019, -0.58797616, -0.43320423, 0.89931786, 0.8087152, -0.6446448, -0.28407192, -0.4417411, 0.8287708, -0.9778771, -0.5119405, 0.9090314, -0.017132644, -0.6137384, -0.4634402, -0.44141373, -0.9173711, -0.19921702, -0.07322777, 0.2783179, 0.44052395, 0.5832602, -0.8990844, -0.62207156, -0.16372727, 0.63008565, -0.88222134, -0.41979802, -0.31195408, 0.76897967, -0.09255358, 0.11807603, -0.3718113, 0.40060988, -0.40967402, -0.91479, -0.6938116, -0.7369176, -0.14696261, 0.4345771, 0.06013078, -0.46558237, 0.4005113, -0.22401266, -0.88790846, -0.7593936, 0.3397106, -0.15861146, 0.53141963, 0.9167858, -0.7547332, -0.7520224, -0.22466952, -0.9126249, 0.5882419, 0.91563433, -0.6173683, 0.13323778, 0.8417332, 0.19340166, -0.789244, 0.73049814, 0.19296508, -0.7443747, -0.85652757, -0.31283242, -0.3794197, 0.5894007, -0.21254279, -0.6998839, 0.21931106, -0.99124056, 0.8327066, -0.05168043, 0.40328303, 0.21072803, 0.2650485, 0.23711015, 0.25939617, 0.28883344, -0.75787675, -0.378808, -0.80888426, -0.12060663, -0.66000783, 0.53298485, 0.023637703, -0.46248725, -0.27735144, -0.063855454, 0.71059, -0.35614806, 0.95961857, 0.17148502, -0.12744857, 0.15690842, -0.3479285, 0.8503949, -0.27763388, -0.06961772, -0.11323332, 0.99786353, 0.15001895, 0.7906731, -0.16093583, 0.9314211, 0.75728714, -0.16605619, 0.26949906, -0.7784245, -0.65175277, -0.3246366, -0.31032845, 0.7543369, 0.19399276, 0.11686344, 0.7378648, 0.43693987, 0.53164285, -0.27429417, 0.24319723, 0.41602254, 0.19579555, -0.9823431, 0.8230299, 0.7974841, -0.11993801, 0.092783645, 0.039085492, -0.8565662, 0.98018754, -0.48521003, 0.004063728, 0.84687454, 0.57319725, -0.27912286, 0.10478762, 0.16550337, -0.3167034, 0.87986034, 0.30688402, -0.13846608, -0.95390713, 0.41477528, -0.82051617, -0.722925, 0.57527506, 0.6982622, -0.03199095, -0.92925924, -0.29463577, -0.8429554, 0.23369783, 0.17829798, -0.9766598, 0.7569247, -0.24133103, -0.75343615, 0.54730886, 0.3958792, 0.021752961, 0.91626716, 0.54297256, 0.249373, 0.74055475, -0.5863454, 0.32854563, -0.66077554, -0.116347, -0.6918495, -0.6636241, -0.10491161, 0.5460913, -0.9009741, -0.286711, 0.97604924, 0.32068497, -0.7197087, -0.13820983, -0.0044463947, 0.81169003, 0.39847326, 0.5373905, 0.7691768, -0.8373704, 0.3833053, -0.4744279, 0.67244196, -0.47116598, -0.59239006, -0.83458006, -0.66191566, 0.17632753, -0.49347648, -0.7856231, -0.28871897, 0.3526845, -0.41651776, -0.090460524, -0.8359961, 0.9590095, 0.09588536, -0.6904478, -0.798672, -0.9567086, 0.1928375, 0.39581108, -0.031286012, -0.4491705, 0.6383419, -0.55517685, 0.6505408, -0.48402444, -0.6329872, 0.6144162, 0.6580899, -0.9711806, 0.54994416, 0.56633914, 0.5577093, 0.7576806, 0.81513876, -0.2962893, 0.6704199, -0.28707185, 0.43080562, -0.94563675, 0.22853436, 0.17676754, -0.37013987, 0.5269448, 0.11424243, -0.31715307, -0.46971485, -0.24086523, -0.2770751, 0.032152284, -0.78204083, 0.6912517, -0.56634057, 0.8364369, -0.16190146, 0.6781217, 0.13154641, -0.8162897, 0.7037394, -0.74008393, 0.21431573, -0.23727083, 0.6542325, 0.46749538, -0.6077312, -0.3982975, -0.59373826, 0.040390003, -0.11527251, -0.99773085, 0.6631639, 0.8099904, 0.32904607, 0.4808076, -0.7332856, -0.12419296, -0.5837165, -0.38223985, 0.3156139, 0.58343863, 0.86285466, 0.30809933, -0.17298478, 0.19525482, -0.9945365, -0.29340765, 0.6252256, 0.36080885, 0.35753673, 0.1552223, 0.4894958, 0.7091551, -0.33161807, -0.60414493, -0.8518377, 0.7224304, -0.21335804, -0.4535232, 0.45752257, -0.42951453, 0.56690305, -0.4056808, 0.031607363, -0.9422553, 0.08156141, -0.7241203, -0.9447898, 0.3418708, -0.8859758, -0.20202471, 0.43584874, -0.3196596, -0.6901746, 0.929726, -0.3228616, -0.83838385, -0.7487743, -0.64987564, 0.33914736, 0.49275085, -0.20426826, 0.85750175, -0.3345657, 0.08031298, 0.41668257, 0.36471197, 0.378813, 0.7272139, -0.29002342, 0.33362865, 0.12592407, -0.23607503, 0.33668596, -0.53034896, -0.9588006, -0.91114515, -0.50505614, -0.3801, 0.41512588, 0.7445304, -0.63924426, 0.42111075, -0.4631856, -0.2666488, -0.4153373, 0.3235123, 0.9364702, 0.24337, 0.927222, 0.196431, 0.16444792, 0.97136074, -0.4869831, 0.08381626, 0.33866298]","[7.0, 0.0, -18.0, -7.0, -2.0, -9.0, 6.0, -12.0, -20.0, -11.0, -2.0, 22.0, 5.0, 0.0, -12.0, -1.0, -4.0, 1.0, -10.0, 0.0, -26.0, 5.0, 0.0, 1.0, -7.0, -14.0, -6.0, -24.0, -5.0, -20.0, -14.0, 7.0, 0.0, 14.0, -2.0, -11.0, -8.0, -12.0, 3.0, 1.0, 3.0, 14.0, -8.0, -6.0, -16.0, 11.0, -6.0, -9.0, 1.0, -5.0, -5.0, -3.0, 6.0, 3.0, -17.0, -11.0, -9.0, 13.0, 5.0, 4.0, -11.0, 2.0, -18.0, 5.0, -5.0, -1.0, -3.0, -8.0, 1.0, -2.0, -21.0, 17.0, -10.0, -19.0, -22.0, -6.0, -4.0, -12.0, -2.0, -10.0, 16.0, -10.0, 7.0, -23.0, -10.0, -11.0, 2.0, 8.0, -8.0, -6.0, -1.0, -18.0, -4.0, -4.0, 4.0, -8.0, -15.0, -5.0, -7.0, -5.0, -13.0, 1.0, -6.0, -3.0, 7.0, -19.0, 13.0, -14.0, -10.0, -13.0, -11.0, 5.0, 2.0, 2.0, 4.0, -14.0, -7.0, 4.0, -7.0, -11.0, -14.0, 4.0, 4.0, -13.0, -22.0, -16.0, -13.0, -3.0, -6.0, -1.0, -1.0, 6.0, 1.0, -5.0, -2.0, 0.0, -13.0, -14.0, -9.0, -9.0, 14.0, -10.0, -3.0, -10.0, 2.0, -10.0, -7.0, -7.0, -10.0, 9.0, -10.0, -17.0, -15.0, 0.0, 9.0, -4.0, -18.0, -6.0, 4.0, -3.0, -7.0, -6.0, -8.0, 8.0, -8.0, 0.0, 13.0, -16.0, -9.0, 0.0, -6.0, -4.0, -5.0, -24.0, -30.0, -10.0, -32.0, -5.0, 10.0, -25.0, -21.0, -5.0, -16.0, -9.0, -10.0, -15.0, 6.0, -4.0, -21.0, 12.0, -9.0, -1.0, 4.0, -4.0, -10.0, -1.0, -1.0, -11.0, -10.0, -6.0, -17.0, -3.0, -5.0, 6.0, -7.0, 2.0, -6.0, -3.0, -7.0, 9.0, -15.0, 0.0, -5.0, 2.0, -11.0, -11.0, -3.0, -9.0, -7.0, -1.0, -9.0, 5.0, -1.0, 0.0, -7.0, -5.0, -28.0, 4.0, -13.0, -3.0, 20.0, -7.0, -20.0, 1.0, -11.0, 1.0, -3.0, -7.0, -16.0, -11.0, 6.0, 8.0, -2.0, 11.0, 9.0, 2.0, 2.0, -18.0, -17.0, -10.0, -10.0, -6.0, 11.0, -8.0, -7.0, 2.0, 6.0, -9.0, -7.0, -3.0, -6.0, -14.0, -21.0, -1.0, -5.0, -14.0, -10.0, -27.0, -13.0, 1.0, 5.0, 0.0, -6.0, 9.0, -5.0, -4.0, -16.0, 1.0, -8.0, 6.0, -2.0, -6.0, -10.0, -1.0, 8.0, -6.0, 7.0, -5.0, 7.0, -1.0, 4.0, 10.0, 3.0, -15.0, 3.0, 4.0, 7.0, -6.0, 4.0, 2.0, -10.0, 0.0, -14.0, 9.0, 1.0, -6.0, -14.0, -6.0, -4.0, -11.0, 11.0, -8.0, 0.0, 5.0, -9.0, 0.0, -9.0, -1.0, 10.0, -10.0, -19.0, -21.0, -7.0, 7.0, 1.0, -10.0, -7.0, -3.0, 1.0, 0.0, 2.0, 8.0, -19.0, -9.0, -7.0, -15.0, -12.0, -5.0, -4.0, -33.0, 5.0, 5.0, -5.0, -16.0, -16.0, -4.0, -10.0, 4.0, -19.0, 5.0, -15.0, -4.0, 1.0, -6.0, -19.0, -23.0, 5.0, 8.0, -20.0, -13.0, 4.0, 6.0, -11.0, -5.0, -3.0, -7.0, -12.0, -3.0, 2.0, -17.0, -17.0, -10.0, -2.0, -17.0, -5.0, -16.0, 24.0, 14.0, -6.0, -18.0, -3.0, -2.0, 0.0, -1.0, 0.0, -16.0, -10.0, 1.0, -10.0, -25.0, -6.0, 2.0, -6.0, -13.0, 2.0, 29.0, 2.0, -4.0, -6.0, -5.0, -6.0, 7.0, -7.0, -6.0, 0.0, -4.0, -23.0, -33.0, 9.0, -10.0, -6.0, 2.0, -4.0, 5.0, -2.0, -6.0, -13.0, -11.0, -20.0, -1.0, 7.0, -14.0, -3.0, 20.0, 4.0, -19.0, 3.0, -20.0, -7.0, -10.0, -9.0, 8.0, 10.0, 4.0, -6.0, -6.0, 9.0, -7.0, 10.0, 7.0, -6.0, -5.0, -8.0, 4.0, -2.0, -35.0, 11.0, -15.0, -5.0, -4.0, -5.0, -2.0, -2.0, -21.0, -9.0, -5.0, -2.0, -11.0, -5.0, 2.0, 4.0, -16.0, -7.0, -16.0, -4.0, -12.0, 18.0, 2.0, -13.0, -10.0, -14.0, -1.0, -23.0, -15.0, -4.0, -5.0, -18.0, -4.0, 6.0, -12.0, -9.0, -4.0, -6.0, -20.0, 13.0, 3.0, -13.0, -6.0, 0.0, 3.0, 14.0, -6.0, -10.0, 2.0, -4.0, -7.0, -18.0, 9.0, -6.0, -27.0]",-54.9285266055146,0.0,0.0,0,0.0031461715698242188
16,"[-0.79230016, -0.25074717, -0.833899, 0.36399356, 0.67303646, 0.34752882, -0.32854983, -0.7521206, -0.33179104, 0.98103666, 0.49814603, -0.035602935, 0.49340832, -0.17596042, -0.36718136, -0.47625282, 0.5525159, 0.15289997, 0.95863867, -0.13017763, -0.13574205, 0.45701236, 0.10050462, 0.32902518, 0.5345969, -0.98314166, 0.85061306, 0.9931364, -0.8613352, -0.18215646, -0.81007797, -0.10129646, 0.9820093, -0.5908072, 0.22883047, 0.5943362, 0.99723154, -0.9172106, -0.10152198, 0.036807783, -0.08003513, 0.42426622, 0.27678922, 0.9219369, 0.2153276, -0.47003663, 0.7486222, -0.22898412, 0.799909, 0.20363073, 0.8739798, 0.16541909, 0.16178338, 0.73928374, -0.3287353, 0.6460844, 0.6566809, 0.17144118, 0.44853148, -0.07210645, 0.506437, -0.20491698, 0.7842638, -0.9510562, 0.41086417, -0.6262691, 0.016379252, -0.6215085, 0.3926525, 0.2422773, 0.23807539, 0.73340607, 0.37598723, -0.19317837, -0.2415549, -0.43417525, 0.48706073, 0.12095654, 0.3356894, -0.73278934, -0.87654316, 0.9582461, -0.6030895, -0.7243269, 0.56147826, 0.49602374, -0.976825, -0.677059, -0.98205197, -0.51452494, -0.53840864, -0.8678377, -0.4334886, -0.6885868, -0.6954902, -0.8483032, 0.9224255, -0.03542804, -0.9627612, -0.58671796, -0.5042788, -0.16173993, -0.45785144, -0.3953208, 0.49724495, 0.8946512, 0.78070456, 0.063165925, -0.7221898, -0.080609575, -0.7761263, 0.7187562, -0.3766316, -0.98585737, -0.56188273, -0.72483844, 0.26462427, -0.75300777, -0.033049323, 0.3180675, -0.45548525, 0.6250857, 0.35592806, 0.12224229, -0.9734875, 0.07895693, 0.17947833, -0.968323, 0.2866808, 0.15065616, 0.034326877, -0.107632466, -0.57623863, -0.557239, -0.95887995, 0.43721607, -0.9833387, -0.88711756, -0.75970954, 0.8384145, -0.39365956, -0.2506124, 0.059778433, 0.9320289, 0.33048394, 0.81025666, -0.5241246, -0.39892104, -0.11496161, -0.75819075, 0.511163, 0.62209475, -0.3064542, -0.64355946, 0.0078832945, 0.37463865, 0.7271587, -0.35213867, -0.37950826, 0.048942015, -0.6020269, -0.5888346, 0.98706007, -0.35802802, -0.8159068, -0.2971586, -0.06896877, 0.5385215, 0.1768997, 0.8936157, 0.76415837, -0.34459087, -0.6460688, 0.62461895, 0.05444262, 0.6784189, 0.22164065, 0.24841718, 0.16669756, -0.08215897, 0.59053993, 0.030867344, 0.33196738, 0.32561985, 0.3699643, -0.84811866, -0.16097605, 0.38134465, -0.47255272, 0.2447587, -0.12228149, 0.5403394, -0.8424729, -0.10500295, -0.89153314, 0.21764946, -0.32961297, 0.40754214, -0.15323104, -0.89394075, 0.7373465, 0.1664727, -0.3696755, -0.28879824, -0.5794756, -0.82568806, 0.08582367, 0.52430034, 0.8902954, 0.6006545, 0.8759185, -0.5058316, 0.7601563, -0.46941423, -0.17370003, 0.7150081, 0.6147515, -0.9735261, 0.44915658, -0.6250762, -0.060636986, 0.3442514, -0.8842796, -0.37630528, 0.3560436, 0.025956832, -0.97374594, 0.955422, -0.49023193, 0.8533281, 0.17476168, 0.2819853, -0.38033974, -0.061253857, -0.32022446, 0.5225442, -0.713901, -0.91277087, -0.42991108, 0.55459756, 0.54520375, -0.7107403, 0.530877, -0.20219016, 0.6036889, -0.7484441, 0.302438, 0.97821325, 0.55688876, -0.82488334, -0.10365614, 0.764845, 0.9160176, -0.30147287, -0.046287175, -0.3130894, -0.46675187, 0.89237046, 0.17900826, 0.009625441, 0.76262856, -0.8046104, -0.049795765, -0.06309636, -0.28156114, 0.76476526, -0.507024, 0.51177204, 0.8727534, -0.5257112, 0.8707885, -0.65832216, 0.39631698, 0.3605085, -0.14905578, -0.23643272, 0.92396677, 0.270392, -0.7690723, -0.015532702, 0.82616097, 0.87784827, 0.77601725, 0.05151474, 0.15866981, -0.101689644, -0.91283154, 0.11642681, 0.33046263, -0.3030169, -0.3510776, 0.4663314, -0.40536866, 0.4313235, -0.9988909, -0.80520785, -0.5964629, -0.29848677, 0.60150653, 0.77074385, 0.6558759, 0.5109707, -0.0070690983, -0.059445128, 0.80226874, -0.26213494, -0.88712215, -0.35555762, -0.5804888, -0.90121734, -0.017459514, 0.46637255, 0.43686017, 0.1996012, 0.75048566, 0.41981122, -0.85183936, -0.3248867, 0.72614664, -0.72115934, 0.3950194, 0.6657509, -0.24845648, -0.20469601, 0.27969193, 0.7289801, 0.21711868, -0.59826267, -0.46298674, 0.28542066, 0.9158862, -0.3087389, -0.0147840055, 0.28102568, -0.8875317, 0.35612193, 0.009561155, -0.4594338, -0.30331868, -0.33993253, -0.031515546, -0.025497204, -0.4420283, 0.046441164, 0.27317485, 0.61424315, -0.22733787, -0.928765, -0.3782163, 0.40343156, -0.884341, -0.64449936, -0.22909033, -0.2552338, -0.38804287, 0.45868418, -0.90036863, -0.54259133, 0.895899, 0.4006303, -0.3264677, -0.69995534, -0.04413991, -0.02502309, 0.9088057, 0.2811072, -0.3060629, 0.94310313, -0.63635653, -0.65511304, 0.9857076, -0.55776757, -0.1641628, -0.35964796, 0.8154943, -0.0218068, -0.9904245, -0.32216486, 0.55299485, -0.5414924, 0.15492295, 0.8382799, 0.07672055, 0.23570286, 0.95592254, -0.7972577, -0.5162782, -0.4541393, -0.4794842, 0.7529247, -0.46660396, 0.13537206, 0.13276945, -0.8325315, 0.0788371, 0.92876023, 0.41761607, -0.22376771, -0.86523426, -0.81945217, 0.51815873, -0.8559875, 0.7189727, -0.98218143, -0.97639626, -0.9028188, -0.8725333, -0.66887957, -0.83518744, -0.366842, 0.8851458, -0.5166201, -0.8130647, -0.92721045, 0.054291166, 0.96350837, -0.81352156, -0.17359564, -0.7709801, 0.07158852, 0.037569698, -0.64874923, 0.96091515, -0.78904915, -0.60164857, -0.3088859, 0.46571442, 0.32010788, 0.5898133, -0.5214292, -0.47559255, 0.28072, 0.82492864, 0.4553796, -0.52456677, 0.96022314, -0.024702866, -0.42828557, 0.4756404, 0.8813254, 0.6399589, 0.6431328, 0.8027381, 0.06516594, 0.9299722, -0.78873396, -0.82721823, -0.27218786, 0.6427872, -0.60501295, -0.17360835, 0.6023607, 0.73077947, -0.5137754, -0.1765123, 0.59232694, -0.60032284, -0.92499477, -0.18922566, -0.7477973, -0.076467134, -0.6109122, -0.47245765, -0.59057826, -0.41242722, 0.02185195, 0.55129236, 0.18982099, 0.5308711, -0.15533014, -0.8651353, -0.38782582, 0.42016995, -0.42989272, 0.046358924, -0.83344686, 0.5538823, -0.0007772078, 0.24886426, -0.3500096, -0.50369483, 0.7535065, 0.052511703, 0.75205076, 0.28229967, 0.3803701, 0.9636045, -0.9776959, -0.6257904, 0.8053368, 0.8093293, -0.98976743, 0.8673521, -0.4569526, -0.2014165, -0.9850279, -0.18460684, 0.9138698, 0.25356135, 0.8095427]","[7.0, 0.0, -18.0, -7.0, -2.0, -9.0, 6.0, -12.0, -20.0, -11.0, -2.0, 22.0, 5.0, 0.0, -12.0, -1.0, -4.0, 1.0, -10.0, 0.0, -26.0, 5.0, 0.0, 1.0, -7.0, -14.0, -6.0, -24.0, -5.0, -20.0, -14.0, 7.0, 0.0, 14.0, -2.0, -11.0, -8.0, -12.0, 3.0, 1.0, 3.0, 14.0, -8.0, -6.0, -16.0, 11.0, -6.0, -9.0, 1.0, -5.0, -5.0, -3.0, 6.0, 3.0, -17.0, -11.0, -9.0, 13.0, 5.0, 4.0, -11.0, 2.0, -18.0, 5.0, -5.0, -1.0, -3.0, -8.0, 1.0, -2.0, -21.0, 17.0, -10.0, -19.0, -22.0, -6.0, -4.0, -12.0, -2.0, -10.0, 16.0, -10.0, 7.0, -23.0, -10.0, -11.0, 2.0, 8.0, -8.0, -6.0, -1.0, -18.0, -4.0, -4.0, 4.0, -8.0, -15.0, -5.0, -7.0, -5.0, -13.0, 1.0, -6.0, -3.0, 7.0, -19.0, 13.0, -14.0, -10.0, -13.0, -11.0, 5.0, 2.0, 2.0, 4.0, -14.0, -7.0, 4.0, -7.0, -11.0, -14.0, 4.0, 4.0, -13.0, -22.0, -16.0, -13.0, -3.0, -6.0, -1.0, -1.0, 6.0, 1.0, -5.0, -2.0, 0.0, -13.0, -14.0, -9.0, -9.0, 14.0, -10.0, -3.0, -10.0, 2.0, -10.0, -7.0, -7.0, -10.0, 9.0, -10.0, -17.0, -15.0, 0.0, 9.0, -4.0, -18.0, -6.0, 4.0, -3.0, -7.0, -6.0, -8.0, 8.0, -8.0, 0.0, 13.0, -16.0, -9.0, 0.0, -6.0, -4.0, -5.0, -24.0, -30.0, -10.0, -32.0, -5.0, 10.0, -25.0, -21.0, -5.0, -16.0, -9.0, -10.0, -15.0, 6.0, -4.0, -21.0, 12.0, -9.0, -1.0, 4.0, -4.0, -10.0, -1.0, -1.0, -11.0, -10.0, -6.0, -17.0, -3.0, -5.0, 6.0, -7.0, 2.0, -6.0, -3.0, -7.0, 9.0, -15.0, 0.0, -5.0, 2.0, -11.0, -11.0, -3.0, -9.0, -7.0, -1.0, -9.0, 5.0, -1.0, 0.0, -7.0, -5.0, -28.0, 4.0, -13.0, -3.0, 20.0, -7.0, -20.0, 1.0, -11.0, 1.0, -3.0, -7.0, -16.0, -11.0, 6.0, 8.0, -2.0, 11.0, 9.0, 2.0, 2.0, -18.0, -17.0, -10.0, -10.0, -6.0, 11.0, -8.0, -7.0, 2.0, 6.0, -9.0, -7.0, -3.0, -6.0, -14.0, -21.0, -1.0, -5.0, -14.0, -10.0, -27.0, -13.0, 1.0, 5.0, 0.0, -6.0, 9.0, -5.0, -4.0, -16.0, 1.0, -8.0, 6.0, -2.0, -6.0, -10.0, -1.0, 8.0, -6.0, 7.0, -5.0, 7.0, -1.0, 4.0, 10.0, 3.0, -15.0, 3.0, 4.0, 7.0, -6.0, 4.0, 2.0, -10.0, 0.0, -14.0, 9.0, 1.0, -6.0, -14.0, -6.0, -4.0, -11.0, 11.0, -8.0, 0.0, 5.0, -9.0, 0.0, -9.0, -1.0, 10.0, -10.0, -19.0, -21.0, -7.0, 7.0, 1.0, -10.0, -7.0, -3.0, 1.0, 0.0, 2.0, 8.0, -19.0, -9.0, -7.0, -15.0, -12.0, -5.0, -4.0, -33.0, 5.0, 5.0, -5.0, -16.0, -16.0, -4.0, -10.0, 4.0, -19.0, 5.0, -15.0, -4.0, 1.0, -6.0, -19.0, -23.0, 5.0, 8.0, -20.0, -13.0, 4.0, 6.0, -11.0, -5.0, -3.0, -7.0, -12.0, -3.0, 2.0, -17.0, -17.0, -10.0, -2.0, -17.0, -5.0, -16.0, 24.0, 14.0, -6.0, -18.0, -3.0, -2.0, 0.0, -1.0, 0.0, -16.0, -10.0, 1.0, -10.0, -25.0, -6.0, 2.0, -6.0, -13.0, 2.0, 29.0, 2.0, -4.0, -6.0, -5.0, -6.0, 7.0, -7.0, -6.0, 0.0, -4.0, -23.0, -33.0, 9.0, -10.0, -6.0, 2.0, -4.0, 5.0, -2.0, -6.0, -13.0, -11.0, -20.0, -1.0, 7.0, -14.0, -3.0, 20.0, 4.0, -19.0, 3.0, -20.0, -7.0, -10.0, -9.0, 8.0, 10.0, 4.0, -6.0, -6.0, 9.0, -7.0, 10.0, 7.0, -6.0, -5.0, -8.0, 4.0, -2.0, -35.0, 11.0, -15.0, -5.0, -4.0, -5.0, -2.0, -2.0, -21.0, -9.0, -5.0, -2.0, -11.0, -5.0, 2.0, 4.0, -16.0, -7.0, -16.0, -4.0, -12.0, 18.0, 2.0, -13.0, -10.0, -14.0, -1.0, -23.0, -15.0, -4.0, -5.0, -18.0, -4.0, 6.0, -12.0, -9.0, -4.0, -6.0, -20.0, 13.0, 3.0, -13.0, -6.0, 0.0, 3.0, 14.0, -6.0, -10.0, 2.0, -4.0, -7.0, -18.0, 9.0, -6.0, -27.0]",-54.9285266055146,0.0,0.0,0,0.0031549930572509766
17,"[0.9511119, -0.06567435, 0.6069099, 0.03971782, -0.96582496, 0.5343356, -0.25950235, 0.9950744, -0.29912275, -0.0036215233, 0.7655433, -0.30484498, -0.21940386, -0.73554975, -0.6273582, -0.6396737, 0.6106463, -0.3139016, -0.88568306, 0.92950493, 0.62827736, -0.9087404, -0.011468106, 0.30470777, 0.0071165166, -0.14830466, 0.8374869, 0.53425986, -0.46091518, -0.5743669, -0.21359321, 0.1004023, -0.6207496, 0.46340546, 0.93537045, 0.5932622, -0.0529685, -0.8814859, -0.40563634, -0.1469771, 0.3468116, -0.76096135, 0.1034089, 0.63714695, -0.57570845, -0.35478532, 0.5854729, 0.11361302, -0.9554157, -0.824859, 0.13407718, 0.783502, 0.9186907, 0.50587946, -0.0018718092, 0.6979316, 0.22807108, -0.8737137, -0.38603997, -0.77086294, -0.7360637, -0.044073302, 0.120410904, -0.72449136, -0.85804236, 0.60483104, -0.90546685, 0.2378091, -0.09232345, 0.79041654, 0.73981196, 0.5495699, 0.50919545, 0.60125905, 0.07055098, 0.22376923, -0.3292447, -0.8888731, -0.91569334, 0.17614456, -0.4386909, 0.90764, 0.8225387, -0.2666821, 0.5228996, 0.5701339, -0.8044223, 0.49067792, 0.7150819, -0.33456874, 0.3453127, -0.67029995, 0.6417903, 0.8052223, 0.052107967, -0.6992733, -0.5475344, -0.087643534, 0.22465694, 0.8808891, 0.88052547, -0.86424327, 0.87845045, 0.6504922, -0.3870541, -0.33911583, 0.60759884, -0.93278843, 0.8589826, -0.9523351, -0.17367625, -0.05123979, -0.3891293, -0.93123674, 0.9306301, -0.5323391, 0.43989506, -0.36864856, 0.33326045, -0.30462062, -0.88477546, -0.46886662, 0.58259565, -0.894592, -0.116754465, -0.16224211, -0.87315226, -0.13841513, 0.6740859, 0.30824205, 0.89557844, 0.4157963, -0.9932808, 0.68086964, 0.033801004, -0.9377688, 0.88455945, -0.68221974, -0.43108407, -0.21449988, -0.9442804, -0.7812963, -0.72668356, -0.31582597, 0.7870625, 0.72150326, -0.854305, -0.060980413, -0.7812067, -0.5219096, 0.97648126, 0.11329711, -0.6215357, 0.12683086, -0.25136665, -0.86347866, 0.24663891, -0.10842696, -0.08464022, 0.70512956, 0.13552001, 0.67065483, 0.38290405, 0.34543374, 0.53036237, -0.249633, -0.25927037, 0.74064857, -0.8589634, 0.93802786, 0.41273195, -0.94958717, -0.95305276, 0.06367688, 0.03422764, -0.7308193, 0.4824467, 0.96171415, 0.022491366, 0.50746125, -0.352821, -0.016216759, -0.68398094, 0.645318, 0.17897427, 0.7706515, 0.7712314, 0.465357, 0.6456717, -0.7827736, -0.9074841, -0.3822632, 0.6739484, 0.28429502, -0.67967236, -0.3678612, 0.9369182, -0.33220938, 0.36189833, -0.1838931, 0.6008503, -0.7857696, -0.8006687, -0.080044776, -0.35302916, -0.49983206, 0.82992804, 0.99085104, -0.48149353, -0.17733525, 0.66508424, -0.37407237, -0.009242037, -0.030062906, 0.35234424, 0.12383503, -0.9952312, -0.36251506, -0.09522023, -0.14771336, 0.81193703, -0.60790527, -0.58160245, 0.6159857, 0.5847191, -0.43067107, -0.80288714, 0.8051358, 0.28882274, -0.6802136, 0.28592214, -0.046990156, 0.15561834, 0.87479395, 0.4117384, -0.024517346, -0.7840226, 0.94611967, 0.18098813, 0.00025528207, 0.88321024, 0.29893363, -0.34754455, -0.49549612, 0.76304793, 0.45948258, 0.5240026, 0.20791383, 0.037258275, -0.07537659, -0.99905527, 0.78620607, -0.6518697, -0.41388273, 0.22298414, -0.7265494, 0.9025657, -0.21301605, -0.33709717, 0.54914993, -0.4911908, 0.7256837, 0.9986934, -0.9605578, 0.116508394, -0.55814487, -0.2577392, -0.18939315, -0.10168385, 0.5614085, 0.0407847, -0.21079497, -0.065339915, 0.99985147, 0.050921883, 0.6622708, -0.9557436, 0.7047731, 0.15595578, -0.5709299, -0.47600168, -0.17354728, 0.8929386, 0.17894565, -0.51764685, -0.038644016, 0.824361, 0.94073784, 0.94068164, -0.0046338295, 0.6602588, 0.93939257, -0.5707877, -0.8554594, -0.6516513, 0.71309507, 0.018513367, -0.26555228, 0.31844786, 0.060128614, -0.7963437, 0.4331604, 0.7478185, -0.5152107, 0.9928547, 0.996858, -0.8008075, -0.7104156, 0.045507137, -0.8160201, -0.70827836, -0.6884601, 0.58783406, -0.26703933, 0.60874474, -0.4612072, -0.86612487, 0.5942062, 0.21679783, 0.35796013, -0.5419113, -0.11899979, -0.9582052, 0.02538975, 0.5944903, 0.5759489, 0.57004887, -0.8501848, -0.17401499, 0.086046934, -0.46223137, 0.8384635, 0.5586753, 0.7892978, 0.64853585, 0.004008001, -0.14224857, -0.54328847, 0.8234185, -0.69748455, 0.2844028, 0.6960314, 0.8481801, -0.8321572, 0.52762234, -0.5339027, 0.7152838, -0.74337155, 0.32373092, -0.67195266, -0.0614216, -0.31094158, 0.19056775, -0.05887885, -0.4771623, 0.34086427, 0.31660885, 0.7898313, -0.32755294, 0.34740257, 0.71798897, -0.19642223, 0.65154743, -0.21533133, 0.7747409, -0.32070607, 0.73462015, -0.6114784, 0.7735311, -0.49271992, -0.0049059144, -0.2531998, -0.72171295, 0.56785816, 0.08252985, 0.5060489, -0.66273844, -0.8828435, -0.60881865, -0.90897036, -0.64947677, -0.32705757, 0.7869029, -0.8428446, -0.56525004, 0.26333013, 0.8189571, 0.5525986, -0.5784112, 0.16117525, 0.911932, -0.778056, -0.8307923, 0.18236579, -0.32427976, -0.5197243, 0.28265646, 0.41254452, 0.40146658, 0.24279484, -0.27286202, -0.29187357, 0.34853825, -0.14438471, 0.41839233, 0.44716012, 0.9439549, -0.21941866, -0.28253505, 0.7364744, 0.63420254, 0.12479533, 0.8912252, 0.68558604, -0.16472371, 0.32315782, -0.85982597, 0.20142302, -0.05387715, 0.9892963, 0.64399356, 0.64424884, 0.56612843, -0.2556221, -0.8985191, 0.2553486, 0.68474823, 0.7405182, 0.78091073, 0.9977514, -0.66490227, -0.65907896, -0.31128287, 0.9246545, 0.9176946, -0.8650386, -0.04508838, -0.024891067, 0.716199, 0.5564723, -0.15394479, -0.6137838, -0.3184919, -0.5904573, 0.35644037, -0.31933087, 0.68566287, -0.3275639, 0.556518, -0.00016244501, -0.30462265, 0.4487093, -0.011194863, 0.6077283, 0.2794823, 0.8526914, 0.4080401, -0.2547436, 0.51939815, 0.79823947, -0.046065368, 0.8136525, -0.7084363, -0.67781585, -0.66156423, 0.6445269, 0.50293946, -0.11901414, 0.38917816, 0.22603364, -0.50487983, 0.6358482, 0.023682809, 0.62717265, 0.9981172, -0.65814245, -0.17960133, -0.8612618, -0.29669622, -0.95738846, -0.76035595, -0.3241884, 0.8400353, 0.74832386, 0.20434965, -0.31542152, -0.84046954, -0.3933072, -0.58640957, -0.9191496, -0.4753198, -0.35349616, -0.4882551, -0.092355214, 0.44082358, -0.34746146, 0.89484066, 0.87774074, 0.5209682, 0.5841134]","[7.0, 0.0, -18.0, -7.0, -2.0, -9.0, 6.0, -12.0, -20.0, -11.0, -2.0, 22.0, 5.0, 0.0, -12.0, -1.0, -4.0, 1.0, -10.0, 0.0, -26.0, 5.0, 0.0, 1.0, -7.0, -14.0, -6.0, -24.0, -5.0, -20.0, -14.0, 7.0, 0.0, 14.0, -2.0, -11.0, -8.0, -12.0, 3.0, 1.0, 3.0, 14.0, -8.0, -6.0, -16.0, 11.0, -6.0, -9.0, 1.0, -5.0, -5.0, -3.0, 6.0, 3.0, -17.0, -11.0, -9.0, 13.0, 5.0, 4.0, -11.0, 2.0, -18.0, 5.0, -5.0, -1.0, -3.0, -8.0, 1.0, -2.0, -21.0, 17.0, -10.0, -19.0, -22.0, -6.0, -4.0, -12.0, -2.0, -10.0, 16.0, -10.0, 7.0, -23.0, -10.0, -11.0, 2.0, 8.0, -8.0, -6.0, -1.0, -18.0, -4.0, -4.0, 4.0, -8.0, -15.0, -5.0, -7.0, -5.0, -13.0, 1.0, -6.0, -3.0, 7.0, -19.0, 13.0, -14.0, -10.0, -13.0, -11.0, 5.0, 2.0, 2.0, 4.0, -14.0, -7.0, 4.0, -7.0, -11.0, -14.0, 4.0, 4.0, -13.0, -22.0, -16.0, -13.0, -3.0, -6.0, -1.0, -1.0, 6.0, 1.0, -5.0, -2.0, 0.0, -13.0, -14.0, -9.0, -9.0, 14.0, -10.0, -3.0, -10.0, 2.0, -10.0, -7.0, -7.0, -10.0, 9.0, -10.0, -17.0, -15.0, 0.0, 9.0, -4.0, -18.0, -6.0, 4.0, -3.0, -7.0, -6.0, -8.0, 8.0, -8.0, 0.0, 13.0, -16.0, -9.0, 0.0, -6.0, -4.0, -5.0, -24.0, -30.0, -10.0, -32.0, -5.0, 10.0, -25.0, -21.0, -5.0, -16.0, -9.0, -10.0, -15.0, 6.0, -4.0, -21.0, 12.0, -9.0, -1.0, 4.0, -4.0, -10.0, -1.0, -1.0, -11.0, -10.0, -6.0, -17.0, -3.0, -5.0, 6.0, -7.0, 2.0, -6.0, -3.0, -7.0, 9.0, -15.0, 0.0, -5.0, 2.0, -11.0, -11.0, -3.0, -9.0, -7.0, -1.0, -9.0, 5.0, -1.0, 0.0, -7.0, -5.0, -28.0, 4.0, -13.0, -3.0, 20.0, -7.0, -20.0, 1.0, -11.0, 1.0, -3.0, -7.0, -16.0, -11.0, 6.0, 8.0, -2.0, 11.0, 9.0, 2.0, 2.0, -18.0, -17.0, -10.0, -10.0, -6.0, 11.0, -8.0, -7.0, 2.0, 6.0, -9.0, -7.0, -3.0, -6.0, -14.0, -21.0, -1.0, -5.0, -14.0, -10.0, -27.0, -13.0, 1.0, 5.0, 0.0, -6.0, 9.0, -5.0, -4.0, -16.0, 1.0, -8.0, 6.0, -2.0, -6.0, -10.0, -1.0, 8.0, -6.0, 7.0, -5.0, 7.0, -1.0, 4.0, 10.0, 3.0, -15.0, 3.0, 4.0, 7.0, -6.0, 4.0, 2.0, -10.0, 0.0, -14.0, 9.0, 1.0, -6.0, -14.0, -6.0, -4.0, -11.0, 11.0, -8.0, 0.0, 5.0, -9.0, 0.0, -9.0, -1.0, 10.0, -10.0, -19.0, -21.0, -7.0, 7.0, 1.0, -10.0, -7.0, -3.0, 1.0, 0.0, 2.0, 8.0, -19.0, -9.0, -7.0, -15.0, -12.0, -5.0, -4.0, -33.0, 5.0, 5.0, -5.0, -16.0, -16.0, -4.0, -10.0, 4.0, -19.0, 5.0, -15.0, -4.0, 1.0, -6.0, -19.0, -23.0, 5.0, 8.0, -20.0, -13.0, 4.0, 6.0, -11.0, -5.0, -3.0, -7.0, -12.0, -3.0, 2.0, -17.0, -17.0, -10.0, -2.0, -17.0, -5.0, -16.0, 24.0, 14.0, -6.0, -18.0, -3.0, -2.0, 0.0, -1.0, 0.0, -16.0, -10.0, 1.0, -10.0, -25.0, -6.0, 2.0, -6.0, -13.0, 2.0, 29.0, 2.0, -4.0, -6.0, -5.0, -6.0, 7.0, -7.0, -6.0, 0.0, -4.0, -23.0, -33.0, 9.0, -10.0, -6.0, 2.0, -4.0, 5.0, -2.0, -6.0, -13.0, -11.0, -20.0, -1.0, 7.0, -14.0, -3.0, 20.0, 4.0, -19.0, 3.0, -20.0, -7.0, -10.0, -9.0, 8.0, 10.0, 4.0, -6.0, -6.0, 9.0, -7.0, 10.0, 7.0, -6.0, -5.0, -8.0, 4.0, -2.0, -35.0, 11.0, -15.0, -5.0, -4.0, -5.0, -2.0, -2.0, -21.0, -9.0, -5.0, -2.0, -11.0, -5.0, 2.0, 4.0, -16.0, -7.0, -16.0, -4.0, -12.0, 18.0, 2.0, -13.0, -10.0, -14.0, -1.0, -23.0, -15.0, -4.0, -5.0, -18.0, -4.0, 6.0, -12.0, -9.0, -4.0, -6.0, -20.0, 13.0, 3.0, -13.0, -6.0, 0.0, 3.0, 14.0, -6.0, -10.0, 2.0, -4.0, -7.0, -18.0, 9.0, -6.0, -27.0]",-54.9285266055146,0.0,0.0,0,0.003162860870361328
18,"[-0.5733579, 0.75752276, -0.032182835, -0.063456304, -0.102840275, 0.40588036, 0.8450704, 0.86556715, -0.85726607, 0.02456775, -0.5398614, -0.1112121, 0.12292665, 0.26377505, 0.5786402, 0.028659156, 0.47238562, -0.27166298, -0.1356189, -0.31429496, -0.018117024, -0.029166082, 0.22127283, 0.4826572, -0.2723691, 0.96905375, -0.6472835, -0.07549673, 0.87768924, 0.5460939, 0.36420724, -0.106644064, 0.060556807, 0.14522, 0.7489438, -0.018398546, 0.2010512, 0.23929921, 0.63313746, -0.8370843, -0.40576065, -0.87371004, -0.5866915, -0.27763143, -0.957978, -0.6837697, 0.38390413, 0.7119896, -0.909859, 0.93947583, 0.26145053, 0.61925864, 0.5872456, -0.29294956, 0.8180521, 0.5368709, 0.09191118, -0.37823996, -0.70338213, 0.6222298, -0.334944, -0.80263495, -0.60954285, 0.38429305, 0.74524266, -0.6351188, -0.42814785, -0.30773583, -0.698982, 0.5508622, 0.2742873, 0.6210443, 0.9549075, 0.75397056, 0.33224073, 0.023467168, -0.8317634, 0.060523517, -0.839368, -0.5927785, -0.14498737, 0.82703435, -0.663025, 0.42446876, -0.91823, 0.7091879, 0.8568634, -0.5968824, 0.5091107, 0.80720186, -0.29966262, -0.3423442, -0.39479852, 0.5490925, 0.63170093, 0.34998977, -0.5498831, 0.1301274, -0.56512785, 0.67712474, -0.18661791, -0.10628973, -0.95888084, 0.65198284, 0.75512356, 0.2804949, 0.6914337, 0.14935733, -0.7908418, -0.8232118, -0.9687064, -0.60715693, -0.5660114, 0.8644366, 0.5552071, -0.54666823, -0.2751652, -0.48779497, 0.14699155, 0.17651641, -0.8050204, 0.2909758, -0.844283, 0.47644907, 0.35648042, 0.51711154, -0.090042315, 0.5810795, 0.21288915, -0.650209, -0.5836013, -0.22235332, -0.72667617, 0.39967307, -0.69785184, -0.37484235, 0.5668477, -0.3996381, -0.49803406, 0.023369005, -0.48641318, -0.03919189, -0.35123098, 0.26802942, -0.00018305192, -0.38032296, -0.8109061, 0.21424001, -0.81579447, 0.1767362, -0.78424025, 0.28511614, 0.6767659, 0.60818505, 0.16710748, 0.8269129, 0.35711902, -0.986481, 0.38905698, -0.8709801, -0.14335907, -0.3181927, -0.3773728, 0.19889252, 0.67499405, 0.19643961, 0.7921316, -0.046768125, -0.092058, 0.8706606, -0.9327172, -0.09721438, 0.3575315, 0.4203103, -0.27765393, 0.531279, -0.9357995, 0.39326808, -0.41718513, -0.11966877, 0.29793718, -0.92339873, -0.08342834, -0.4001559, -0.42180476, -0.9845495, -0.6035634, -0.14735667, 0.38560614, 0.71410346, -0.27399892, 0.8279445, -0.87216216, -0.4328712, 0.848749, -0.51752305, -0.8062614, 0.6551994, 0.9107784, -0.3134046, 0.9673504, -0.7618124, -0.8771969, 0.09940249, 0.73509675, 0.4558783, -0.3911964, -0.679412, 0.6853199, 0.8324218, 0.80647415, 0.44071138, 0.58747715, 0.6869951, 0.17016073, 0.49504855, -0.4839604, -0.0064316415, -0.34390903, -0.44256324, -0.23356558, -0.8030633, 0.07753853, 0.8034724, 0.36101466, -0.47523794, 0.8324112, 0.59756947, 0.47915626, -0.60238594, -0.05669412, -0.8848194, 0.30563983, -0.41206136, -0.36006212, 0.57498807, -0.85567164, 0.7357695, 0.029804474, 0.24672374, -0.30285093, 0.40778804, -0.38314888, -0.25886062, 0.80240744, 0.81008327, 0.14716773, 0.8504455, 0.73944616, 0.19509701, 0.64614093, -0.61062604, -0.54079425, -0.74294037, -0.0021058128, -0.52195185, 0.61357856, -0.47662932, -0.07729106, -0.5787733, 0.016331937, 0.34966028, -0.9501944, 0.093423925, -0.06597738, 0.58184475, 0.5443883, -0.54996574, -0.43455303, 0.5571211, -0.46313927, 0.6855001, -0.94412977, -0.07468636, 0.40696505, -0.32881266, 0.5811835, 0.2355084, 0.57507664, 0.4049069, -0.10811782, 0.5315541, -0.9122933, -0.3862039, 0.067465276, -0.8691935, -0.6959593, -0.3708538, 0.5724727, 0.53371114, -0.26365837, 0.3198149, -0.17025208, -0.82247263, -0.70648175, -0.11778206, 0.6068194, 0.66756517, -0.06689343, 0.05299133, -0.7839095, 0.31274083, 0.344986, -0.6448284, -0.19286644, -0.79629046, 0.28030115, -0.8131593, -0.96907705, -0.36348596, 0.27563986, -0.685271, 0.27202007, -0.8206665, -0.7933926, 0.71837705, 0.59623027, 0.5711054, -0.30785498, -0.6948204, -0.14389105, -0.39022398, 0.15751195, -0.6503342, 0.31916025, 0.6152632, -0.6983689, -0.7590157, -0.22112012, -0.9369995, 0.5828672, 0.64706635, -0.86338484, 0.108441636, 0.43054742, -0.38875443, 0.24864832, 0.43893918, 0.8016805, 0.60270053, 0.12759578, -0.80092686, 0.64236015, 0.84008247, -0.40500352, 0.25116003, 0.9121744, -0.49120817, 0.9564001, -0.28656086, -0.8251661, -0.9030107, 0.93053496, -0.49114192, 0.0014719857, -0.27631542, 0.40515602, 0.070191495, 0.845144, -0.13737328, -0.27713355, 0.17480455, 0.69208366, 0.5071165, 0.5909938, 0.66193867, 0.7265092, 0.8574423, -0.58002645, 0.10842591, 0.1508581, 0.047101475, 0.1457728, -0.6226673, 0.24501853, -0.58317435, 0.78377354, 0.9064094, 0.6363874, -0.7685767, 0.3735874, 0.76052, 0.10643902, -0.19666342, -0.3755985, -0.68392617, 0.5210687, 0.42426932, -0.63303834, -0.66969573, -0.059272654, 0.5127551, 0.48285618, -0.36086684, -0.22492172, -0.94744086, 0.703866, 0.24105489, 0.34618294, -0.35989556, 0.90695983, -0.9290535, -0.2550406, 0.26900023, -0.31174183, -0.6739487, 0.3955922, -0.4504021, 0.49678457, -0.11008967, 0.061189305, -0.8287254, 0.03675757, 0.34843695, 0.102434196, 0.9651612, -0.8623636, 0.4475017, -0.52445316, -0.6597134, 0.62643975, -0.14944132, 0.76307863, 0.3486866, 0.2523712, -0.5021841, -0.19906929, -0.4641838, 0.4269585, -0.24590202, -0.473577, 0.0027439438, -0.4949716, -0.43799266, -0.2506257, 0.102938175, 0.3962594, 0.8137882, -0.32658914, 0.5509359, -0.77650535, -0.347448, -0.083781816, -0.7630542, -0.6107669, 0.81930745, 0.96209437, 0.24436343, -0.83817965, 0.01185197, 0.3511193, 0.5664301, -0.87860584, 0.7877292, 0.29160494, -0.08442078, -0.29611933, 0.7651277, 0.94790065, 0.84627074, -0.59662205, 0.06921512, -0.40768537, -0.77891296, -0.09928338, 0.79591006, -0.17029156, -0.33225268, -0.3388233, -0.52744126, 0.13811915, -0.06210358, 0.009127139, -0.5076449, -0.8298627, -0.88175255, -0.53058463, 0.6983597, -0.89084256, 0.2785624, 0.115777336, 0.11951941, 0.07381781, 0.4557616, 0.48487878, 0.2585587, -0.11678501, -0.78352726, 0.21771564, -0.3469434, 0.75577253, -0.15635493, 0.7168619, 0.43196166, 0.7666599, 0.7935233, 0.66824013, 0.055464104, 0.6216954, -0.47238827]","[7.0, 0.0, -18.0, -7.0, -2.0, -9.0, 6.0, -12.0, -20.0, -11.0, -2.0, 22.0, 5.0, 0.0, -12.0, -1.0, -4.0, 1.0, -10.0, 0.0, -26.0, 5.0, 0.0, 1.0, -7.0, -14.0, -6.0, -24.0, -5.0, -20.0, -14.0, 7.0, 0.0, 14.0, -2.0, -11.0, -8.0, -12.0, 3.0, 1.0, 3.0, 14.0, -8.0, -6.0, -16.0, 11.0, -6.0, -9.0, 1.0, -5.0, -5.0, -3.0, 6.0, 3.0, -17.0, -11.0, -9.0, 13.0, 5.0, 4.0, -11.0, 2.0, -18.0, 5.0, -5.0, -1.0, -3.0, -8.0, 1.0, -2.0, -21.0, 17.0, -10.0, -19.0, -22.0, -6.0, -4.0, -12.0, -2.0, -10.0, 16.0, -10.0, 7.0, -23.0, -10.0, -11.0, 2.0, 8.0, -8.0, -6.0, -1.0, -18.0, -4.0, -4.0, 4.0, -8.0, -15.0, -5.0, -7.0, -5.0, -13.0, 1.0, -6.0, -3.0, 7.0, -19.0, 13.0, -14.0, -10.0, -13.0, -11.0, 5.0, 2.0, 2.0, 4.0, -14.0, -7.0, 4.0, -7.0, -11.0, -14.0, 4.0, 4.0, -13.0, -22.0, -16.0, -13.0, -3.0, -6.0, -1.0, -1.0, 6.0, 1.0, -5.0, -2.0, 0.0, -13.0, -14.0, -9.0, -9.0, 14.0, -10.0, -3.0, -10.0, 2.0, -10.0, -7.0, -7.0, -10.0, 9.0, -10.0, -17.0, -15.0, 0.0, 9.0, -4.0, -18.0, -6.0, 4.0, -3.0, -7.0, -6.0, -8.0, 8.0, -8.0, 0.0, 13.0, -16.0, -9.0, 0.0, -6.0, -4.0, -5.0, -24.0, -30.0, -10.0, -32.0, -5.0, 10.0, -25.0, -21.0, -5.0, -16.0, -9.0, -10.0, -15.0, 6.0, -4.0, -21.0, 12.0, -9.0, -1.0, 4.0, -4.0, -10.0, -1.0, -1.0, -11.0, -10.0, -6.0, -17.0, -3.0, -5.0, 6.0, -7.0, 2.0, -6.0, -3.0, -7.0, 9.0, -15.0, 0.0, -5.0, 2.0, -11.0, -11.0, -3.0, -9.0, -7.0, -1.0, -9.0, 5.0, -1.0, 0.0, -7.0, -5.0, -28.0, 4.0, -13.0, -3.0, 20.0, -7.0, -20.0, 1.0, -11.0, 1.0, -3.0, -7.0, -16.0, -11.0, 6.0, 8.0, -2.0, 11.0, 9.0, 2.0, 2.0, -18.0, -17.0, -10.0, -10.0, -6.0, 11.0, -8.0, -7.0, 2.0, 6.0, -9.0, -7.0, -3.0, -6.0, -14.0, -21.0, -1.0, -5.0, -14.0, -10.0, -27.0, -13.0, 1.0, 5.0, 0.0, -6.0, 9.0, -5.0, -4.0, -16.0, 1.0, -8.0, 6.0, -2.0, -6.0, -10.0, -1.0, 8.0, -6.0, 7.0, -5.0, 7.0, -1.0, 4.0, 10.0, 3.0, -15.0, 3.0, 4.0, 7.0, -6.0, 4.0, 2.0, -10.0, 0.0, -14.0, 9.0, 1.0, -6.0, -14.0, -6.0, -4.0, -11.0, 11.0, -8.0, 0.0, 5.0, -9.0, 0.0, -9.0, -1.0, 10.0, -10.0, -19.0, -21.0, -7.0, 7.0, 1.0, -10.0, -7.0, -3.0, 1.0, 0.0, 2.0, 8.0, -19.0, -9.0, -7.0, -15.0, -12.0, -5.0, -4.0, -33.0, 5.0, 5.0, -5.0, -16.0, -16.0, -4.0, -10.0, 4.0, -19.0, 5.0, -15.0, -4.0, 1.0, -6.0, -19.0, -23.0, 5.0, 8.0, -20.0, -13.0, 4.0, 6.0, -11.0, -5.0, -3.0, -7.0, -12.0, -3.0, 2.0, -17.0, -17.0, -10.0, -2.0, -17.0, -5.0, -16.0, 24.0, 14.0, -6.0, -18.0, -3.0, -2.0, 0.0, -1.0, 0.0, -16.0, -10.0, 1.0, -10.0, -25.0, -6.0, 2.0, -6.0, -13.0, 2.0, 29.0, 2.0, -4.0, -6.0, -5.0, -6.0, 7.0, -7.0, -6.0, 0.0, -4.0, -23.0, -33.0, 9.0, -10.0, -6.0, 2.0, -4.0, 5.0, -2.0, -6.0, -13.0, -11.0, -20.0, -1.0, 7.0, -14.0, -3.0, 20.0, 4.0, -19.0, 3.0, -20.0, -7.0, -10.0, -9.0, 8.0, 10.0, 4.0, -6.0, -6.0, 9.0, -7.0, 10.0, 7.0, -6.0, -5.0, -8.0, 4.0, -2.0, -35.0, 11.0, -15.0, -5.0, -4.0, -5.0, -2.0, -2.0, -21.0, -9.0, -5.0, -2.0, -11.0, -5.0, 2.0, 4.0, -16.0, -7.0, -16.0, -4.0, -12.0, 18.0, 2.0, -13.0, -10.0, -14.0, -1.0, -23.0, -15.0, -4.0, -5.0, -18.0, -4.0, 6.0, -12.0, -9.0, -4.0, -6.0, -20.0, 13.0, 3.0, -13.0, -6.0, 0.0, 3.0, 14.0, -6.0, -10.0, 2.0, -4.0, -7.0, -18.0, 9.0, -6.0, -27.0]",-54.9285266055146,0.0,0.0,0,0.003143787384033203
19,"[-0.3573776, 0.6000333, -0.12471485, 0.66863525, -0.47595882, -0.79805434, -0.9153988, 0.7846893, -0.22457398, -0.12019947, -0.55015945, 0.9972269, 0.9964944, 0.17534399, -0.70980823, 0.85637677, 0.5081667, 0.03636842, 0.1894729, 0.81791884, -0.715918, 0.0050703418, -0.60855764, -0.81424814, -0.17103232, 0.5620522, -0.8074559, 0.3276674, -0.7301481, -0.17967595, 0.08932931, 0.41126913, 0.16186598, 0.92271703, 0.58076215, 0.16464463, -0.82608885, 0.63220376, 0.50692874, -0.720319, 0.28670985, -0.54594404, -0.6927833, -0.46596116, -0.80736953, 0.4030881, 0.7818324, -0.111415476, -0.86111104, 0.7079124, -0.1908546, 0.9495231, -0.918411, -0.58344984, -0.7374396, -0.4570865, -0.7833689, -0.49315333, 0.36778772, -0.46359023, 0.44074014, 0.28945073, -0.7521914, 0.845682, -0.8354317, 0.9141349, 0.93947566, -0.25019056, 0.8745836, -0.83396024, -0.39982483, 0.21921569, 0.47880062, 0.8187244, 0.48558795, -0.7646742, -0.5339277, 0.4402192, 0.74240273, -0.9341629, 0.028043028, -0.26590738, -0.17131628, -0.5995959, -0.3175555, -0.053787023, 0.44372645, -0.34695795, -0.25741455, -0.3693853, -0.21730429, -0.13329174, 0.61238015, -0.11842435, -0.34756312, -0.8707022, -0.7278391, -0.9414586, -0.4097757, 0.17050698, -0.40351835, -0.16984494, -0.2519035, 0.423612, -0.32419488, 0.50975966, 0.8407938, -0.8391978, -0.20536214, -0.8941987, 0.06939813, -0.87870413, -0.13108386, -0.68224615, -0.23377047, 0.8953144, 0.9560956, 0.30270612, -0.03747993, 0.24763651, -0.5809998, -0.41334224, 0.99612755, 0.047079843, -0.22602797, -0.023243068, 0.33584914, 0.67800605, -0.37325138, -0.52909666, 0.102031685, -0.74055696, -0.6555806, -0.17850277, -0.72224176, -0.24036664, -0.7044513, 0.7196535, 0.49161294, 0.3411197, 0.006188502, -0.31141007, -0.9801041, 0.76520735, -0.62374413, -0.7144839, -0.16273174, -0.5581016, 0.9408886, 0.8687615, 0.73441136, 0.62464, 0.18966183, 0.57297057, -0.76582265, -0.9148951, -0.9141155, -0.16912599, 0.99643904, 0.08880879, -0.7894623, -0.52650815, -0.59476036, 0.36552745, 0.49778512, -0.08674064, 0.65817964, -0.13936289, 0.70022845, -0.09231033, 0.81025624, 0.18217935, -0.35956553, 0.24943538, 0.69251204, 0.15606482, -0.118095696, 0.8781353, -0.7120476, -0.05019817, 0.73907244, 0.11419953, -0.47779316, -0.9593278, 0.36807686, 0.42970645, -0.35767728, -0.19523504, -0.10091124, -0.31513938, -0.5873428, 0.8857265, -0.4583388, 0.65704906, -0.9245683, -0.11615652, -0.301723, 0.1427338, -0.5476992, -0.30528066, -0.15611115, -0.71153516, 0.6373341, 0.9906372, -0.156663, 0.5427985, 0.5563749, -0.2072712, 0.42044413, -0.09710379, -0.69551814, 0.22106737, -0.7969749, -0.8567526, 0.42587742, -0.16029614, -0.5161531, -0.5412999, 0.9971263, 0.06601293, 0.940985, -0.3092296, -0.07880777, -0.1642358, -0.5991959, -0.7712502, -0.066493034, 0.455381, -0.9256078, 0.10906801, 0.47059703, -0.33494484, 0.86136544, 0.47037458, 0.01850658, -0.49681073, 0.6606686, -0.5062174, 0.13237794, 0.4774905, -0.56966984, -0.06667046, 0.054842975, -0.7477489, 0.7986512, -0.6510901, 0.14791667, -0.9689071, -0.3914195, 0.012897892, -0.6304616, -0.44197738, -0.7679656, -0.5942983, 0.78997844, -0.037243374, -0.95843416, -0.31051722, -0.7340286, -0.23142484, -0.34039545, -0.24997522, -0.2375764, -0.2701599, 0.36748153, 0.18474744, 0.040451344, -0.029445237, 0.92479247, -0.92835075, -0.5885144, 0.41005316, -0.72417617, -0.17342381, -0.8757207, 0.3661618, 0.59632134, -0.6362088, -0.22382306, -0.23331836, 0.371687, -0.5945682, -0.2851958, -0.5604068, 0.9243082, 0.15898056, -0.38063475, 0.15722223, 0.23369023, 0.20207368, -0.9044432, 0.29021043, -0.30781174, -0.8172064, -0.27100593, 0.03170787, 0.6618323, -0.65930814, 0.19960591, 0.5324525, 0.4324394, 0.67839384, -0.008300816, 0.23052992, 0.31427214, -0.18046619, 0.6511777, 0.4720481, 0.4720945, -0.94751513, -0.97164947, -0.14665982, -0.5719023, -0.82155603, 0.99854434, -0.04961235, -0.56423587, -0.26504937, 0.1187714, 0.98264104, -0.9430924, 0.82636034, 0.9627069, -0.071346365, -0.19108725, -0.4511915, -0.32099423, 0.9262724, -0.78912073, -0.7892757, 0.91909015, -0.8500386, -0.21520463, 0.65397006, 0.53768426, -0.45617583, 0.3055463, 0.04705649, 0.2808541, -0.6241926, 0.038536016, 0.5379022, -0.105886385, -0.59036726, -0.6982007, -0.8698127, -0.545036, -0.8971697, -0.60109466, -0.3734238, -0.41676676, 0.49132544, 0.11750425, 0.8530219, 0.06863826, 0.3830303, 0.5697736, 0.8697481, 0.63091856, -0.5830265, -0.029354803, 0.071145765, 0.23643936, 0.8428473, -0.9786416, 0.48284566, 0.6611796, 0.02633811, -0.34000462, -0.23691432, 0.12860554, 0.09432964, -0.73641866, 0.5713261, -0.52065, 0.7826524, -0.35362768, 0.62544215, 0.99792224, 0.38482642, 0.3715118, -0.88287234, -0.28251988, 0.83259875, -0.6723811, -0.8599012, -0.3209543, -0.16824464, -0.8949402, 0.16275631, -0.7305967, -0.38297462, 0.39020708, 0.92564124, -0.88850623, -0.17600943, 0.5432194, 0.64018315, -0.59620744, -0.6490028, -0.23386268, 0.45167232, -0.7311265, -0.37745628, 0.17529768, -0.10899065, -0.054815486, -0.42764676, -0.23999901, -0.4940363, -0.6429536, -0.3727771, 0.2936805, 0.34365106, -0.9241182, -0.97412366, 0.18487124, 0.089938894, -0.25284296, 0.22874527, -0.42009446, 0.6437101, -0.08955984, 0.44723904, 0.47311935, 0.102449074, -0.63605183, 0.8999694, 0.85200834, 0.36625195, 0.06421332, 0.5818411, 0.96458983, 0.08702251, -0.39564857, -0.88114333, 0.5087272, 0.2194364, 0.56373304, 0.66650087, 0.75024486, 0.50153965, 0.14987047, 0.15190093, 0.4742119, -0.09643012, 0.44414884, -0.113547, 0.5896666, -0.07628092, 0.75799537, 0.07347619, 0.5462371, 0.15550905, -0.86237353, 0.5486572, 0.3295663, -0.8455088, 0.24611132, 0.46631813, -0.1213778, -0.7027125, 0.17664452, -0.12546282, -0.71886, -0.73938525, 0.9648237, -0.6408275, 0.9914662, -0.2518358, 0.7128281, 0.6742602, 0.1511521, 0.6087462, -0.14568464, -0.9097758, -0.6678764, -0.7024491, 0.47355944, -0.7097911, -0.43914235, -0.5928838, 0.93561697, 0.5897313, 0.28867123, -0.61820024, 0.64821935, -0.60291, -0.7274057, -0.73712355, -0.61004, -0.7629341, -0.228917, 0.6525671, -0.33737257, 0.5476708, 0.45154175, 0.77435875, 0.84412694, -0.14366248]","[7.0, 0.0, -18.0, -7.0, -2.0, -9.0, 6.0, -12.0, -20.0, -11.0, -2.0, 22.0, 5.0, 0.0, -12.0, -1.0, -4.0, 1.0, -10.0, 0.0, -26.0, 5.0, 0.0, 1.0, -7.0, -14.0, -6.0, -24.0, -5.0, -20.0, -14.0, 7.0, 0.0, 14.0, -2.0, -11.0, -8.0, -12.0, 3.0, 1.0, 3.0, 14.0, -8.0, -6.0, -16.0, 11.0, -6.0, -9.0, 1.0, -5.0, -5.0, -3.0, 6.0, 3.0, -17.0, -11.0, -9.0, 13.0, 5.0, 4.0, -11.0, 2.0, -18.0, 5.0, -5.0, -1.0, -3.0, -8.0, 1.0, -2.0, -21.0, 17.0, -10.0, -19.0, -22.0, -6.0, -4.0, -12.0, -2.0, -10.0, 16.0, -10.0, 7.0, -23.0, -10.0, -11.0, 2.0, 8.0, -8.0, -6.0, -1.0, -18.0, -4.0, -4.0, 4.0, -8.0, -15.0, -5.0, -7.0, -5.0, -13.0, 1.0, -6.0, -3.0, 7.0, -19.0, 13.0, -14.0, -10.0, -13.0, -11.0, 5.0, 2.0, 2.0, 4.0, -14.0, -7.0, 4.0, -7.0, -11.0, -14.0, 4.0, 4.0, -13.0, -22.0, -16.0, -13.0, -3.0, -6.0, -1.0, -1.0, 6.0, 1.0, -5.0, -2.0, 0.0, -13.0, -14.0, -9.0, -9.0, 14.0, -10.0, -3.0, -10.0, 2.0, -10.0, -7.0, -7.0, -10.0, 9.0, -10.0, -17.0, -15.0, 0.0, 9.0, -4.0, -18.0, -6.0, 4.0, -3.0, -7.0, -6.0, -8.0, 8.0, -8.0, 0.0, 13.0, -16.0, -9.0, 0.0, -6.0, -4.0, -5.0, -24.0, -30.0, -10.0, -32.0, -5.0, 10.0, -25.0, -21.0, -5.0, -16.0, -9.0, -10.0, -15.0, 6.0, -4.0, -21.0, 12.0, -9.0, -1.0, 4.0, -4.0, -10.0, -1.0, -1.0, -11.0, -10.0, -6.0, -17.0, -3.0, -5.0, 6.0, -7.0, 2.0, -6.0, -3.0, -7.0, 9.0, -15.0, 0.0, -5.0, 2.0, -11.0, -11.0, -3.0, -9.0, -7.0, -1.0, -9.0, 5.0, -1.0, 0.0, -7.0, -5.0, -28.0, 4.0, -13.0, -3.0, 20.0, -7.0, -20.0, 1.0, -11.0, 1.0, -3.0, -7.0, -16.0, -11.0, 6.0, 8.0, -2.0, 11.0, 9.0, 2.0, 2.0, -18.0, -17.0, -10.0, -10.0, -6.0, 11.0, -8.0, -7.0, 2.0, 6.0, -9.0, -7.0, -3.0, -6.0, -14.0, -21.0, -1.0, -5.0, -14.0, -10.0, -27.0, -13.0, 1.0, 5.0, 0.0, -6.0, 9.0, -5.0, -4.0, -16.0, 1.0, -8.0, 6.0, -2.0, -6.0, -10.0, -1.0, 8.0, -6.0, 7.0, -5.0, 7.0, -1.0, 4.0, 10.0, 3.0, -15.0, 3.0, 4.0, 7.0, -6.0, 4.0, 2.0, -10.0, 0.0, -14.0, 9.0, 1.0, -6.0, -14.0, -6.0, -4.0, -11.0, 11.0, -8.0, 0.0, 5.0, -9.0, 0.0, -9.0, -1.0, 10.0, -10.0, -19.0, -21.0, -7.0, 7.0, 1.0, -10.0, -7.0, -3.0, 1.0, 0.0, 2.0, 8.0, -19.0, -9.0, -7.0, -15.0, -12.0, -5.0, -4.0, -33.0, 5.0, 5.0, -5.0, -16.0, -16.0, -4.0, -10.0, 4.0, -19.0, 5.0, -15.0, -4.0, 1.0, -6.0, -19.0, -23.0, 5.0, 8.0, -20.0, -13.0, 4.0, 6.0, -11.0, -5.0, -3.0, -7.0, -12.0, -3.0, 2.0, -17.0, -17.0, -10.0, -2.0, -17.0, -5.0, -16.0, 24.0, 14.0, -6.0, -18.0, -3.0, -2.0, 0.0, -1.0, 0.0, -16.0, -10.0, 1.0, -10.0, -25.0, -6.0, 2.0, -6.0, -13.0, 2.0, 29.0, 2.0, -4.0, -6.0, -5.0, -6.0, 7.0, -7.0, -6.0, 0.0, -4.0, -23.0, -33.0, 9.0, -10.0, -6.0, 2.0, -4.0, 5.0, -2.0, -6.0, -13.0, -11.0, -20.0, -1.0, 7.0, -14.0, -3.0, 20.0, 4.0, -19.0, 3.0, -20.0, -7.0, -10.0, -9.0, 8.0, 10.0, 4.0, -6.0, -6.0, 9.0, -7.0, 10.0, 7.0, -6.0, -5.0, -8.0, 4.0, -2.0, -35.0, 11.0, -15.0, -5.0, -4.0, -5.0, -2.0, -2.0, -21.0, -9.0, -5.0, -2.0, -11.0, -5.0, 2.0, 4.0, -16.0, -7.0, -16.0, -4.0, -12.0, 18.0, 2.0, -13.0, -10.0, -14.0, -1.0, -23.0, -15.0, -4.0, -5.0, -18.0, -4.0, 6.0, -12.0, -9.0, -4.0, -6.0, -20.0, 13.0, 3.0, -13.0, -6.0, 0.0, 3.0, 14.0, -6.0, -10.0, 2.0, -4.0, -7.0, -18.0, 9.0, -6.0, -27.0]",-54.9285266055146,0.0,0.0,0,0.0031523704528808594
20,"[0.2875498, -0.69014484, 0.7301017, 0.8926229, -0.8513413, -0.7347576, -0.6753671, -0.6983606, -0.30067295, -0.38187832, -0.3378335, -0.30923167, -0.33482268, -0.03302886, -0.8877957, -0.8749075, 0.034728937, -0.7827492, 0.730894, 0.06911963, -0.023063906, 0.32885817, 0.6268101, -0.39507586, -0.8769073, 0.047083564, 0.17233665, 0.2821646, -0.60026246, -0.510437, 0.22882819, -0.4814509, 0.78353065, -0.84789413, 0.97457564, -0.16464204, -0.19719979, -0.22098334, -0.89708394, 0.8993354, -0.4304709, 0.9149628, -0.6669632, 0.7226453, 0.37808537, 0.18026006, 0.18168283, 0.1743477, 0.5065302, 0.63378304, -0.08295072, -0.25204355, -0.8687816, 0.8085555, 0.20721695, -0.3092371, 0.2067878, 0.5859768, -0.75414693, 0.097297035, -0.634728, -0.80211157, -0.42256653, -0.16073577, 0.98088104, -0.50458974, -0.3658999, -0.1999088, -0.16531141, 0.96756554, 0.9487692, 0.2445391, -0.23124796, 0.9176761, 0.5081772, -0.96708304, 0.6513891, 0.8902963, 0.17448896, 0.77884734, -0.5303677, 0.8666639, 0.9941716, 0.43230376, 0.69212186, 0.24522766, -0.268489, 0.738444, 0.7730118, -0.17437157, 0.70477873, -0.8287724, -0.23503076, -0.35894153, 0.16807169, -0.5515965, -0.84535444, 0.06153499, 0.7581985, -0.7802708, 0.39183012, -0.1561267, 0.9044401, 0.06722473, -0.58350354, 0.64912784, 0.40162313, -0.51185393, -0.54264206, 0.27556267, 0.48830092, -0.259775, -0.8479706, -0.6458163, 0.015563963, -0.38627183, 0.44096673, 0.017452884, -0.5566027, -0.81074446, -0.09034419, -0.6238897, -0.61710304, 0.70780045, -0.33039278, -0.89286727, 0.95106375, -0.5705088, 0.6034147, -0.047620658, 0.296872, -0.5486314, -0.8274932, -0.91823184, 0.1066396, 0.9064917, 0.49761194, -0.6241142, 0.7344976, -0.43193015, 0.31440625, 0.75188315, -0.28825215, -0.56007284, -0.33720908, -0.67143255, 0.42267928, -0.8284547, -0.73006105, -0.23634966, -0.28025085, 0.8472877, -0.17414494, 0.6554343, -0.6879479, -0.21884187, -0.7419756, 0.3400471, -0.70196116, 0.6550934, -0.002755595, -0.5615486, 0.3412305, 0.41663557, -0.3188278, 0.119840145, -0.9229548, -0.6315394, -0.17020471, 0.4218708, 0.37945032, -0.3052367, 0.49413374, 0.7631104, 0.19681355, 0.5654033, 0.8732429, 0.49556917, -0.21671277, -0.38385215, -0.7787132, 0.05350083, 0.9723356, 0.8595817, -0.48489037, 0.2611965, -0.43891102, -0.9254056, 0.5832999, 0.71403474, 0.9318856, -0.6135844, -0.0407526, -0.13881999, -0.58616513, 0.35794383, 0.26861295, 0.9545989, -0.24924348, -0.31475616, 0.60656404, 0.7700524, 0.7618684, -0.62501585, 0.97690344, 0.80235535, 0.13942346, -0.52874637, -0.70835394, 0.043595463, -0.94537663, -0.81187046, -0.5002164, 0.55227524, -0.27075148, -0.70066226, -0.90478754, -0.3680956, 0.68166536, 0.85790396, -0.36462528, 0.3045785, 0.1078187, 0.84171355, 0.9815705, -0.17273706, -0.13499121, -0.6320393, -0.36419585, 0.8582763, 0.4310101, -0.20590118, -0.8973082, 0.39159337, -0.20855223, -0.23865591, 0.26751593, 0.5877614, 0.84961647, -0.22594506, 0.52119726, -0.07311549, -0.023018861, 0.30676115, 0.1425934, 0.73480004, -0.25845358, -0.9641591, -0.5199396, 0.745627, 0.36897343, 0.5342453, 0.15408479, 0.058826204, 0.7098214, -0.7074949, -0.94881135, -0.7626162, -0.14332342, -0.98502374, 0.883341, -0.17792198, 0.016116315, -0.96951205, 0.75304985, -0.85743374, 0.7155485, -0.7406369, -0.39369306, 0.83484066, -0.76807797, 0.09664849, 0.46688047, 0.6363815, 0.6939523, -0.3228216, -0.42337647, -0.5028871, 0.26225486, -0.4604444, -0.3829907, 0.60150254, -0.23944063, 0.6599883, -0.022552626, -0.45511845, -0.08615734, 0.8532078, 0.7627891, -0.11566286, 0.5135466, -0.6991968, -0.018715965, -0.56884104, 0.27809638, -0.39410686, 0.32554463, -0.7437683, 0.18103121, -0.08639866, -0.21358499, 0.55638856, 0.26839074, 0.29033485, 0.46044308, -0.90357953, 0.3363206, 0.08010057, 0.05193039, -0.41323638, -0.88966537, -0.51802033, -0.44694683, 0.5694291, -0.1532228, 0.5390676, 0.8217004, -0.008840261, 0.068819195, -0.832034, 0.23351403, 0.8285343, 0.011073535, -0.17959315, -0.4385521, 0.46790835, 0.88315743, 0.0034446875, 0.9051558, 0.7104036, 0.92359746, 0.19955203, -0.7484515, 0.031499032, -0.20522416, -0.14643036, -0.5523991, 0.27171645, 0.19070248, -0.27220985, 0.8910737, -0.8693618, 0.15900552, 0.6415201, -0.46384278, 0.86375946, 0.8410676, 0.06254584, 0.3411257, -0.52156085, 0.39916065, 0.93171614, -0.5456233, -0.30616283, -0.7428395, -0.06494427, 0.2743227, 0.6525182, -0.9073053, -0.4127698, -0.6762307, -0.5220757, 0.6268815, 0.07199034, -0.4911916, -0.29674575, -0.3088242, -0.6803561, 0.37343174, -0.011485092, -0.56466794, -0.036900733, -0.19882572, -0.2869942, 0.46634862, 0.39115793, 0.6933243, 0.7335018, -0.3317729, -0.24868278, -0.40308028, 0.4169514, 0.03287749, -0.4031801, 0.061667457, 0.36641905, 0.9745069, 0.84053993, 0.9882047, 0.06372514, 0.8448369, -0.78367335, -0.4926266, 0.6789558, -0.7808141, -0.57843137, 0.67523336, 0.6825374, 0.10615783, 0.7739245, 0.54370856, -0.30655083, 0.7799156, 0.24298304, -0.7417661, 0.87964356, 0.101361245, 0.26253375, -0.46301937, 0.39140195, -0.22274685, 0.39632243, 0.30037743, -0.8004495, -0.106025144, 0.055263456, -0.20775443, -0.027040405, -0.5903703, 0.7778461, 0.33064637, -0.11071699, -0.47213462, -0.44488207, 0.46780252, -0.68897915, -0.1840565, -0.23019248, 0.90772796, -0.84867686, -0.2790379, 0.85469383, -0.9144234, -0.053668745, -0.22058792, 0.45016983, -0.75361216, 0.96994424, 0.5052757, -0.88322854, -0.9921282, 0.62095654, -0.73264045, 0.7230648, 0.24219349, 0.4145218, 0.36216357, -0.2542011, 0.84149593, -0.494028, -0.29470164, -0.49574664, -0.3813361, 0.61452293, 0.33761254, -0.46004537, 0.5565434, -0.25656858, 0.26086113, -0.08394311, -0.95886886, -0.77486724, -0.4869701, -0.7724393, -0.59941393, -0.5340903, -0.21905996, 0.9562693, 0.3784776, -0.78502023, -0.8224652, -0.086774774, 0.093674645, 0.18488184, -0.9887857, 0.16109614, 0.50771344, -0.94371825, -0.6464264, -0.013516264, 0.8708337, -0.84499997, -0.7953139, 0.51051205, -0.9458155, 0.6290834, 0.49197823, 0.73829454, 0.0154823465, -0.68142796, 0.61734575, 0.22898269, -0.27157533, 0.017636044, 0.7377589, 0.5685696, -0.24954863, -0.4269232, -0.51796794, -0.9181033]","[7.0, 0.0, -18.0, -7.0, -2.0, -9.0, 6.0, -12.0, -20.0, -11.0, -2.0, 22.0, 5.0, 0.0, -12.0, -1.0, -4.0, 1.0, -10.0, 0.0, -26.0, 5.0, 0.0, 1.0, -7.0, -14.0, -6.0, -24.0, -5.0, -20.0, -14.0, 7.0, 0.0, 14.0, -2.0, -11.0, -8.0, -12.0, 3.0, 1.0, 3.0, 14.0, -8.0, -6.0, -16.0, 11.0, -6.0, -9.0, 1.0, -5.0, -5.0, -3.0, 6.0, 3.0, -17.0, -11.0, -9.0, 13.0, 5.0, 4.0, -11.0, 2.0, -18.0, 5.0, -5.0, -1.0, -3.0, -8.0, 1.0, -2.0, -21.0, 17.0, -10.0, -19.0, -22.0, -6.0, -4.0, -12.0, -2.0, -10.0, 16.0, -10.0, 7.0, -23.0, -10.0, -11.0, 2.0, 8.0, -8.0, -6.0, -1.0, -18.0, -4.0, -4.0, 4.0, -8.0, -15.0, -5.0, -7.0, -5.0, -13.0, 1.0, -6.0, -3.0, 7.0, -19.0, 13.0, -14.0, -10.0, -13.0, -11.0, 5.0, 2.0, 2.0, 4.0, -14.0, -7.0, 4.0, -7.0, -11.0, -14.0, 4.0, 4.0, -13.0, -22.0, -16.0, -13.0, -3.0, -6.0, -1.0, -1.0, 6.0, 1.0, -5.0, -2.0, 0.0, -13.0, -14.0, -9.0, -9.0, 14.0, -10.0, -3.0, -10.0, 2.0, -10.0, -7.0, -7.0, -10.0, 9.0, -10.0, -17.0, -15.0, 0.0, 9.0, -4.0, -18.0, -6.0, 4.0, -3.0, -7.0, -6.0, -8.0, 8.0, -8.0, 0.0, 13.0, -16.0, -9.0, 0.0, -6.0, -4.0, -5.0, -24.0, -30.0, -10.0, -32.0, -5.0, 10.0, -25.0, -21.0, -5.0, -16.0, -9.0, -10.0, -15.0, 6.0, -4.0, -21.0, 12.0, -9.0, -1.0, 4.0, -4.0, -10.0, -1.0, -1.0, -11.0, -10.0, -6.0, -17.0, -3.0, -5.0, 6.0, -7.0, 2.0, -6.0, -3.0, -7.0, 9.0, -15.0, 0.0, -5.0, 2.0, -11.0, -11.0, -3.0, -9.0, -7.0, -1.0, -9.0, 5.0, -1.0, 0.0, -7.0, -5.0, -28.0, 4.0, -13.0, -3.0, 20.0, -7.0, -20.0, 1.0, -11.0, 1.0, -3.0, -7.0, -16.0, -11.0, 6.0, 8.0, -2.0, 11.0, 9.0, 2.0, 2.0, -18.0, -17.0, -10.0, -10.0, -6.0, 11.0, -8.0, -7.0, 2.0, 6.0, -9.0, -7.0, -3.0, -6.0, -14.0, -21.0, -1.0, -5.0, -14.0, -10.0, -27.0, -13.0, 1.0, 5.0, 0.0, -6.0, 9.0, -5.0, -4.0, -16.0, 1.0, -8.0, 6.0, -2.0, -6.0, -10.0, -1.0, 8.0, -6.0, 7.0, -5.0, 7.0, -1.0, 4.0, 10.0, 3.0, -15.0, 3.0, 4.0, 7.0, -6.0, 4.0, 2.0, -10.0, 0.0, -14.0, 9.0, 1.0, -6.0, -14.0, -6.0, -4.0, -11.0, 11.0, -8.0, 0.0, 5.0, -9.0, 0.0, -9.0, -1.0, 10.0, -10.0, -19.0, -21.0, -7.0, 7.0, 1.0, -10.0, -7.0, -3.0, 1.0, 0.0, 2.0, 8.0, -19.0, -9.0, -7.0, -15.0, -12.0, -5.0, -4.0, -33.0, 5.0, 5.0, -5.0, -16.0, -16.0, -4.0, -10.0, 4.0, -19.0, 5.0, -15.0, -4.0, 1.0, -6.0, -19.0, -23.0, 5.0, 8.0, -20.0, -13.0, 4.0, 6.0, -11.0, -5.0, -3.0, -7.0, -12.0, -3.0, 2.0, -17.0, -17.0, -10.0, -2.0, -17.0, -5.0, -16.0, 24.0, 14.0, -6.0, -18.0, -3.0, -2.0, 0.0, -1.0, 0.0, -16.0, -10.0, 1.0, -10.0, -25.0, -6.0, 2.0, -6.0, -13.0, 2.0, 29.0, 2.0, -4.0, -6.0, -5.0, -6.0, 7.0, -7.0, -6.0, 0.0, -4.0, -23.0, -33.0, 9.0, -10.0, -6.0, 2.0, -4.0, 5.0, -2.0, -6.0, -13.0, -11.0, -20.0, -1.0, 7.0, -14.0, -3.0, 20.0, 4.0, -19.0, 3.0, -20.0, -7.0, -10.0, -9.0, 8.0, 10.0, 4.0, -6.0, -6.0, 9.0, -7.0, 10.0, 7.0, -6.0, -5.0, -8.0, 4.0, -2.0, -35.0, 11.0, -15.0, -5.0, -4.0, -5.0, -2.0, -2.0, -21.0, -9.0, -5.0, -2.0, -11.0, -5.0, 2.0, 4.0, -16.0, -7.0, -16.0, -4.0, -12.0, 18.0, 2.0, -13.0, -10.0, -14.0, -1.0, -23.0, -15.0, -4.0, -5.0, -18.0, -4.0, 6.0, -12.0, -9.0, -4.0, -6.0, -20.0, 13.0, 3.0, -13.0, -6.0, 0.0, 3.0, 14.0, -6.0, -10.0, 2.0, -4.0, -7.0, -18.0, 9.0, -6.0, -27.0]",-54.9285266055146,0.0,0.0,0,0.0033478736877441406
21,"[0.6120746, -0.5824247, 0.5395631, -0.24306874, 0.93295527, 0.8818722, 0.105779536, 0.88589907, -0.16387334, -0.97825485, 0.52001333, -0.62837607, 0.7709271, 0.6485199, 0.76163185, -0.0005342535, 0.8944735, -0.86856353, -0.7734065, -0.1289797, -0.9734139, -0.044050094, 0.6988181, 0.040259812, -0.15791161, 0.54761386, -0.947793, 0.2871729, -0.77815086, 0.2427427, -0.0637142, 0.23431133, -0.30958876, -0.8897623, 0.43876708, -0.108892545, 0.30926707, 0.45969626, -0.10507873, -0.31779197, -0.50066924, 0.7142988, 0.35155725, -0.7797421, -0.5049619, -0.97673035, -0.37004134, -0.70869464, -0.5376018, 0.21207184, -0.4337171, -0.19616954, -0.46830967, 0.24418536, 0.39307198, 0.7424849, -0.8221609, -0.4480447, -0.75420237, -0.044341747, 0.052456725, -0.3312558, 0.60991967, -0.8506728, 0.5435141, -0.1279614, 0.48694932, 0.82309484, 0.06854256, 0.7681173, 0.58682454, 0.48874947, -0.98423046, 0.5088585, 0.26274428, -0.96030277, 0.33810946, 0.5034523, 0.36868447, -0.81997025, -0.7305577, -0.70595616, -0.94475603, 0.43016556, 0.55512786, 0.90294826, -0.9944733, 0.9478893, 0.09954287, -0.13250509, -0.44904914, -0.698426, 0.66407573, 0.55253005, -0.9476652, -0.6526336, 0.7751364, 0.6377547, 0.82047945, 0.89329404, -0.61955214, -0.08068595, -0.04648299, -0.64435023, -0.60971814, -0.3564847, -0.9151891, -0.95293325, -0.63277596, -0.8501348, -0.98631644, -0.80805933, -0.37423095, 0.71404403, 0.55180556, -0.36350462, -0.1373364, -0.8133225, 0.92117506, -0.58602595, 0.03856417, 0.9030162, 0.065207034, -0.8669849, -0.8811871, 0.8819333, -0.8760772, -0.06552835, -0.95878655, 0.51083255, -0.8066424, -0.056020826, -0.42592567, -0.5290136, -0.7100465, -0.8961241, -0.28422886, -0.095843144, 0.2283222, 0.8232556, -0.93415284, -0.5053145, 0.27839682, -0.8964963, -0.35883003, -0.64544183, 0.1949838, 0.651835, -0.9580958, 0.38004744, 0.2253299, 0.2911382, -0.37580398, -0.9491177, -0.07703896, 0.3659962, -0.52093685, 0.35587057, -0.39533857, -0.8999066, 0.8301346, 0.64887136, -0.19122149, 0.25880572, -0.09837834, 0.17576525, 0.29974768, -0.43139333, 0.046441305, -0.985661, 0.77816874, -0.10270823, -0.31050524, 0.2192863, 0.1883215, 0.4100492, 0.4743793, -0.027857153, 0.36649695, -0.8484298, -0.97080195, 0.95125854, 0.14655857, 0.09262906, -0.8104799, 0.3884682, 0.6005341, -0.67247236, -0.55893415, 0.2767447, -0.5881019, -0.16284949, 0.37366036, -0.15413174, 0.45196614, -0.6867607, -0.21193539, 0.9236513, -0.46356976, -0.40401652, 0.6721366, 0.57957137, -0.4963614, 0.16393726, 0.27320266, 0.51613766, -0.5980628, -0.21321139, -0.51670575, 0.2572143, 0.8514713, 0.24226502, 0.4725914, -0.7044571, 0.11790055, 0.15713154, 0.63330376, -0.560999, 0.51875794, 0.06546907, 0.6551596, 0.47913533, -0.3762978, 0.50597245, -0.3892758, 0.6239132, 0.6001941, -0.6963376, 0.13947359, -0.39122352, -0.30723435, 0.9867213, -0.24315523, 0.19173072, 0.5695263, 0.40477958, -0.62756425, -0.596153, -0.86663896, -0.351422, -0.29757276, -0.8041617, -0.79962015, -0.9257383, 0.76714754, -0.42566592, 0.8467082, -0.1357507, -0.48415324, -0.21321772, -0.4030335, 0.441615, -0.5042815, -0.5184827, 0.112979986, 0.48846224, 0.3493336, 0.5421146, 0.58515495, 0.69086325, -0.77760816, 0.6055566, -0.8667136, -0.26879403, 0.08634631, 0.40634105, 0.13287412, -0.6367517, 0.03107492, 0.8136695, -0.7657829, 0.88456994, -0.5447407, 0.028281804, 0.47270265, -0.003242343, -0.8374402, -0.4919288, 0.53501856, -0.29889548, 0.13311985, 0.67526495, 0.38976163, 0.21881448, -0.5596304, -0.772322, 0.44570708, -0.79560536, -0.20907156, -0.052171197, 0.22341251, 0.20651011, -0.13066748, 0.76690114, 0.45379397, -0.011655113, 0.8078966, -0.74173045, 0.5846038, -0.88767636, 0.63324815, -0.12535393, 0.52507854, -0.76573354, -0.9532757, 0.039244723, 0.9712046, -0.7299685, 0.8420731, -0.66515017, -0.2879434, -0.21939921, 0.0026426928, 0.9673743, -0.639261, -0.15475266, 0.47958353, -0.87801653, 0.47778922, -0.54669875, -0.014856114, 0.32963237, -0.1622651, 0.49193814, -0.5237137, 0.6964288, 0.994371, 0.4493681, -0.19280049, 0.25002465, 0.054999255, 0.22755945, 0.38554278, -0.048549872, 0.88847136, 0.7849892, 0.9827736, -0.6701868, 0.35828555, 0.9212618, 0.54421705, 0.9938793, -0.513542, -0.036384348, 0.21228097, -0.63359076, 0.37045628, -0.21220632, 0.3000746, 0.35371423, -0.11969619, 0.4633263, -0.5313323, 0.54086196, 0.4621835, 0.026275868, -0.25716516, -0.06823427, -0.9903203, -0.83446515, -0.67405856, -0.71923447, 0.27340558, -0.93944544, -0.4812892, -0.9588718, -0.6214143, -0.042738415, 0.567202, 0.6406105, 0.5595775, -0.048743133, 0.31390214, -0.09863338, -0.49169427, -0.8580232, -0.4657445, 0.21976557, -0.39810637, -0.921057, 0.48347136, 0.6754328, 0.50388646, -0.41994104, 0.7304096, -0.5368116, -0.5024607, 0.41132063, -0.94452083, -0.80731845, -0.55154425, -0.4675795, 0.9043711, 0.8085489, -0.51437455, 0.066825196, -0.5527628, -0.03616973, -0.54714894, -0.8923173, 0.4762849, -0.38438615, 0.5547247, -0.84978694, -0.6334203, 0.8194618, 0.7994698, 0.48331428, -0.16305676, 0.3544055, -0.5192354, -0.6049954, 0.8032517, -0.9889182, -0.20676976, -0.40490574, -0.68533635, -0.09430805, -0.39487672, -0.9302344, -0.5892744, 0.80903023, 0.9550221, 0.060048696, 0.04431015, -0.14368047, 0.9958475, 0.8276028, -0.25974187, -0.91228133, -0.8352749, -0.5071047, 0.92209315, 0.72424674, -0.89721584, -0.971396, 0.79827166, -0.30013508, 0.35017437, 0.7695756, -0.3305268, 0.09987767, -0.21473895, -0.24883717, 0.5863145, 0.0038107035, -0.91550225, 0.106400244, 0.57742584, -0.05267423, 0.96493447, 0.889292, -0.49060535, -0.42293245, -0.8697257, 0.5408656, -0.30057228, -0.09899638, 0.16291247, 0.08762453, 0.7011075, 0.45404264, 0.5088111, -0.20259823, 0.27690893, -0.42920998, -0.003797304, -0.6293019, 0.17964716, -0.51780844, 0.67954993, 0.9325858, 0.20290175, 0.5346238, -0.0836955, -0.5714915, 0.20217592, -0.3193892, 0.8766834, 0.5109384, 0.48015058, -0.015872223, -0.46130493, -0.60832953, 0.6077762, 0.05534846, -0.3412391, -0.058585733, -0.5973789, -0.17973936, 0.69358456, -0.15679088, -0.52575237, 0.5321461, 0.5980633, 0.43080994, -0.56434083, -0.20620804, 0.05493153, -0.95506483]","[7.0, 0.0, -18.0, -7.0, -2.0, -9.0, 6.0, -12.0, -20.0, -11.0, -2.0, 22.0, 5.0, 0.0, -12.0, -1.0, -4.0, 1.0, -10.0, 0.0, -26.0, 5.0, 0.0, 1.0, -7.0, -14.0, -6.0, -24.0, -5.0, -20.0, -14.0, 7.0, 0.0, 14.0, -2.0, -11.0, -8.0, -12.0, 3.0, 1.0, 3.0, 14.0, -8.0, -6.0, -16.0, 11.0, -6.0, -9.0, 1.0, -5.0, -5.0, -3.0, 6.0, 3.0, -17.0, -11.0, -9.0, 13.0, 5.0, 4.0, -11.0, 2.0, -18.0, 5.0, -5.0, -1.0, -3.0, -8.0, 1.0, -2.0, -21.0, 17.0, -10.0, -19.0, -22.0, -6.0, -4.0, -12.0, -2.0, -10.0, 16.0, -10.0, 7.0, -23.0, -10.0, -11.0, 2.0, 8.0, -8.0, -6.0, -1.0, -18.0, -4.0, -4.0, 4.0, -8.0, -15.0, -5.0, -7.0, -5.0, -13.0, 1.0, -6.0, -3.0, 7.0, -19.0, 13.0, -14.0, -10.0, -13.0, -11.0, 5.0, 2.0, 2.0, 4.0, -14.0, -7.0, 4.0, -7.0, -11.0, -14.0, 4.0, 4.0, -13.0, -22.0, -16.0, -13.0, -3.0, -6.0, -1.0, -1.0, 6.0, 1.0, -5.0, -2.0, 0.0, -13.0, -14.0, -9.0, -9.0, 14.0, -10.0, -3.0, -10.0, 2.0, -10.0, -7.0, -7.0, -10.0, 9.0, -10.0, -17.0, -15.0, 0.0, 9.0, -4.0, -18.0, -6.0, 4.0, -3.0, -7.0, -6.0, -8.0, 8.0, -8.0, 0.0, 13.0, -16.0, -9.0, 0.0, -6.0, -4.0, -5.0, -24.0, -30.0, -10.0, -32.0, -5.0, 10.0, -25.0, -21.0, -5.0, -16.0, -9.0, -10.0, -15.0, 6.0, -4.0, -21.0, 12.0, -9.0, -1.0, 4.0, -4.0, -10.0, -1.0, -1.0, -11.0, -10.0, -6.0, -17.0, -3.0, -5.0, 6.0, -7.0, 2.0, -6.0, -3.0, -7.0, 9.0, -15.0, 0.0, -5.0, 2.0, -11.0, -11.0, -3.0, -9.0, -7.0, -1.0, -9.0, 5.0, -1.0, 0.0, -7.0, -5.0, -28.0, 4.0, -13.0, -3.0, 20.0, -7.0, -20.0, 1.0, -11.0, 1.0, -3.0, -7.0, -16.0, -11.0, 6.0, 8.0, -2.0, 11.0, 9.0, 2.0, 2.0, -18.0, -17.0, -10.0, -10.0, -6.0, 11.0, -8.0, -7.0, 2.0, 6.0, -9.0, -7.0, -3.0, -6.0, -14.0, -21.0, -1.0, -5.0, -14.0, -10.0, -27.0, -13.0, 1.0, 5.0, 0.0, -6.0, 9.0, -5.0, -4.0, -16.0, 1.0, -8.0, 6.0, -2.0, -6.0, -10.0, -1.0, 8.0, -6.0, 7.0, -5.0, 7.0, -1.0, 4.0, 10.0, 3.0, -15.0, 3.0, 4.0, 7.0, -6.0, 4.0, 2.0, -10.0, 0.0, -14.0, 9.0, 1.0, -6.0, -14.0, -6.0, -4.0, -11.0, 11.0, -8.0, 0.0, 5.0, -9.0, 0.0, -9.0, -1.0, 10.0, -10.0, -19.0, -21.0, -7.0, 7.0, 1.0, -10.0, -7.0, -3.0, 1.0, 0.0, 2.0, 8.0, -19.0, -9.0, -7.0, -15.0, -12.0, -5.0, -4.0, -33.0, 5.0, 5.0, -5.0, -16.0, -16.0, -4.0, -10.0, 4.0, -19.0, 5.0, -15.0, -4.0, 1.0, -6.0, -19.0, -23.0, 5.0, 8.0, -20.0, -13.0, 4.0, 6.0, -11.0, -5.0, -3.0, -7.0, -12.0, -3.0, 2.0, -17.0, -17.0, -10.0, -2.0, -17.0, -5.0, -16.0, 24.0, 14.0, -6.0, -18.0, -3.0, -2.0, 0.0, -1.0, 0.0, -16.0, -10.0, 1.0, -10.0, -25.0, -6.0, 2.0, -6.0, -13.0, 2.0, 29.0, 2.0, -4.0, -6.0, -5.0, -6.0, 7.0, -7.0, -6.0, 0.0, -4.0, -23.0, -33.0, 9.0, -10.0, -6.0, 2.0, -4.0, 5.0, -2.0, -6.0, -13.0, -11.0, -20.0, -1.0, 7.0, -14.0, -3.0, 20.0, 4.0, -19.0, 3.0, -20.0, -7.0, -10.0, -9.0, 8.0, 10.0, 4.0, -6.0, -6.0, 9.0, -7.0, 10.0, 7.0, -6.0, -5.0, -8.0, 4.0, -2.0, -35.0, 11.0, -15.0, -5.0, -4.0, -5.0, -2.0, -2.0, -21.0, -9.0, -5.0, -2.0, -11.0, -5.0, 2.0, 4.0, -16.0, -7.0, -16.0, -4.0, -12.0, 18.0, 2.0, -13.0, -10.0, -14.0, -1.0, -23.0, -15.0, -4.0, -5.0, -18.0, -4.0, 6.0, -12.0, -9.0, -4.0, -6.0, -20.0, 13.0, 3.0, -13.0, -6.0, 0.0, 3.0, 14.0, -6.0, -10.0, 2.0, -4.0, -7.0, -18.0, 9.0, -6.0, -27.0]",-54.9285266055146,0.0,0.0,0,0.0032052993774414062
22,"[0.6488537, 0.027093794, -0.10232681, -0.43218848, 0.59389013, 0.76556456, -0.12532476, -0.8019842, -0.88330114, -0.9345529, -0.5191963, 0.4073612, 0.67603445, 0.59405476, 0.430393, -0.54736155, 0.39980912, -0.75539035, 0.21671137, 0.5360285, 0.7280431, -0.77884334, 0.551598, 0.17332438, -0.074872054, 0.13070361, -0.6594213, 0.9353583, 0.06549739, -0.67400074, -0.80020404, -0.3774854, 0.8029497, 0.9895417, -0.9887369, -0.36848718, -0.6735623, 0.9196912, -0.74314964, 0.89545107, 0.18629445, -0.49253452, -0.23184808, -0.8759765, 0.22752537, -0.2519317, -0.035250515, 0.75415236, -0.5329215, 0.42731616, -0.99299765, -0.69442123, 0.7377216, 0.14610447, 0.41714698, 0.1355744, 0.36850044, -0.36443383, 0.96089023, 0.19431421, -0.17882353, 0.65965897, 0.9165661, 0.17641431, 0.45640007, 0.6896925, -0.57269007, -0.7630527, 0.9901951, 0.2883585, 0.6863115, -0.72529036, -0.104533605, 0.009024793, -0.09275453, -0.8128158, -0.2890512, 0.15011238, 0.1759525, 0.85309666, 0.27265644, -0.85764915, 0.3681432, -0.2000841, 0.046768773, -0.19904092, 0.045063976, 0.6352825, -0.55785, -0.5936682, -0.91341794, -0.06418464, -0.8275449, 0.72389275, -0.4037193, 0.8349272, -0.87611926, -0.8435327, -0.93541694, -0.30174005, -0.07494071, 0.9566199, 0.46754777, 0.82871646, -0.692383, 0.9716712, 0.06257078, -0.3345971, 0.0739127, 0.8639002, -0.9268977, -0.92189634, 0.8627833, -0.82183266, 0.6886813, -0.30514383, 0.1366987, 0.6739299, -0.01948814, 0.5550698, 0.96136355, -0.26574704, -0.32387888, -0.39441416, 0.10857616, -0.4959367, 0.9274572, -0.7069644, 0.22646755, -0.1765882, -0.2475441, 0.51133996, 0.11979526, 0.58831483, -0.73267025, 0.38728178, 0.7547369, -0.46143982, -0.22042662, -0.2675191, 0.014970972, -0.28944868, -0.53232616, -0.87448204, 0.23634961, -0.30557707, -0.14522727, -0.88088644, -0.057592683, 0.08217675, -0.15539724, -0.9255333, -0.8471963, -0.8521539, -0.8064356, 0.005102894, 0.48004895, -0.18962415, 0.6578601, -0.36508986, -0.9064823, 0.7743892, -0.5893198, 0.52708644, -0.25214365, 0.9308669, -0.542918, -0.43857116, -0.9757305, -0.65686965, -0.2080274, 0.3464261, -0.7899036, -0.02828686, 0.5707397, 0.864552, -0.6503592, 0.26904103, -0.812438, -0.77946544, 0.3594115, -0.39813143, 0.2328822, 0.28690454, -0.63225585, 0.4932795, -0.9468803, 0.67274034, 0.061111566, -0.40738708, -0.38948634, -0.67979354, 0.93039536, -0.94833976, -0.34682187, -0.30688763, -0.1764548, -0.2181319, 0.48226857, 0.23327069, 0.80945283, 0.65412015, 0.796073, 0.82262933, 0.599412, 0.83104557, -0.5181127, -0.8333305, 0.9223609, -0.8169693, -0.6929474, -0.10574948, -0.13523875, -0.11185653, 0.19396158, 0.092551425, -0.16067128, 0.9836287, -0.6565004, 0.646937, -0.3014323, -0.04508751, -0.65137434, 0.7484138, 0.37904015, -0.4824997, 0.48277476, 0.63237464, 0.028425844, -0.48285374, -0.72387093, 0.41141254, 0.5788724, -0.45252147, -0.42144626, -0.47257468, -0.011490095, -0.13976195, 0.958299, 0.2057212, -0.13945542, -0.3095171, -0.71237576, 0.3753128, -0.19605753, -0.46886587, 0.54549974, -0.30394468, -0.7442381, -0.58486485, -0.81573486, 0.39219776, -0.9089006, -0.6679393, -0.0649268, 0.022395188, 0.33193782, -0.48135626, 0.9173802, 0.7104848, -0.62399065, 0.7014752, -0.9008099, 0.086370654, 0.16615792, 0.34394377, -0.7738796, 0.29708266, -0.438696, -0.24506691, 0.79688275, 0.96363425, -0.43086714, -0.907782, 0.5038405, -0.29988375, 0.38380304, 0.72585714, 0.45873728, 0.60988295, -0.7621094, 0.3399528, 0.9038398, -0.038638886, -0.18617906, -0.47167066, 0.3897849, -0.9419964, -0.9997612, -0.41897961, -0.37010482, -0.75382656, 0.24152797, -0.26983505, -0.63584775, -0.85293, -0.27171603, 0.44617435, 0.6750292, 0.1725058, -0.812608, -0.8872893, 0.08675398, -0.96055746, 0.88742554, 0.1666297, -0.4944485, -0.7173696, 0.81499135, 0.85571206, 0.23456341, -0.09821036, -0.020666683, -0.8260944, 0.9858513, 0.7709889, -0.3237582, 0.96660995, 0.6551934, 0.06911004, -0.02137541, -0.82028645, 0.021187589, 0.23839818, 0.9403779, -0.62622404, -0.3707249, 0.38731375, 0.7055279, -0.14654231, 0.54664373, 0.9548752, 0.31086624, -0.6645627, 0.2676636, 0.302694, 0.80820733, -0.5389197, -0.23662895, 0.06867554, -0.7369238, 0.7669585, -0.6746879, -0.4123814, -0.53949076, 0.693032, -0.66819245, 0.37850165, 0.2811523, -0.122185394, -0.9034772, 0.75101995, 0.21486504, 0.051054507, 0.5079833, 0.16368894, 0.10536463, 0.78039855, 0.6068199, -0.86515146, -0.28402582, -0.44976497, -0.2915479, -0.90059346, 0.23848934, -0.43545386, 0.7197341, -0.58334655, 0.9545385, -0.042193715, -0.20728494, -0.37681192, -0.85230356, -0.062457625, -0.48144296, 0.25920308, 0.93956566, -0.038924273, -0.4094387, 0.5970498, 0.70551246, -0.5568595, -0.9654588, 0.93984824, 0.6338517, 0.7159208, 0.34376183, 0.5701363, -0.99124163, -0.14248483, -0.71336776, 0.6572115, 0.31982833, 0.33934897, -0.12605354, 0.32638443, -0.5918861, 0.50185674, -0.14452873, 0.22646809, -0.86748606, 0.46079355, -0.09547249, 0.7210722, 0.17815246, 0.8297859, -0.7399654, -0.9756687, -0.43878463, -0.13533321, -0.16787903, 0.96216977, 0.32767776, 0.06440586, 0.23026198, -0.9090666, 0.7282695, -0.55506104, -0.2560533, 0.67331475, 0.91684496, 0.2988029, 0.95335674, -0.16911656, -0.57283604, 0.08964514, -0.13081384, 0.70533955, -0.8504257, 0.25494885, 0.61726916, -0.99207205, 0.7339491, -0.84963304, -0.6563476, 0.51615113, -0.90370345, -0.8160708, -0.0707452, 0.055479515, 0.8704589, 0.9719205, -0.5328241, -0.3991633, 0.7812506, -0.60296273, 0.099694155, -0.12187512, 0.12457837, -0.7704226, -0.8330659, 0.38922688, -0.9535614, 0.48528588, -0.51977086, 0.5233426, -0.9581419, 0.33501634, 0.8407422, -0.011478719, -0.94993913, -0.67334694, -0.87783396, 0.17245336, -0.48689067, 0.85108995, -0.6384519, -0.99585384, 0.88814366, 0.580667, 0.7638216, 0.90878767, 0.15888599, -0.51543695, 0.7067239, 0.58981127, 0.07280929, -0.76979357, 0.24948908, 0.08908647, -0.57393557, 0.50728357, -0.7619342, -0.6707, 0.24661367, -0.46652398, -0.71442294, -0.10577862, 0.31401098, -0.18209644, 0.5594157, 0.046783313, 0.75307983, 0.45684877, 0.48121724, -0.21553198, 0.48681483, -0.68012226, -0.83830816, -0.428139]","[7.0, 0.0, -18.0, -7.0, -2.0, -9.0, 6.0, -12.0, -20.0, -11.0, -2.0, 22.0, 5.0, 0.0, -12.0, -1.0, -4.0, 1.0, -10.0, 0.0, -26.0, 5.0, 0.0, 1.0, -7.0, -14.0, -6.0, -24.0, -5.0, -20.0, -14.0, 7.0, 0.0, 14.0, -2.0, -11.0, -8.0, -12.0, 3.0, 1.0, 3.0, 14.0, -8.0, -6.0, -16.0, 11.0, -6.0, -9.0, 1.0, -5.0, -5.0, -3.0, 6.0, 3.0, -17.0, -11.0, -9.0, 13.0, 5.0, 4.0, -11.0, 2.0, -18.0, 5.0, -5.0, -1.0, -3.0, -8.0, 1.0, -2.0, -21.0, 17.0, -10.0, -19.0, -22.0, -6.0, -4.0, -12.0, -2.0, -10.0, 16.0, -10.0, 7.0, -23.0, -10.0, -11.0, 2.0, 8.0, -8.0, -6.0, -1.0, -18.0, -4.0, -4.0, 4.0, -8.0, -15.0, -5.0, -7.0, -5.0, -13.0, 1.0, -6.0, -3.0, 7.0, -19.0, 13.0, -14.0, -10.0, -13.0, -11.0, 5.0, 2.0, 2.0, 4.0, -14.0, -7.0, 4.0, -7.0, -11.0, -14.0, 4.0, 4.0, -13.0, -22.0, -16.0, -13.0, -3.0, -6.0, -1.0, -1.0, 6.0, 1.0, -5.0, -2.0, 0.0, -13.0, -14.0, -9.0, -9.0, 14.0, -10.0, -3.0, -10.0, 2.0, -10.0, -7.0, -7.0, -10.0, 9.0, -10.0, -17.0, -15.0, 0.0, 9.0, -4.0, -18.0, -6.0, 4.0, -3.0, -7.0, -6.0, -8.0, 8.0, -8.0, 0.0, 13.0, -16.0, -9.0, 0.0, -6.0, -4.0, -5.0, -24.0, -30.0, -10.0, -32.0, -5.0, 10.0, -25.0, -21.0, -5.0, -16.0, -9.0, -10.0, -15.0, 6.0, -4.0, -21.0, 12.0, -9.0, -1.0, 4.0, -4.0, -10.0, -1.0, -1.0, -11.0, -10.0, -6.0, -17.0, -3.0, -5.0, 6.0, -7.0, 2.0, -6.0, -3.0, -7.0, 9.0, -15.0, 0.0, -5.0, 2.0, -11.0, -11.0, -3.0, -9.0, -7.0, -1.0, -9.0, 5.0, -1.0, 0.0, -7.0, -5.0, -28.0, 4.0, -13.0, -3.0, 20.0, -7.0, -20.0, 1.0, -11.0, 1.0, -3.0, -7.0, -16.0, -11.0, 6.0, 8.0, -2.0, 11.0, 9.0, 2.0, 2.0, -18.0, -17.0, -10.0, -10.0, -6.0, 11.0, -8.0, -7.0, 2.0, 6.0, -9.0, -7.0, -3.0, -6.0, -14.0, -21.0, -1.0, -5.0, -14.0, -10.0, -27.0, -13.0, 1.0, 5.0, 0.0, -6.0, 9.0, -5.0, -4.0, -16.0, 1.0, -8.0, 6.0, -2.0, -6.0, -10.0, -1.0, 8.0, -6.0, 7.0, -5.0, 7.0, -1.0, 4.0, 10.0, 3.0, -15.0, 3.0, 4.0, 7.0, -6.0, 4.0, 2.0, -10.0, 0.0, -14.0, 9.0, 1.0, -6.0, -14.0, -6.0, -4.0, -11.0, 11.0, -8.0, 0.0, 5.0, -9.0, 0.0, -9.0, -1.0, 10.0, -10.0, -19.0, -21.0, -7.0, 7.0, 1.0, -10.0, -7.0, -3.0, 1.0, 0.0, 2.0, 8.0, -19.0, -9.0, -7.0, -15.0, -12.0, -5.0, -4.0, -33.0, 5.0, 5.0, -5.0, -16.0, -16.0, -4.0, -10.0, 4.0, -19.0, 5.0, -15.0, -4.0, 1.0, -6.0, -19.0, -23.0, 5.0, 8.0, -20.0, -13.0, 4.0, 6.0, -11.0, -5.0, -3.0, -7.0, -12.0, -3.0, 2.0, -17.0, -17.0, -10.0, -2.0, -17.0, -5.0, -16.0, 24.0, 14.0, -6.0, -18.0, -3.0, -2.0, 0.0, -1.0, 0.0, -16.0, -10.0, 1.0, -10.0, -25.0, -6.0, 2.0, -6.0, -13.0, 2.0, 29.0, 2.0, -4.0, -6.0, -5.0, -6.0, 7.0, -7.0, -6.0, 0.0, -4.0, -23.0, -33.0, 9.0, -10.0, -6.0, 2.0, -4.0, 5.0, -2.0, -6.0, -13.0, -11.0, -20.0, -1.0, 7.0, -14.0, -3.0, 20.0, 4.0, -19.0, 3.0, -20.0, -7.0, -10.0, -9.0, 8.0, 10.0, 4.0, -6.0, -6.0, 9.0, -7.0, 10.0, 7.0, -6.0, -5.0, -8.0, 4.0, -2.0, -35.0, 11.0, -15.0, -5.0, -4.0, -5.0, -2.0, -2.0, -21.0, -9.0, -5.0, -2.0, -11.0, -5.0, 2.0, 4.0, -16.0, -7.0, -16.0, -4.0, -12.0, 18.0, 2.0, -13.0, -10.0, -14.0, -1.0, -23.0, -15.0, -4.0, -5.0, -18.0, -4.0, 6.0, -12.0, -9.0, -4.0, -6.0, -20.0, 13.0, 3.0, -13.0, -6.0, 0.0, 3.0, 14.0, -6.0, -10.0, 2.0, -4.0, -7.0, -18.0, 9.0, -6.0, -27.0]",-54.9285266055146,0.0,0.0,0,0.0031893253326416016
23,"[-0.4403907, -0.80712277, 0.8170315, -0.8703868, -0.6868599, 0.41603622, 0.29738033, 0.50784874, 0.7316602, -0.53414065, 0.638681, 0.41140082, 0.6277151, 0.8171527, -0.8519753, -0.24029964, -0.5386859, 0.71359247, -0.98773533, -0.46899584, 0.49507102, -0.65069914, 0.0049308646, 0.4150154, -0.48523256, 0.77091, -0.5416302, 0.8929896, -0.117842235, -0.1614238, -0.8521757, 0.57929415, 0.55374104, -0.49803445, 0.50961655, -0.8291845, -0.8032172, 0.7400537, -0.8206577, -0.19761665, 0.68214005, 0.45937684, 0.11632442, 0.43558323, 0.0902349, -0.77013046, 0.08466427, 0.18224578, -0.7508439, 0.34315667, 0.95532763, -0.00044537144, 0.94152933, 0.75857574, -0.78945524, 0.15537445, -0.71790755, -0.13185175, 0.29698956, -0.75194424, -0.456575, -0.65466505, -0.7833506, 0.09246761, 0.4906881, -0.10315147, 0.15093489, 0.59930515, -0.7251388, 0.29756612, -0.28418767, 0.8714324, 0.569318, -0.21413869, 0.80579525, 0.7747203, -0.83176553, -0.7431458, 0.18294877, 0.6409029, -0.18765908, -0.217496, 0.06429259, -0.77143115, 0.99477494, -0.16111737, 0.8820969, -0.7499941, 0.50701874, 0.8338047, -0.2667407, 0.0037456646, 0.8018187, -0.81048894, -0.7979348, 0.17593457, 0.07904273, 0.38715947, 0.36932287, -0.1477966, 0.68133897, -0.71587116, -0.92524093, 0.99651086, 0.4870557, 0.94917434, -0.2309271, -0.82720286, -0.66847366, -0.5393028, -0.5792553, 0.19116387, 0.63948673, -0.945354, 0.8376057, 0.87740105, -0.62402886, 0.6306376, 0.13397871, 0.19432303, 0.26150024, -0.11279291, 0.19709526, -0.8815034, 0.5197304, 0.3957506, 0.89551854, 0.0019015624, -0.8203049, -0.84857565, -0.38300592, 0.31915063, 0.36241937, -0.75335324, 0.31549168, 0.6100625, 0.3338392, 0.8499729, 0.22781755, 0.36149693, 0.62228733, -0.22185539, -0.2996785, 0.01944626, -0.50436276, 0.50674677, 0.16283913, -0.7424386, 0.9988951, -0.4010988, 0.3747297, 0.27741662, 0.64240444, -0.42634058, -0.79223204, 0.7053308, 0.22355933, 0.63379854, 0.8669485, -0.54501694, 0.2340754, 0.06888961, -0.7673196, -0.4277509, 0.80613446, -0.670137, 0.7597849, 0.010000646, 0.82050884, -0.31320724, 0.9701673, -0.86409575, 0.3558999, 0.20680857, 0.1142451, 0.12690745, -0.20891054, -0.29900602, 0.12150434, -0.4991257, 0.6189476, 0.5900363, -0.53392, -0.18364993, 0.65485066, 0.16572711, 0.058951598, 0.4650916, 0.7478425, 0.94121325, 0.30105302, -0.35989413, -0.7291476, -0.25541666, -0.29774663, 0.5009571, -0.1699792, 0.85311186, 0.23514757, 0.13503243, 0.47744167, 0.60878277, 0.06456005, -0.2776566, -0.8828562, -0.6911076, 0.5920352, 0.46211037, 0.70217556, -0.6673972, 0.37916768, -0.27828813, 0.21249677, 0.61004645, -0.17795113, 0.86475664, -0.83279204, 0.09210726, -0.5928581, -0.8409474, 0.58812207, -0.0048011644, 0.32538036, -0.048518468, 0.75131917, -0.30909544, -0.95165044, -0.46902597, -0.11191919, -0.5710277, -0.5855481, -0.42449823, -0.5778133, -0.73212, 0.44011787, 0.62688595, 0.9825534, 0.30347878, 0.020621832, 0.20614716, 0.71181023, -0.21881044, 0.42794234, -0.33687267, -0.9314248, 0.413897, 0.20896976, 0.5905131, 0.26035044, -0.36659107, 0.64812374, -0.6392855, -0.56782734, 0.4610465, 0.9741264, -0.51630557, 0.4488115, 0.20733005, -0.901363, 0.3217956, -0.38347042, -0.5146837, -0.2093252, 0.4989946, 0.5683285, 0.37940276, 0.004769657, -0.51721036, -0.581126, -0.3234385, -0.3815464, 0.30218512, -0.33872312, -0.26213092, 0.9040206, -0.2489541, 0.48806137, -0.46578693, 0.015716014, -0.19518289, 0.9198147, 0.32513806, -0.79215366, -0.987339, 0.106248416, -0.10254722, 0.21625257, 0.9310142, 0.76521873, 0.114487745, 0.014310824, 0.03234686, 0.37542975, 0.7198349, 0.5787011, -0.8809155, 0.043833017, 0.6242844, 0.3062492, 0.94311506, 0.7596003, -0.7767403, 0.8828329, -0.27633366, -0.99318564, 0.1733598, 0.009575284, 0.2145516, -0.05195107, -0.7875696, 0.57357854, -0.8872593, 0.2920393, -0.94713515, 0.257183, 0.10270307, 0.20980735, 0.95429355, 0.13060936, 0.29908338, 0.6506435, 0.9930556, 0.7674416, 0.311888, 0.7824228, -0.09402456, 0.673884, 0.49485523, -0.013426359, 0.28133816, -0.57037324, -0.984364, -0.98088986, 0.97030765, -0.4558443, -0.25317344, 0.09268414, 0.41018903, -0.079463996, -0.6234521, -0.8696835, 0.6750327, 0.92790776, -0.30536622, 0.12301029, -0.059029635, -0.5884609, 0.57625115, 0.053874306, 0.3406699, 0.41052878, 0.9440244, -0.7026724, 0.06385683, 0.7946266, 0.6454084, -0.15781364, 0.7550678, 0.036344536, 0.3608669, 0.18997148, 0.9996084, -0.17605779, -0.34092373, -0.49368018, -0.55663526, -0.34839433, -0.04340778, 0.06748316, 0.27249154, -0.6464155, 0.3659566, 0.59880173, -0.49679157, -0.04995083, 0.47124428, -0.2331156, 0.9066943, -0.089875825, 0.91984034, 0.013199017, -0.2882854, 0.6673737, 0.14774135, 0.8413702, -0.90495145, 0.1218278, -0.26522562, -0.47747412, -0.044466633, 0.14635988, -0.0009806141, 0.8151944, -0.6265645, 0.18458278, 0.8793028, 0.9608282, -0.77435774, -0.90317667, -0.51575303, 0.6863512, -0.76505315, 0.49564156, -0.74703956, 0.9942016, 0.2729467, 0.5054009, 0.82594323, 0.438859, -0.5327235, -0.3909964, 0.09200054, 0.02072338, 0.4144647, -0.64584726, -0.56215626, -0.29191095, 0.6043026, 0.40803388, -0.9895526, 0.55938053, 0.7961439, -0.5012285, -0.92675585, -0.5219615, -0.24969648, -0.06614468, -0.2690879, -0.50128585, 0.9877593, 0.13154258, 0.3444865, 0.32161534, 0.27906498, 0.9180033, 0.8778754, -0.40660736, -0.017663283, 0.63689303, 0.3714974, 0.0703208, 0.07344941, -0.10163669, -0.62766886, -0.95169765, -0.54851925, -0.9458317, 0.67975014, 0.11444332, -0.24584469, -0.3929011, 0.8493935, -0.9525401, -0.39578128, -0.17543612, 0.37871435, 0.9463506, 0.1024386, 0.8396601, -0.22430454, -0.6251705, 0.72708064, -0.974361, -0.7730847, 0.57704735, 0.9332775, -0.17614448, 0.15142702, -0.62067866, 0.70361346, 0.2603571, 0.4397411, -0.7435735, -0.6700267, -0.20391215, 0.882656, -0.7397256, 0.061335232, -0.7325281, -0.09301041, -0.008223773, -0.3791887, -0.18289681, 0.46587428, 0.21190892, 0.1308384, 0.95733607, -0.7841096, -0.37202728, -0.8960994, 0.1855034, -0.26335248, 0.97417736, -0.49410063, -0.9125202, -0.6321887, 0.87583995, 0.631233, -0.7948203, 0.7543751]","[7.0, 0.0, -18.0, -7.0, -2.0, -9.0, 6.0, -12.0, -20.0, -11.0, -2.0, 22.0, 5.0, 0.0, -12.0, -1.0, -4.0, 1.0, -10.0, 0.0, -26.0, 5.0, 0.0, 1.0, -7.0, -14.0, -6.0, -24.0, -5.0, -20.0, -14.0, 7.0, 0.0, 14.0, -2.0, -11.0, -8.0, -12.0, 3.0, 1.0, 3.0, 14.0, -8.0, -6.0, -16.0, 11.0, -6.0, -9.0, 1.0, -5.0, -5.0, -3.0, 6.0, 3.0, -17.0, -11.0, -9.0, 13.0, 5.0, 4.0, -11.0, 2.0, -18.0, 5.0, -5.0, -1.0, -3.0, -8.0, 1.0, -2.0, -21.0, 17.0, -10.0, -19.0, -22.0, -6.0, -4.0, -12.0, -2.0, -10.0, 16.0, -10.0, 7.0, -23.0, -10.0, -11.0, 2.0, 8.0, -8.0, -6.0, -1.0, -18.0, -4.0, -4.0, 4.0, -8.0, -15.0, -5.0, -7.0, -5.0, -13.0, 1.0, -6.0, -3.0, 7.0, -19.0, 13.0, -14.0, -10.0, -13.0, -11.0, 5.0, 2.0, 2.0, 4.0, -14.0, -7.0, 4.0, -7.0, -11.0, -14.0, 4.0, 4.0, -13.0, -22.0, -16.0, -13.0, -3.0, -6.0, -1.0, -1.0, 6.0, 1.0, -5.0, -2.0, 0.0, -13.0, -14.0, -9.0, -9.0, 14.0, -10.0, -3.0, -10.0, 2.0, -10.0, -7.0, -7.0, -10.0, 9.0, -10.0, -17.0, -15.0, 0.0, 9.0, -4.0, -18.0, -6.0, 4.0, -3.0, -7.0, -6.0, -8.0, 8.0, -8.0, 0.0, 13.0, -16.0, -9.0, 0.0, -6.0, -4.0, -5.0, -24.0, -30.0, -10.0, -32.0, -5.0, 10.0, -25.0, -21.0, -5.0, -16.0, -9.0, -10.0, -15.0, 6.0, -4.0, -21.0, 12.0, -9.0, -1.0, 4.0, -4.0, -10.0, -1.0, -1.0, -11.0, -10.0, -6.0, -17.0, -3.0, -5.0, 6.0, -7.0, 2.0, -6.0, -3.0, -7.0, 9.0, -15.0, 0.0, -5.0, 2.0, -11.0, -11.0, -3.0, -9.0, -7.0, -1.0, -9.0, 5.0, -1.0, 0.0, -7.0, -5.0, -28.0, 4.0, -13.0, -3.0, 20.0, -7.0, -20.0, 1.0, -11.0, 1.0, -3.0, -7.0, -16.0, -11.0, 6.0, 8.0, -2.0, 11.0, 9.0, 2.0, 2.0, -18.0, -17.0, -10.0, -10.0, -6.0, 11.0, -8.0, -7.0, 2.0, 6.0, -9.0, -7.0, -3.0, -6.0, -14.0, -21.0, -1.0, -5.0, -14.0, -10.0, -27.0, -13.0, 1.0, 5.0, 0.0, -6.0, 9.0, -5.0, -4.0, -16.0, 1.0, -8.0, 6.0, -2.0, -6.0, -10.0, -1.0, 8.0, -6.0, 7.0, -5.0, 7.0, -1.0, 4.0, 10.0, 3.0, -15.0, 3.0, 4.0, 7.0, -6.0, 4.0, 2.0, -10.0, 0.0, -14.0, 9.0, 1.0, -6.0, -14.0, -6.0, -4.0, -11.0, 11.0, -8.0, 0.0, 5.0, -9.0, 0.0, -9.0, -1.0, 10.0, -10.0, -19.0, -21.0, -7.0, 7.0, 1.0, -10.0, -7.0, -3.0, 1.0, 0.0, 2.0, 8.0, -19.0, -9.0, -7.0, -15.0, -12.0, -5.0, -4.0, -33.0, 5.0, 5.0, -5.0, -16.0, -16.0, -4.0, -10.0, 4.0, -19.0, 5.0, -15.0, -4.0, 1.0, -6.0, -19.0, -23.0, 5.0, 8.0, -20.0, -13.0, 4.0, 6.0, -11.0, -5.0, -3.0, -7.0, -12.0, -3.0, 2.0, -17.0, -17.0, -10.0, -2.0, -17.0, -5.0, -16.0, 24.0, 14.0, -6.0, -18.0, -3.0, -2.0, 0.0, -1.0, 0.0, -16.0, -10.0, 1.0, -10.0, -25.0, -6.0, 2.0, -6.0, -13.0, 2.0, 29.0, 2.0, -4.0, -6.0, -5.0, -6.0, 7.0, -7.0, -6.0, 0.0, -4.0, -23.0, -33.0, 9.0, -10.0, -6.0, 2.0, -4.0, 5.0, -2.0, -6.0, -13.0, -11.0, -20.0, -1.0, 7.0, -14.0, -3.0, 20.0, 4.0, -19.0, 3.0, -20.0, -7.0, -10.0, -9.0, 8.0, 10.0, 4.0, -6.0, -6.0, 9.0, -7.0, 10.0, 7.0, -6.0, -5.0, -8.0, 4.0, -2.0, -35.0, 11.0, -15.0, -5.0, -4.0, -5.0, -2.0, -2.0, -21.0, -9.0, -5.0, -2.0, -11.0, -5.0, 2.0, 4.0, -16.0, -7.0, -16.0, -4.0, -12.0, 18.0, 2.0, -13.0, -10.0, -14.0, -1.0, -23.0, -15.0, -4.0, -5.0, -18.0, -4.0, 6.0, -12.0, -9.0, -4.0, -6.0, -20.0, 13.0, 3.0, -13.0, -6.0, 0.0, 3.0, 14.0, -6.0, -10.0, 2.0, -4.0, -7.0, -18.0, 9.0, -6.0, -27.0]",-54.9285266055146,0.0,0.0,0,0.0031952857971191406
24,"[-0.29269233, -0.65270084, -0.6503068, -0.9702981, -0.16812456, -0.49376798, -0.60715514, 0.44427964, -0.58153135, 0.9271842, -0.79260486, -0.99916065, 0.99864143, 0.71490604, -0.37777048, -0.70678055, 0.4863939, -0.4772241, 0.753953, 0.57833946, -0.9324763, -0.26599988, 0.13764831, -0.99046135, -0.21811478, 0.76993126, 0.55230606, 0.522691, -0.40698832, 0.9487448, 0.03548749, 0.11455636, -0.8062511, 0.3020796, -0.50047743, -0.18641594, -0.22352271, -0.6905951, 0.3780277, -0.2274166, -0.516118, 0.804598, 0.47351274, -0.3288975, 0.7193729, -0.45847237, 0.03298493, 0.9759345, 0.123746164, 0.04466515, 0.13627009, -0.9658326, -0.1766501, 0.58792394, -0.9094979, -0.50823456, -0.030570097, 0.7768703, 0.16970621, 0.9020557, 0.50461465, 0.5087941, 0.42291474, 0.7025496, 0.089553274, -0.21072966, 0.12741837, 0.73215604, -0.5395048, -0.45840207, -0.74457335, 0.2145457, -0.6452794, 0.17817566, 0.006721428, 0.6991525, 0.72073805, 0.12332217, 0.07643476, -0.26032704, -0.22623616, 0.76057327, -0.9340751, -0.46801117, -0.20918453, 0.9006035, -0.47712556, 0.19533816, -0.6164442, 0.98383576, 0.2610792, -0.76899046, 0.7244651, -0.489105, -0.22809874, 0.5246077, -0.078166984, -0.9879634, -0.16173847, -0.019408878, 0.57942617, 0.43758717, -0.7611146, 0.16098885, 0.6553898, 0.86450213, -0.45573682, 0.53113794, 0.014575479, 0.7139348, 0.17392658, -0.06136516, 0.41521645, -0.109100096, -0.64072126, 0.38683307, -0.62694156, 0.3138031, 0.12505174, -0.066852026, -0.31201917, -0.6110096, -0.80095804, 0.9048105, 0.23666583, 0.6288497, 0.37799644, 0.7143388, -0.5777705, 0.30012158, 0.33027214, -0.37940887, -0.7019914, 0.67433554, 0.012843223, -0.23629992, -0.08394023, 0.11014609, -0.7204031, 0.80851865, 0.015688704, -0.6743216, -0.9902386, -0.9006977, -0.3630456, 0.31659397, -0.2126086, 0.11033594, 0.27344778, 0.08986331, 0.4360121, 0.418543, -0.56016576, 0.40235126, -0.34747684, -0.74542326, 0.34921643, -0.66524684, -0.48406327, -0.6490116, 0.48860198, 0.73629683, -0.18387412, 0.3015772, 0.1608461, 0.03774533, -0.08166021, -0.7495315, 0.20069836, 0.6450711, -0.89387035, 0.60063833, -0.12134586, -0.19997734, -0.37996095, -0.0022911238, 0.46665403, -0.54555565, -0.8496714, -0.48860356, -0.18613149, -0.8171348, 0.85670465, 0.8774222, -0.9945087, 0.5998387, -0.16890708, -0.03501154, -0.46295482, 0.18653738, 0.4103726, 0.040722884, -0.40532824, -0.053943675, -0.095625125, -0.97286934, 0.33329108, -0.48794812, 0.53151304, 0.8802696, 0.0077262535, 0.32443312, -0.18945578, 0.026757497, 0.40573984, 0.7232423, 0.34712738, 0.70308167, -0.9898754, 0.42720762, 0.14933114, 0.041030064, -0.77798694, -0.97490793, -0.06456791, -0.34042543, -0.7901536, -0.30832154, -0.12609342, 0.8092873, 0.0312861, -0.6754595, 0.56295055, -0.4067225, -0.33502173, -0.51564986, 0.010188332, -0.5395499, -0.022661142, 0.257682, 0.47176823, 0.51554483, 0.21213223, -0.91004527, -0.46499854, -0.3008015, 0.53551096, -0.30060902, 0.89501435, 0.9819559, -0.78821933, -0.86567515, -0.7287462, -0.08572832, -0.5764117, -0.40091613, -0.09091712, 0.7936543, 0.94344085, -0.90678763, 0.4270692, 0.85490996, 0.5257221, 0.6393167, 0.365502, 0.7352966, 0.51001793, 0.5616723, -0.33627442, 0.18621987, 0.33558723, 0.19559827, 0.12964536, 0.99595064, -0.44375736, 0.37445134, -0.47887096, -0.7646924, -0.41588885, 0.12782186, 0.5301237, -0.32546428, 0.34874204, -0.5466887, -0.4262715, 0.9350949, 0.77229995, 0.6788753, -0.2969712, -0.53635645, -0.80081993, 0.44737938, -0.7906839, -0.40995333, 0.1394011, 0.61041737, 0.159837, -0.1349591, -0.9200284, 0.48284727, 0.7903163, -0.24921972, 0.7401059, -0.5939728, -0.10270354, 0.89072543, -0.85961246, -0.48288146, 0.53509724, 0.5981106, 0.91520154, 0.50013936, -0.49788567, 0.34022728, 0.082983606, 0.96872747, -0.3094274, 0.8665456, 0.25654137, 0.81252253, -0.7106893, 0.6160804, -0.86954427, -0.7841277, 0.82803094, 0.27309775, -0.9483725, 0.3687858, 0.88731927, -0.37483478, -0.7517214, 0.6627903, -0.9562737, -0.062387027, -0.2248211, 0.37268636, 0.30486187, -0.17115605, -0.099709675, 0.08149947, -0.38004655, -0.96399796, -0.9921981, -0.5684632, 0.16604646, 0.73850083, -0.9293844, -0.003539837, -0.97414863, -0.452356, 0.6064117, 0.19802022, -0.5606205, 0.36930275, -0.16471694, 0.5661993, 0.26144478, -0.5278076, -0.5102296, -0.19869559, -0.5601568, -0.72832334, 0.82764935, -0.12482914, 0.2934184, -0.21107887, -0.036756944, 0.6907404, -0.7423624, -0.2235229, 0.18405327, 0.16416946, -0.050859313, 0.119020194, 0.6832516, -0.39479652, 0.7978664, 0.47930962, 0.050332017, -0.25505784, 0.57667375, 0.8109879, -0.17687953, -0.410349, -0.80364084, -0.60904413, -0.94501626, 0.20799537, -0.49472052, -0.6900757, -0.13373592, 0.00745687, 0.74520206, -0.9058233, 0.710255, 0.3788668, -0.9260315, 0.47417974, 0.68781734, 0.98581225, 0.6132298, -0.9909011, 0.6397327, 0.970548, 0.29708996, 0.10504334, -0.37109473, 0.76750815, 0.5593648, 0.24950859, -0.8187272, -0.26174653, 0.09389296, 0.5452437, 0.053444635, -0.9333502, -0.018789243, 0.1203935, -0.6735098, -0.38923293, -0.42299542, 0.12243019, 0.8089429, -0.67372215, 0.5073831, 0.93190646, 0.21358682, -0.23498806, 0.12985337, -0.9491584, -0.6506684, -0.649078, -0.31856057, 0.49951205, -0.80094963, -0.0852406, -0.6513884, -0.46912742, -0.897845, 0.75205505, -0.32200047, -0.95570076, -0.5280617, -0.020907788, 0.28622335, 0.31305537, 0.3545811, 0.5067415, -0.37539622, 0.017644376, 0.9646341, 0.35979518, 0.42176244, 0.5310483, 0.62532586, 0.17541355, -0.94398266, 0.16950259, 0.84986174, 0.5416859, 0.6904401, -0.56235665, 0.14608525, 0.5136421, -0.15383169, -0.9055654, 0.14074123, -0.8916727, 0.34645987, 0.4366086, -0.45803577, 0.03502769, 0.45340902, -0.42739332, -0.77418834, 0.109226756, -0.9218631, -0.990295, -0.15265633, -0.15726705, 0.77867985, -0.80716234, -0.82151866, -0.67804533, -0.59570366, 0.9245014, 0.42191887, 0.005041266, -0.11977457, 0.8763309, 0.85496414, -0.0935138, -0.6806828, -0.19174246, 0.96381354, 0.4890321, 0.92628175, -0.5242585, -0.071211524, 0.29510015, 0.79568774, -0.354524, -0.07948128, 0.5960706, -0.41060147, 0.2038012, 0.45125803, -0.39153874, -0.13212056, -0.72722715]","[7.0, 0.0, -18.0, -7.0, -2.0, -9.0, 6.0, -12.0, -20.0, -11.0, -2.0, 22.0, 5.0, 0.0, -12.0, -1.0, -4.0, 1.0, -10.0, 0.0, -26.0, 5.0, 0.0, 1.0, -7.0, -14.0, -6.0, -24.0, -5.0, -20.0, -14.0, 7.0, 0.0, 14.0, -2.0, -11.0, -8.0, -12.0, 3.0, 1.0, 3.0, 14.0, -8.0, -6.0, -16.0, 11.0, -6.0, -9.0, 1.0, -5.0, -5.0, -3.0, 6.0, 3.0, -17.0, -11.0, -9.0, 13.0, 5.0, 4.0, -11.0, 2.0, -18.0, 5.0, -5.0, -1.0, -3.0, -8.0, 1.0, -2.0, -21.0, 17.0, -10.0, -19.0, -22.0, -6.0, -4.0, -12.0, -2.0, -10.0, 16.0, -10.0, 7.0, -23.0, -10.0, -11.0, 2.0, 8.0, -8.0, -6.0, -1.0, -18.0, -4.0, -4.0, 4.0, -8.0, -15.0, -5.0, -7.0, -5.0, -13.0, 1.0, -6.0, -3.0, 7.0, -19.0, 13.0, -14.0, -10.0, -13.0, -11.0, 5.0, 2.0, 2.0, 4.0, -14.0, -7.0, 4.0, -7.0, -11.0, -14.0, 4.0, 4.0, -13.0, -22.0, -16.0, -13.0, -3.0, -6.0, -1.0, -1.0, 6.0, 1.0, -5.0, -2.0, 0.0, -13.0, -14.0, -9.0, -9.0, 14.0, -10.0, -3.0, -10.0, 2.0, -10.0, -7.0, -7.0, -10.0, 9.0, -10.0, -17.0, -15.0, 0.0, 9.0, -4.0, -18.0, -6.0, 4.0, -3.0, -7.0, -6.0, -8.0, 8.0, -8.0, 0.0, 13.0, -16.0, -9.0, 0.0, -6.0, -4.0, -5.0, -24.0, -30.0, -10.0, -32.0, -5.0, 10.0, -25.0, -21.0, -5.0, -16.0, -9.0, -10.0, -15.0, 6.0, -4.0, -21.0, 12.0, -9.0, -1.0, 4.0, -4.0, -10.0, -1.0, -1.0, -11.0, -10.0, -6.0, -17.0, -3.0, -5.0, 6.0, -7.0, 2.0, -6.0, -3.0, -7.0, 9.0, -15.0, 0.0, -5.0, 2.0, -11.0, -11.0, -3.0, -9.0, -7.0, -1.0, -9.0, 5.0, -1.0, 0.0, -7.0, -5.0, -28.0, 4.0, -13.0, -3.0, 20.0, -7.0, -20.0, 1.0, -11.0, 1.0, -3.0, -7.0, -16.0, -11.0, 6.0, 8.0, -2.0, 11.0, 9.0, 2.0, 2.0, -18.0, -17.0, -10.0, -10.0, -6.0, 11.0, -8.0, -7.0, 2.0, 6.0, -9.0, -7.0, -3.0, -6.0, -14.0, -21.0, -1.0, -5.0, -14.0, -10.0, -27.0, -13.0, 1.0, 5.0, 0.0, -6.0, 9.0, -5.0, -4.0, -16.0, 1.0, -8.0, 6.0, -2.0, -6.0, -10.0, -1.0, 8.0, -6.0, 7.0, -5.0, 7.0, -1.0, 4.0, 10.0, 3.0, -15.0, 3.0, 4.0, 7.0, -6.0, 4.0, 2.0, -10.0, 0.0, -14.0, 9.0, 1.0, -6.0, -14.0, -6.0, -4.0, -11.0, 11.0, -8.0, 0.0, 5.0, -9.0, 0.0, -9.0, -1.0, 10.0, -10.0, -19.0, -21.0, -7.0, 7.0, 1.0, -10.0, -7.0, -3.0, 1.0, 0.0, 2.0, 8.0, -19.0, -9.0, -7.0, -15.0, -12.0, -5.0, -4.0, -33.0, 5.0, 5.0, -5.0, -16.0, -16.0, -4.0, -10.0, 4.0, -19.0, 5.0, -15.0, -4.0, 1.0, -6.0, -19.0, -23.0, 5.0, 8.0, -20.0, -13.0, 4.0, 6.0, -11.0, -5.0, -3.0, -7.0, -12.0, -3.0, 2.0, -17.0, -17.0, -10.0, -2.0, -17.0, -5.0, -16.0, 24.0, 14.0, -6.0, -18.0, -3.0, -2.0, 0.0, -1.0, 0.0, -16.0, -10.0, 1.0, -10.0, -25.0, -6.0, 2.0, -6.0, -13.0, 2.0, 29.0, 2.0, -4.0, -6.0, -5.0, -6.0, 7.0, -7.0, -6.0, 0.0, -4.0, -23.0, -33.0, 9.0, -10.0, -6.0, 2.0, -4.0, 5.0, -2.0, -6.0, -13.0, -11.0, -20.0, -1.0, 7.0, -14.0, -3.0, 20.0, 4.0, -19.0, 3.0, -20.0, -7.0, -10.0, -9.0, 8.0, 10.0, 4.0, -6.0, -6.0, 9.0, -7.0, 10.0, 7.0, -6.0, -5.0, -8.0, 4.0, -2.0, -35.0, 11.0, -15.0, -5.0, -4.0, -5.0, -2.0, -2.0, -21.0, -9.0, -5.0, -2.0, -11.0, -5.0, 2.0, 4.0, -16.0, -7.0, -16.0, -4.0, -12.0, 18.0, 2.0, -13.0, -10.0, -14.0, -1.0, -23.0, -15.0, -4.0, -5.0, -18.0, -4.0, 6.0, -12.0, -9.0, -4.0, -6.0, -20.0, 13.0, 3.0, -13.0, -6.0, 0.0, 3.0, 14.0, -6.0, -10.0, 2.0, -4.0, -7.0, -18.0, 9.0, -6.0, -27.0]",-54.9285266055146,0.0,0.0,0,0.0032041072845458984
25,"[0.783875, 0.6734732, 0.594386, 0.4418372, 0.8834533, 0.58003783, 0.76367474, -0.043732174, 0.8290843, -0.6078332, -0.029883718, 0.25361177, -0.37128583, -0.23905513, -0.53609234, 0.6034449, 0.17563479, -0.74521786, 0.041433338, -0.525292, 0.4787111, -0.855126, 0.7931108, -0.14945178, -0.3838037, 0.43759313, 0.26630864, -0.1919346, -0.910446, -0.20742944, -0.4113302, -0.20197341, -0.62397146, -0.58192027, -0.233355, -0.59270656, 0.3103638, 0.255358, -0.65046895, 0.1259284, -0.45741543, -0.010432777, 0.62618273, -0.46303, -0.34934586, -0.5204314, 0.8033105, -0.25440687, -0.70866185, 0.13060617, -0.73851454, 0.10889791, 0.887025, -0.5513992, -0.29547712, -0.5757689, -0.737234, -0.33615667, -0.7765575, 0.80606884, 0.1299238, 0.10128823, 0.9891714, -0.66045415, -0.32400903, -0.44151124, -0.08914751, 0.50650275, -0.6647798, -0.29671657, -0.13688076, -0.955535, 0.8257268, 0.180604, 0.73265666, 0.17599827, -0.45424363, -0.14122622, -0.7081059, -0.4926531, -0.100754134, -0.87823457, 0.5161325, 0.30006605, -0.5434417, 0.6873825, -0.19354783, -0.98564035, -0.658181, -0.6687003, -0.34801626, -0.7326908, 0.942201, -0.5182974, 0.8513114, 0.5558752, -0.014550256, 0.11273826, 0.63833195, -0.15410802, -0.2604829, 0.27913982, 0.38677084, 0.03414923, -0.5273775, 0.2347365, 0.9164581, 0.16032952, -0.08641995, -0.5229489, 0.7482746, -0.18612488, -0.75177, 0.58958036, 0.11731341, -0.9450809, 0.99365896, 0.7317184, -0.035617135, -0.06356905, -0.23206869, 0.14133684, -0.21852647, -0.13826352, -0.028249849, 0.026839104, -0.5053976, 0.3346395, -0.1506864, 0.7095137, -0.45042047, 0.78986853, 0.43501636, -0.42534128, -0.872114, -0.46010694, 0.9666221, -0.2355644, 0.081593156, 0.025957344, 0.15591896, -0.07605714, -0.94080746, -0.87596244, -0.9390504, -0.81097025, 0.8824979, -0.52514803, 0.784854, -0.016480511, -0.73061746, -0.9828169, 0.4164712, 0.13750911, 0.2829384, -0.73820984, 0.29753277, -0.6964918, 0.17029415, -0.66274554, 0.97874707, 0.10274613, -0.45987147, -0.92571527, -0.37368724, -0.12198449, -0.56543434, 0.08152369, -0.7489517, 0.28036895, -0.5203188, -0.1827992, -0.69365776, 0.9252999, -0.90092325, -0.18335107, -0.5408724, 0.6472617, 0.14389524, 0.3705402, -0.33188042, -0.37027457, -0.007359415, -0.103087954, -0.2314271, 0.49698064, 0.1070441, 0.06404288, -0.16950831, 0.110427015, 0.050855026, -0.8717026, -0.33240604, 0.24463104, -0.6741951, -0.7425988, -0.46343163, -0.37213087, -0.22359325, -0.27453947, 0.052027382, 0.21224393, -0.37351534, 0.35808054, 0.13739401, 0.84380513, -0.94543046, -0.44357115, 0.5809635, 0.6321208, -0.7872973, 0.86841214, -0.500179, -0.71226895, 0.3792952, 0.39754507, -0.9348521, 0.1951991, -0.04168464, 0.85151523, 0.04756014, -0.7746172, -0.2447015, 0.09676277, -0.91707975, -0.80084795, -0.7792521, -0.7314929, 0.86624384, 0.34248295, -0.3178108, 0.79763836, 0.07599247, -0.2511732, 0.64414424, -0.5740601, -0.7631324, -0.28245175, 0.66504616, -0.3733057, -0.3558546, 0.15865546, 0.7325171, 0.20418411, 0.025056416, -0.35396904, -0.16701835, -0.6597091, -0.4639995, 0.46032807, -0.25794515, -0.61599374, 0.1593692, 0.48297203, -0.6921029, 0.011866079, 0.7571447, 0.751247, 0.574687, -0.7977516, 0.9884603, 0.22688738, 0.72174186, 0.38698745, -0.8428935, 0.5997212, -0.8357617, 0.8657015, -0.39156562, 0.9315475, -0.49313712, 0.07949044, -0.9037386, -0.13472061, -0.46251494, 0.08827093, 0.7431621, 0.80885226, -0.004405218, -0.23337351, -0.35152897, -0.83056206, 0.8238315, 0.76033515, -0.6937373, 0.990153, 0.9634292, 0.38016587, 0.10497713, 0.737001, 0.4487885, -0.56515205, 0.9731063, 0.76777136, 0.85798347, 0.46955857, -0.8264368, 0.21839833, 0.8390762, 0.75485474, 0.77794725, -0.3791458, 0.71222466, -0.9837549, 0.9078075, -0.59287024, -0.6377206, 0.2614863, 0.08113268, -0.4261543, 0.32197532, 0.7855208, -0.08803377, 0.5333319, 0.78458506, -0.8311012, -0.5432714, -0.3803011, 0.61789036, 0.5420931, -0.91627127, -0.81594616, 0.7478787, -0.15728982, -0.7728686, 0.40980986, -0.50669575, 0.015999913, 0.40924108, 0.93536365, 0.62410384, -0.24937482, -0.22904424, -0.517508, -0.10602595, 0.55830604, -0.5076405, -0.1897672, 0.39841816, 0.31071562, -0.5680694, -0.17297871, -0.8173944, -0.7093769, 0.9820265, 0.6149119, -0.28227413, 0.4736045, 0.98420626, -0.19774565, 0.51600784, -0.46002564, -0.49881354, -0.87484205, 0.31815937, 0.85812724, -0.18141988, -0.7474942, -0.17940643, 0.6890615, 0.59863496, 0.15674445, 0.9117176, 0.49083087, 0.5774413, -0.55209506, -0.23187393, -0.14936438, 0.0759463, -0.28343078, 0.6044798, 0.19717115, -0.4810984, -0.47528562, 0.5372969, -0.9995298, -0.811747, -0.2295578, 0.98595625, 0.8903819, -0.54922426, 0.67052174, 0.024435073, 0.5753584, -0.86679494, 0.30039772, 0.96390337, -0.752279, 0.8899779, 0.7453691, 0.05470209, -0.8045397, -0.14024392, -0.45575583, 0.63352, -0.27638617, 0.704826, -0.28602883, 0.2960907, -0.13367242, 0.29825127, -0.4876308, -0.15508075, 0.053849954, -0.8690477, 0.42288202, -0.6256146, 0.73981977, 0.54528534, 0.29742432, -0.406832, 0.8098883, -0.5899477, 0.93316585, 0.23022746, 0.6499483, -0.5832647, 0.7728363, -0.5606902, -0.3877471, 0.2911902, -0.76422733, -0.7260428, -0.081515364, 0.59149426, -0.62527937, -0.354772, -0.82392013, -0.07261981, -0.32439157, 0.111029625, -0.5593555, 0.5546002, 0.5240217, 0.39689478, -0.33781335, 0.9162309, -0.5379698, -0.018133888, 0.96685207, 0.76013553, -0.48661345, 0.7129077, -0.7808152, 0.68243706, -0.14686981, -0.1149388, -0.89096785, 0.0745981, 0.082251035, -0.48458114, -0.58056396, -0.5491373, 0.7922321, 0.43931782, 0.6115454, 0.58542347, -0.15626165, 0.2949649, 0.026219811, -0.3771572, 0.49952906, -0.3229654, -0.29104263, 0.86809444, 0.3061237, -0.5039644, 0.2266655, 0.8171848, 0.84275806, -0.9199036, -0.19684069, -0.63182086, -0.54674184, 0.8055259, 0.3745581, 0.4523853, -0.26082054, 0.13591018, 0.22331108, 0.48902428, 0.015642257, 0.39132926, 0.73270845, 0.6455883, -0.33279088, 0.8599626, 0.20637113, -0.016343504, -0.7044426, 0.44381145, 0.6522241, 0.754589, -0.3045066, -0.01753308, 0.38912812, -0.48147187, 0.10041641, 0.83217335, -0.7018741]","[7.0, 0.0, -18.0, -7.0, -2.0, -9.0, 6.0, -12.0, -20.0, -11.0, -2.0, 22.0, 5.0, 0.0, -12.0, -1.0, -4.0, 1.0, -10.0, 0.0, -26.0, 5.0, 0.0, 1.0, -7.0, -14.0, -6.0, -24.0, -5.0, -20.0, -14.0, 7.0, 0.0, 14.0, -2.0, -11.0, -8.0, -12.0, 3.0, 1.0, 3.0, 14.0, -8.0, -6.0, -16.0, 11.0, -6.0, -9.0, 1.0, -5.0, -5.0, -3.0, 6.0, 3.0, -17.0, -11.0, -9.0, 13.0, 5.0, 4.0, -11.0, 2.0, -18.0, 5.0, -5.0, -1.0, -3.0, -8.0, 1.0, -2.0, -21.0, 17.0, -10.0, -19.0, -22.0, -6.0, -4.0, -12.0, -2.0, -10.0, 16.0, -10.0, 7.0, -23.0, -10.0, -11.0, 2.0, 8.0, -8.0, -6.0, -1.0, -18.0, -4.0, -4.0, 4.0, -8.0, -15.0, -5.0, -7.0, -5.0, -13.0, 1.0, -6.0, -3.0, 7.0, -19.0, 13.0, -14.0, -10.0, -13.0, -11.0, 5.0, 2.0, 2.0, 4.0, -14.0, -7.0, 4.0, -7.0, -11.0, -14.0, 4.0, 4.0, -13.0, -22.0, -16.0, -13.0, -3.0, -6.0, -1.0, -1.0, 6.0, 1.0, -5.0, -2.0, 0.0, -13.0, -14.0, -9.0, -9.0, 14.0, -10.0, -3.0, -10.0, 2.0, -10.0, -7.0, -7.0, -10.0, 9.0, -10.0, -17.0, -15.0, 0.0, 9.0, -4.0, -18.0, -6.0, 4.0, -3.0, -7.0, -6.0, -8.0, 8.0, -8.0, 0.0, 13.0, -16.0, -9.0, 0.0, -6.0, -4.0, -5.0, -24.0, -30.0, -10.0, -32.0, -5.0, 10.0, -25.0, -21.0, -5.0, -16.0, -9.0, -10.0, -15.0, 6.0, -4.0, -21.0, 12.0, -9.0, -1.0, 4.0, -4.0, -10.0, -1.0, -1.0, -11.0, -10.0, -6.0, -17.0, -3.0, -5.0, 6.0, -7.0, 2.0, -6.0, -3.0, -7.0, 9.0, -15.0, 0.0, -5.0, 2.0, -11.0, -11.0, -3.0, -9.0, -7.0, -1.0, -9.0, 5.0, -1.0, 0.0, -7.0, -5.0, -28.0, 4.0, -13.0, -3.0, 20.0, -7.0, -20.0, 1.0, -11.0, 1.0, -3.0, -7.0, -16.0, -11.0, 6.0, 8.0, -2.0, 11.0, 9.0, 2.0, 2.0, -18.0, -17.0, -10.0, -10.0, -6.0, 11.0, -8.0, -7.0, 2.0, 6.0, -9.0, -7.0, -3.0, -6.0, -14.0, -21.0, -1.0, -5.0, -14.0, -10.0, -27.0, -13.0, 1.0, 5.0, 0.0, -6.0, 9.0, -5.0, -4.0, -16.0, 1.0, -8.0, 6.0, -2.0, -6.0, -10.0, -1.0, 8.0, -6.0, 7.0, -5.0, 7.0, -1.0, 4.0, 10.0, 3.0, -15.0, 3.0, 4.0, 7.0, -6.0, 4.0, 2.0, -10.0, 0.0, -14.0, 9.0, 1.0, -6.0, -14.0, -6.0, -4.0, -11.0, 11.0, -8.0, 0.0, 5.0, -9.0, 0.0, -9.0, -1.0, 10.0, -10.0, -19.0, -21.0, -7.0, 7.0, 1.0, -10.0, -7.0, -3.0, 1.0, 0.0, 2.0, 8.0, -19.0, -9.0, -7.0, -15.0, -12.0, -5.0, -4.0, -33.0, 5.0, 5.0, -5.0, -16.0, -16.0, -4.0, -10.0, 4.0, -19.0, 5.0, -15.0, -4.0, 1.0, -6.0, -19.0, -23.0, 5.0, 8.0, -20.0, -13.0, 4.0, 6.0, -11.0, -5.0, -3.0, -7.0, -12.0, -3.0, 2.0, -17.0, -17.0, -10.0, -2.0, -17.0, -5.0, -16.0, 24.0, 14.0, -6.0, -18.0, -3.0, -2.0, 0.0, -1.0, 0.0, -16.0, -10.0, 1.0, -10.0, -25.0, -6.0, 2.0, -6.0, -13.0, 2.0, 29.0, 2.0, -4.0, -6.0, -5.0, -6.0, 7.0, -7.0, -6.0, 0.0, -4.0, -23.0, -33.0, 9.0, -10.0, -6.0, 2.0, -4.0, 5.0, -2.0, -6.0, -13.0, -11.0, -20.0, -1.0, 7.0, -14.0, -3.0, 20.0, 4.0, -19.0, 3.0, -20.0, -7.0, -10.0, -9.0, 8.0, 10.0, 4.0, -6.0, -6.0, 9.0, -7.0, 10.0, 7.0, -6.0, -5.0, -8.0, 4.0, -2.0, -35.0, 11.0, -15.0, -5.0, -4.0, -5.0, -2.0, -2.0, -21.0, -9.0, -5.0, -2.0, -11.0, -5.0, 2.0, 4.0, -16.0, -7.0, -16.0, -4.0, -12.0, 18.0, 2.0, -13.0, -10.0, -14.0, -1.0, -23.0, -15.0, -4.0, -5.0, -18.0, -4.0, 6.0, -12.0, -9.0, -4.0, -6.0, -20.0, 13.0, 3.0, -13.0, -6.0, 0.0, 3.0, 14.0, -6.0, -10.0, 2.0, -4.0, -7.0, -18.0, 9.0, -6.0, -27.0]",-54.9285266055146,0.0,0.0,0,0.0031549930572509766
26,"[-0.99980277, 0.30683538, 0.7715039, -0.8104571, -0.21382438, 0.041403536, 0.51871705, -0.6310622, -0.30333778, -0.06913481, -0.9599353, -0.63748914, 0.2687123, 0.4685224, -0.6696136, -0.63472456, -0.39149037, -0.55215013, 0.9567449, -0.65593046, 0.7947002, -0.27762604, -0.029448392, -0.6137204, -0.2551813, -0.43284428, 0.83338976, -0.9905272, 0.1713838, 0.5041625, 0.13210174, 0.38637465, -0.4815886, -0.74850905, 0.8482999, -0.7244762, 0.5125208, -0.41466486, 0.42473584, 0.7530636, 0.6365756, -0.72833073, -0.73695236, 0.75077504, 0.94333446, -0.7783918, 0.78531194, -0.57110626, -0.13561481, -0.74249214, -0.5092084, 0.21419582, 0.47549424, 0.7798612, 0.25038868, -0.02610981, 0.27748463, -0.56751233, -0.82901907, -0.6052003, -0.9226661, -0.44381544, 0.32059833, 0.31430113, -0.011059913, -0.9156678, -0.7657153, 0.3246577, 0.4252068, -0.76157165, -0.8630379, 0.19600506, -0.80273145, 0.12335967, -0.05946344, 0.3933374, 0.059541192, 0.45280805, -0.55244815, 0.87134516, 0.9106184, 0.435753, 0.3092044, -0.54099673, -0.97917694, 0.24685374, -0.6609874, 0.7972879, -0.636745, -0.8855897, 0.015228841, 0.0553412, 0.5434314, -0.11314591, 0.704291, 0.335024, -0.6919225, 0.87048435, 0.9106765, -0.9227794, -0.9043893, 0.062306184, 0.38334757, 0.50152975, -0.989652, 0.06761705, -0.015728325, 0.3384274, -0.14741577, 0.09696493, -0.653246, -0.81711423, -0.32619968, -0.5913126, 0.3016129, 0.85213214, -0.6690237, 0.033577144, -0.13338478, -0.7890881, -0.9859665, 0.36651728, 0.9955287, -0.20485198, -0.64813685, 0.39828756, -0.70692134, -0.8416878, 0.37030172, -0.4684446, 0.6072559, -0.70744795, -0.05678769, 0.28097996, 0.37612906, 0.6880234, 0.07287625, 0.22363602, -0.6594163, 0.95107055, -0.21500145, -0.060871273, 0.87524396, 0.72066045, -0.9664652, -0.22413948, -0.202277, -0.26730222, 0.72656, -0.8545589, -0.76980966, -0.7446142, -0.103943355, 0.5618541, -0.5545896, -0.616969, -0.70660156, 0.35451576, 0.71757185, 0.61875427, 0.7461169, -0.3507248, -0.02210915, -0.25048363, -0.13319883, 0.9438764, -0.64620465, 0.8091554, 0.9368906, 0.1926455, -0.8188782, -0.4074768, -0.59271765, -0.91755444, -0.9189491, -0.082793206, 0.73923236, -0.8478572, 0.16561963, 0.66225475, 0.6757558, -0.070606865, -0.033681985, -0.09368786, -0.4688324, -0.625693, 0.24677429, -0.47192007, -0.09378287, -0.07591086, -0.31099513, 0.08077937, 0.04250873, 0.0817934, 0.40299216, -0.21144456, -0.33243632, 0.6679184, -0.101902924, -0.7669902, 0.1415767, 0.8052298, -0.013196091, 0.86279523, 0.6528577, 0.3359237, 0.69408184, -0.00076419587, 0.1559223, -0.5142071, -0.07767399, 0.7378373, 0.30281463, 0.89246714, 0.5783473, -0.1851567, -0.38024548, -0.1909026, 0.10145611, -0.55901176, -0.082130834, -0.34728864, -0.64778215, 0.93016934, 0.9591558, -0.7210144, 0.5980457, -0.15784207, 0.33143055, 0.60751903, -0.7951828, -0.44647345, -0.43622744, -0.13296762, 0.14682506, -0.38029474, 0.78192014, -0.5119568, 0.8740257, 0.86057615, -0.90778667, -0.6259868, -0.12599522, 0.10004249, -0.23221467, -0.53064996, -0.46534, 0.07607147, 0.74688363, -0.9579311, 0.39148283, 0.78832126, 0.005209071, 0.6556116, -0.024210917, 0.02497063, 0.34310627, 0.27356052, 0.6350388, -0.7366997, -0.64763093, 0.68556714, -0.5630305, 0.69846517, 0.39358157, -0.79670143, 0.87377334, -0.5424527, -0.22028926, 0.08439252, 0.46401638, -0.7384448, -0.16986454, 0.21704938, -0.122304924, -0.20092611, 0.34085184, 0.5839119, 0.7231888, 0.017394634, 0.6751362, 0.7122142, 0.023667622, 0.6186176, 0.5388441, 0.229243, 0.6557954, -0.4352683, 0.9368967, 0.7312012, 0.8157638, 0.23340587, -0.13455735, -0.2569453, -0.8109321, 0.091609545, -0.8397033, -0.07553544, -0.9770139, 0.39317554, -0.6833368, 0.78058755, -0.64938927, -0.9711396, 0.5778615, -0.40408844, 0.632468, 0.34905824, 0.24694762, 0.003321123, 0.42097908, -0.74678314, 0.5012335, 0.49998432, 0.52232486, 0.26564673, 0.846486, 0.37265638, 0.7076695, -0.5308187, 0.3958942, 0.035357736, 0.053428765, 0.8461999, 0.34416753, 0.35741597, 0.829696, -0.8196106, -0.51716435, -0.9193224, -0.24659577, -0.58122694, -0.6765514, 0.67274415, -0.25699267, 0.10205564, -0.74970657, -0.79591054, -0.23735416, 0.67352474, -0.38930517, -0.16759904, -0.86681247, -0.044986382, 0.548782, -0.98832417, 0.26551422, -0.91356975, 0.005443537, 0.66391486, 0.5875891, -0.35405874, 0.96786296, -0.7918218, -0.27748236, 0.2044921, -0.170888, -0.72965974, -0.92357534, 0.67033345, -0.7798546, -0.305089, -0.2318074, 0.4461104, -0.66912913, -0.5151803, -0.803638, 0.70115966, 0.12417563, -0.62701374, 0.23737268, -0.813226, -0.70469505, -0.90783244, 0.49107793, -0.36033988, -0.5728692, -0.41728538, -0.5305266, 0.14255774, -0.43780106, 0.48192963, 0.95796186, 0.109462716, 0.6159356, -0.48863792, 0.37654805, 0.134667, 0.019362554, 0.9034703, -0.53664196, -0.9967777, 0.19724517, 0.9822698, 0.5716195, 0.24620104, 0.72010887, 0.83467937, -0.13140924, -0.38697106, 0.6363208, -0.7531702, 0.6598242, 0.16844615, -0.20380536, 0.89616054, -0.19219102, -0.48011148, -0.7838133, 0.9698315, 0.024789805, -0.65657234, 0.85460454, 0.4469132, -0.5550895, -0.6221322, -0.74374473, -0.2932205, 0.7221742, 0.59775764, 0.06246206, -0.14891146, -0.07030719, -0.4846361, -0.8787347, 0.035822038, 0.27548662, 0.047329925, -0.34920838, 0.34485757, 0.11443276, -0.051647246, 0.11135427, 0.760218, 0.6949331, -0.22915395, 0.4067881, -0.8931267, 0.8411834, -0.43256444, 0.13816996, 0.34695315, 0.108202584, -0.37257615, -0.890993, -0.8685284, -0.38196382, 0.5294722, 0.13888177, 0.45377582, 0.27252516, 0.08761994, 0.5919881, -0.933243, 0.67380863, 0.66185904, -0.7511051, -0.590249, 0.79951996, -0.40190285, -0.65471995, 0.23135787, -0.47905788, 0.8575402, 0.5760049, 0.7643776, -0.92485684, -0.7405564, -0.50625956, 0.60880136, -0.6092855, -0.20151693, -0.63458437, -0.8629573, -0.37197143, -0.7944874, 0.40058294, 0.23688002, 0.80932623, -0.9888359, 0.5960378, -0.3797869, 0.5232552, 0.020123985, 0.29151806, -0.13973992, -0.69313985, -0.65711945, 0.6685648, 0.9028152, -0.31968403, -0.68385345, -0.49832842, -0.833939, -0.66269, 0.61687165, 0.50564677, 0.80870414, -0.28090057, -0.17721419]","[7.0, 0.0, -18.0, -7.0, -2.0, -9.0, 6.0, -12.0, -20.0, -11.0, -2.0, 22.0, 5.0, 0.0, -12.0, -1.0, -4.0, 1.0, -10.0, 0.0, -26.0, 5.0, 0.0, 1.0, -7.0, -14.0, -6.0, -24.0, -5.0, -20.0, -14.0, 7.0, 0.0, 14.0, -2.0, -11.0, -8.0, -12.0, 3.0, 1.0, 3.0, 14.0, -8.0, -6.0, -16.0, 11.0, -6.0, -9.0, 1.0, -5.0, -5.0, -3.0, 6.0, 3.0, -17.0, -11.0, -9.0, 13.0, 5.0, 4.0, -11.0, 2.0, -18.0, 5.0, -5.0, -1.0, -3.0, -8.0, 1.0, -2.0, -21.0, 17.0, -10.0, -19.0, -22.0, -6.0, -4.0, -12.0, -2.0, -10.0, 16.0, -10.0, 7.0, -23.0, -10.0, -11.0, 2.0, 8.0, -8.0, -6.0, -1.0, -18.0, -4.0, -4.0, 4.0, -8.0, -15.0, -5.0, -7.0, -5.0, -13.0, 1.0, -6.0, -3.0, 7.0, -19.0, 13.0, -14.0, -10.0, -13.0, -11.0, 5.0, 2.0, 2.0, 4.0, -14.0, -7.0, 4.0, -7.0, -11.0, -14.0, 4.0, 4.0, -13.0, -22.0, -16.0, -13.0, -3.0, -6.0, -1.0, -1.0, 6.0, 1.0, -5.0, -2.0, 0.0, -13.0, -14.0, -9.0, -9.0, 14.0, -10.0, -3.0, -10.0, 2.0, -10.0, -7.0, -7.0, -10.0, 9.0, -10.0, -17.0, -15.0, 0.0, 9.0, -4.0, -18.0, -6.0, 4.0, -3.0, -7.0, -6.0, -8.0, 8.0, -8.0, 0.0, 13.0, -16.0, -9.0, 0.0, -6.0, -4.0, -5.0, -24.0, -30.0, -10.0, -32.0, -5.0, 10.0, -25.0, -21.0, -5.0, -16.0, -9.0, -10.0, -15.0, 6.0, -4.0, -21.0, 12.0, -9.0, -1.0, 4.0, -4.0, -10.0, -1.0, -1.0, -11.0, -10.0, -6.0, -17.0, -3.0, -5.0, 6.0, -7.0, 2.0, -6.0, -3.0, -7.0, 9.0, -15.0, 0.0, -5.0, 2.0, -11.0, -11.0, -3.0, -9.0, -7.0, -1.0, -9.0, 5.0, -1.0, 0.0, -7.0, -5.0, -28.0, 4.0, -13.0, -3.0, 20.0, -7.0, -20.0, 1.0, -11.0, 1.0, -3.0, -7.0, -16.0, -11.0, 6.0, 8.0, -2.0, 11.0, 9.0, 2.0, 2.0, -18.0, -17.0, -10.0, -10.0, -6.0, 11.0, -8.0, -7.0, 2.0, 6.0, -9.0, -7.0, -3.0, -6.0, -14.0, -21.0, -1.0, -5.0, -14.0, -10.0, -27.0, -13.0, 1.0, 5.0, 0.0, -6.0, 9.0, -5.0, -4.0, -16.0, 1.0, -8.0, 6.0, -2.0, -6.0, -10.0, -1.0, 8.0, -6.0, 7.0, -5.0, 7.0, -1.0, 4.0, 10.0, 3.0, -15.0, 3.0, 4.0, 7.0, -6.0, 4.0, 2.0, -10.0, 0.0, -14.0, 9.0, 1.0, -6.0, -14.0, -6.0, -4.0, -11.0, 11.0, -8.0, 0.0, 5.0, -9.0, 0.0, -9.0, -1.0, 10.0, -10.0, -19.0, -21.0, -7.0, 7.0, 1.0, -10.0, -7.0, -3.0, 1.0, 0.0, 2.0, 8.0, -19.0, -9.0, -7.0, -15.0, -12.0, -5.0, -4.0, -33.0, 5.0, 5.0, -5.0, -16.0, -16.0, -4.0, -10.0, 4.0, -19.0, 5.0, -15.0, -4.0, 1.0, -6.0, -19.0, -23.0, 5.0, 8.0, -20.0, -13.0, 4.0, 6.0, -11.0, -5.0, -3.0, -7.0, -12.0, -3.0, 2.0, -17.0, -17.0, -10.0, -2.0, -17.0, -5.0, -16.0, 24.0, 14.0, -6.0, -18.0, -3.0, -2.0, 0.0, -1.0, 0.0, -16.0, -10.0, 1.0, -10.0, -25.0, -6.0, 2.0, -6.0, -13.0, 2.0, 29.0, 2.0, -4.0, -6.0, -5.0, -6.0, 7.0, -7.0, -6.0, 0.0, -4.0, -23.0, -33.0, 9.0, -10.0, -6.0, 2.0, -4.0, 5.0, -2.0, -6.0, -13.0, -11.0, -20.0, -1.0, 7.0, -14.0, -3.0, 20.0, 4.0, -19.0, 3.0, -20.0, -7.0, -10.0, -9.0, 8.0, 10.0, 4.0, -6.0, -6.0, 9.0, -7.0, 10.0, 7.0, -6.0, -5.0, -8.0, 4.0, -2.0, -35.0, 11.0, -15.0, -5.0, -4.0, -5.0, -2.0, -2.0, -21.0, -9.0, -5.0, -2.0, -11.0, -5.0, 2.0, 4.0, -16.0, -7.0, -16.0, -4.0, -12.0, 18.0, 2.0, -13.0, -10.0, -14.0, -1.0, -23.0, -15.0, -4.0, -5.0, -18.0, -4.0, 6.0, -12.0, -9.0, -4.0, -6.0, -20.0, 13.0, 3.0, -13.0, -6.0, 0.0, 3.0, 14.0, -6.0, -10.0, 2.0, -4.0, -7.0, -18.0, 9.0, -6.0, -27.0]",-54.9285266055146,0.0,0.0,0,0.0031540393829345703
27,"[0.43991095, -0.088100106, 0.60506755, -0.094468564, 0.815274, 0.44348338, -0.0070801373, 0.8692613, -0.6047481, -0.8851094, -0.12654269, -0.1556229, 0.51431394, 0.38159817, -0.57242316, -0.60791343, 0.19978811, 0.51361024, 0.2510114, -0.86742157, 0.53902245, -0.9236973, 0.37633666, 0.044935822, -0.9355161, -0.65947646, -0.62716454, -0.21598683, 0.9800771, -0.93763405, -0.31676066, 0.6714792, -0.22980623, -0.42979345, -0.35915536, 0.5722348, -0.32672554, -0.19531843, -0.12256747, -0.32005915, -0.19080223, 0.9594191, 0.28757122, -0.09876809, 0.16353132, -0.66839266, -0.98655033, -0.8692859, 0.48429847, -0.7278294, 0.42229474, -0.73533833, -0.32798776, -0.4123444, 0.8499093, -0.93009025, 0.5525655, -0.71988446, 0.45768806, -0.06579427, -0.5841279, -0.9117503, 0.7103668, -0.98066795, -0.8177213, 0.19501552, -0.49903104, -0.9683562, -0.24163441, 0.22355205, -0.78239655, 0.75092196, 0.23069692, -0.5434568, -0.73624635, -0.1520831, 0.9832707, 0.48017782, -0.4299793, -0.50225836, 0.7686201, -0.8837908, 0.11864798, 0.85729754, 0.13520138, 0.8179017, -0.0054233754, 0.3865083, 0.23800422, 0.5041052, -0.73740345, 0.31141347, -0.17611095, 0.7505815, -0.30004337, 0.5472315, -0.9906961, -0.9224049, -0.5714449, -0.4745454, -0.5011945, -0.11784533, -0.24892132, 0.80560976, -0.8124387, 0.8823379, 0.590255, -0.25836277, -0.4536077, 0.509716, 0.7994786, 0.9496445, 0.9522927, 0.59511685, 0.49714643, 0.8810396, -0.6371306, -0.9887353, 0.17005834, -0.08629255, 0.18085201, -0.91727537, -0.6550455, -0.6773781, -0.52646434, 0.7724247, -0.53489316, -0.28139693, 0.44504216, 0.5516233, 0.7666617, -0.94126546, -0.9625379, 0.9918797, 0.56024635, -0.12945181, 0.26582363, -0.58852684, 0.7894373, -0.20500052, 0.21245556, 0.10472916, -0.3880227, -0.2773033, -0.08306623, 0.9679451, -0.9071896, 0.078739084, -0.7363848, 0.2084031, -0.27046508, 0.69996494, -0.19067903, -0.11303459, -0.61406654, -0.73220396, -0.8042585, -0.33759215, 0.93931, 0.83051103, -0.91379714, -0.73044294, -0.72517943, 0.7386774, -0.15213878, 0.86599195, -0.89216036, -0.5999639, -0.71049255, 0.8494263, 0.06178073, -0.41754737, 0.6191134, 0.25082058, 0.20547952, -0.8587708, -0.4600849, -0.5369255, 0.63611585, 0.8070281, -0.9984171, -0.2189983, 0.8897368, 0.45994687, 0.83392686, 0.09195885, 0.09296904, -0.3775437, -0.5624381, 0.74993986, -0.6207692, -0.29416493, 0.36301145, -0.6681865, 0.81053287, -0.6691489, 0.79581636, 0.42997748, -0.57996666, -0.043114588, 0.8466172, 0.17581622, -0.14610785, 0.34149265, 0.87036467, 0.26454854, -0.67864984, 0.38320866, -0.69624907, -0.6516406, 0.6202486, -0.75900775, 0.7029002, -0.59367776, -0.21286216, -0.9590047, -0.027365386, 0.68746936, -0.5996885, -0.72977334, 0.3693384, -0.12513699, -0.37159485, -0.70004195, 0.017358245, 0.17066637, 0.71137404, -0.7217384, -0.63208973, 0.27407223, 0.6077249, 0.8925493, 0.8458517, -0.77469486, -0.50177324, 0.35744846, -0.62290144, 0.099966556, -0.4250122, -0.9100831, -0.18975048, -0.3483123, 0.5793479, -0.7436577, 0.5594828, -0.040509738, 0.7237227, -0.06357207, 0.63476956, 0.26860464, -0.19452618, -0.3606982, 0.16318989, 0.56616, 0.12993161, 0.08509664, 0.06910261, 0.5947168, 0.5998124, -0.86553425, -0.94991493, 0.9514816, -0.19347821, 0.17156343, 0.095811374, -0.4829967, -0.1328453, 0.68491477, -0.64547646, -0.10063782, 0.66673857, -0.0126090385, 0.4205315, 0.60063833, 0.44115505, 0.50479406, -0.9262951, -0.50220025, 0.6035525, -0.0797393, 0.41769794, 0.85016245, 0.31874657, 0.9527887, -0.13778746, -0.5358768, -0.14344674, -0.84922236, 0.84014523, -0.03983614, -0.11375633, -0.39468494, 0.2661601, -0.047149412, 0.9604244, 0.1387392, 0.16670029, -0.6211688, 0.66546625, 0.72475046, -0.9974089, -0.2247748, -0.6956459, 0.51254165, 0.6323746, 0.24543326, -0.6912326, 0.53482926, -0.5277959, 0.53628904, 0.9624393, -0.8507058, 0.29520804, -0.13591245, 0.19370955, 0.26838467, -0.095036715, 0.853207, 0.59996915, 0.66916394, 0.90923524, -0.42506278, 0.6888836, -0.95229906, -0.3398178, 0.5596015, 0.7253357, -0.9946749, -0.46766555, 0.8166821, -0.16555808, -0.31620002, -0.76494783, 0.5879492, 0.9445026, -0.42742765, -0.9624281, 0.9869313, -0.90873575, -0.52266496, -0.021131597, 0.36432233, -0.22795387, 0.2246011, -0.12850276, 0.084610336, 0.95835555, -0.04303777, 0.8504844, 0.72960144, 0.5584593, -0.6900824, 0.99097484, -0.7152231, 0.6278874, -0.7408646, 0.7699145, 0.97102195, 0.021145659, -0.85125124, 0.004604951, -0.46704724, -0.18426746, 0.09850744, 0.3495373, -0.52518874, -0.9952516, -0.5175119, 0.32409602, -0.06476371, -0.3730188, -0.1331005, 0.20676415, -0.29206228, -0.83703804, -0.4591402, 0.12809935, -0.5285283, -0.65562105, -0.005379943, -0.12576103, -0.9871735, 0.29133338, -0.3991144, -0.2491461, -0.74616176, 0.23743117, -0.5348107, 0.98252606, 0.76098216, -0.5351203, 0.89207053, -0.24683638, -0.69230825, 0.60954636, 0.40167844, 0.25830376, 0.896049, -0.6851024, -0.9179826, -0.79412645, 0.2768888, 0.28903303, 0.6332693, -0.65190214, -0.15524983, 0.07575475, 0.6624329, 0.6179859, -0.29809967, -0.20206223, -0.9041303, -0.71609914, -0.6474202, -0.78607243, 0.15511896, -0.075872585, -0.2604972, -0.703476, -0.21558625, -0.27611473, 0.05377825, 0.42059502, -0.1921953, 0.42655537, -0.9802075, -0.42812672, 0.8547971, -0.07368714, 0.013250616, -0.3878751, -0.34107828, -0.27265364, -0.30272096, -0.55251604, 0.04139826, -0.5290546, -0.7070883, 0.8224551, 0.4974282, 0.9643146, 0.278849, -0.5769183, -0.6143173, 0.15981361, 0.8692887, -0.35067442, -0.755014, 0.8668567, -0.08637042, 0.1324289, 0.3147498, 0.8327228, -0.87836576, 0.3918388, -0.307313, 0.7854632, 0.07557111, 0.80113095, -0.13739038, -0.017922334, 0.5111213, -0.7296237, 0.68840736, -0.85089517, -0.43657064, -0.4067138, 0.972292, 0.13085364, 0.26319984, -0.765131, 0.22577664, 0.6578245, -0.42479965, -0.50721085, -0.7794883, -0.4173939, -0.7355548, 0.42427245, -0.6361802, 0.3490349, 0.6478477, 0.056957725, -0.86876017, 0.48814848, 0.314898, -0.7127284, 0.69872034, -0.6643453, 0.9087655, -0.796663, 0.7009685, 0.49128404, -0.8241773, -0.0061498038, 0.7627265, -0.12500001, -0.2601233, 0.07805531, -0.80501217]","[7.0, 0.0, -18.0, -7.0, -2.0, -9.0, 6.0, -12.0, -20.0, -11.0, -2.0, 22.0, 5.0, 0.0, -12.0, -1.0, -4.0, 1.0, -10.0, 0.0, -26.0, 5.0, 0.0, 1.0, -7.0, -14.0, -6.0, -24.0, -5.0, -20.0, -14.0, 7.0, 0.0, 14.0, -2.0, -11.0, -8.0, -12.0, 3.0, 1.0, 3.0, 14.0, -8.0, -6.0, -16.0, 11.0, -6.0, -9.0, 1.0, -5.0, -5.0, -3.0, 6.0, 3.0, -17.0, -11.0, -9.0, 13.0, 5.0, 4.0, -11.0, 2.0, -18.0, 5.0, -5.0, -1.0, -3.0, -8.0, 1.0, -2.0, -21.0, 17.0, -10.0, -19.0, -22.0, -6.0, -4.0, -12.0, -2.0, -10.0, 16.0, -10.0, 7.0, -23.0, -10.0, -11.0, 2.0, 8.0, -8.0, -6.0, -1.0, -18.0, -4.0, -4.0, 4.0, -8.0, -15.0, -5.0, -7.0, -5.0, -13.0, 1.0, -6.0, -3.0, 7.0, -19.0, 13.0, -14.0, -10.0, -13.0, -11.0, 5.0, 2.0, 2.0, 4.0, -14.0, -7.0, 4.0, -7.0, -11.0, -14.0, 4.0, 4.0, -13.0, -22.0, -16.0, -13.0, -3.0, -6.0, -1.0, -1.0, 6.0, 1.0, -5.0, -2.0, 0.0, -13.0, -14.0, -9.0, -9.0, 14.0, -10.0, -3.0, -10.0, 2.0, -10.0, -7.0, -7.0, -10.0, 9.0, -10.0, -17.0, -15.0, 0.0, 9.0, -4.0, -18.0, -6.0, 4.0, -3.0, -7.0, -6.0, -8.0, 8.0, -8.0, 0.0, 13.0, -16.0, -9.0, 0.0, -6.0, -4.0, -5.0, -24.0, -30.0, -10.0, -32.0, -5.0, 10.0, -25.0, -21.0, -5.0, -16.0, -9.0, -10.0, -15.0, 6.0, -4.0, -21.0, 12.0, -9.0, -1.0, 4.0, -4.0, -10.0, -1.0, -1.0, -11.0, -10.0, -6.0, -17.0, -3.0, -5.0, 6.0, -7.0, 2.0, -6.0, -3.0, -7.0, 9.0, -15.0, 0.0, -5.0, 2.0, -11.0, -11.0, -3.0, -9.0, -7.0, -1.0, -9.0, 5.0, -1.0, 0.0, -7.0, -5.0, -28.0, 4.0, -13.0, -3.0, 20.0, -7.0, -20.0, 1.0, -11.0, 1.0, -3.0, -7.0, -16.0, -11.0, 6.0, 8.0, -2.0, 11.0, 9.0, 2.0, 2.0, -18.0, -17.0, -10.0, -10.0, -6.0, 11.0, -8.0, -7.0, 2.0, 6.0, -9.0, -7.0, -3.0, -6.0, -14.0, -21.0, -1.0, -5.0, -14.0, -10.0, -27.0, -13.0, 1.0, 5.0, 0.0, -6.0, 9.0, -5.0, -4.0, -16.0, 1.0, -8.0, 6.0, -2.0, -6.0, -10.0, -1.0, 8.0, -6.0, 7.0, -5.0, 7.0, -1.0, 4.0, 10.0, 3.0, -15.0, 3.0, 4.0, 7.0, -6.0, 4.0, 2.0, -10.0, 0.0, -14.0, 9.0, 1.0, -6.0, -14.0, -6.0, -4.0, -11.0, 11.0, -8.0, 0.0, 5.0, -9.0, 0.0, -9.0, -1.0, 10.0, -10.0, -19.0, -21.0, -7.0, 7.0, 1.0, -10.0, -7.0, -3.0, 1.0, 0.0, 2.0, 8.0, -19.0, -9.0, -7.0, -15.0, -12.0, -5.0, -4.0, -33.0, 5.0, 5.0, -5.0, -16.0, -16.0, -4.0, -10.0, 4.0, -19.0, 5.0, -15.0, -4.0, 1.0, -6.0, -19.0, -23.0, 5.0, 8.0, -20.0, -13.0, 4.0, 6.0, -11.0, -5.0, -3.0, -7.0, -12.0, -3.0, 2.0, -17.0, -17.0, -10.0, -2.0, -17.0, -5.0, -16.0, 24.0, 14.0, -6.0, -18.0, -3.0, -2.0, 0.0, -1.0, 0.0, -16.0, -10.0, 1.0, -10.0, -25.0, -6.0, 2.0, -6.0, -13.0, 2.0, 29.0, 2.0, -4.0, -6.0, -5.0, -6.0, 7.0, -7.0, -6.0, 0.0, -4.0, -23.0, -33.0, 9.0, -10.0, -6.0, 2.0, -4.0, 5.0, -2.0, -6.0, -13.0, -11.0, -20.0, -1.0, 7.0, -14.0, -3.0, 20.0, 4.0, -19.0, 3.0, -20.0, -7.0, -10.0, -9.0, 8.0, 10.0, 4.0, -6.0, -6.0, 9.0, -7.0, 10.0, 7.0, -6.0, -5.0, -8.0, 4.0, -2.0, -35.0, 11.0, -15.0, -5.0, -4.0, -5.0, -2.0, -2.0, -21.0, -9.0, -5.0, -2.0, -11.0, -5.0, 2.0, 4.0, -16.0, -7.0, -16.0, -4.0, -12.0, 18.0, 2.0, -13.0, -10.0, -14.0, -1.0, -23.0, -15.0, -4.0, -5.0, -18.0, -4.0, 6.0, -12.0, -9.0, -4.0, -6.0, -20.0, 13.0, 3.0, -13.0, -6.0, 0.0, 3.0, 14.0, -6.0, -10.0, 2.0, -4.0, -7.0, -18.0, 9.0, -6.0, -27.0]",-54.9285266055146,0.0,0.0,0,0.0031690597534179688
28,"[-0.14266181, 0.38485304, 0.45733392, -0.24659577, 0.8322462, -0.8400473, 0.002620993, 0.94117236, -0.77263623, -0.7971536, -0.10749575, 0.93878037, -0.4806578, -0.69605035, -0.79853165, 0.76888883, 0.7626643, 0.40832004, 0.55901796, -0.055703368, -0.7944533, -0.54254097, 0.9279044, -0.4969387, 0.8994386, 0.30005708, 0.6494919, -0.8689922, 0.67005515, 0.7857688, 0.5005865, 0.34497994, -0.081690446, 0.55800885, 0.5682743, -0.38880166, 0.37620124, 0.79985464, -0.41760963, 0.43795237, 0.13023639, -0.41723678, 0.13923751, -0.042042922, -0.37597147, -0.615457, -0.6534821, -0.554288, -0.08376284, -0.28419596, -0.7605911, -0.9693052, 0.072812416, -0.5234392, -0.49703628, 0.19063073, 0.029385561, -0.6390446, -0.54209024, 0.077456206, -0.63360846, -0.6829745, -0.86088604, -0.53783137, -0.08960642, -0.9143913, 0.8533367, 0.57206196, 0.07583759, 0.63065195, -0.04092797, 0.566827, -0.3064369, -0.62971145, -0.77486926, -0.02102849, 0.21363121, -0.944651, -0.59410214, 0.80033135, 0.8605543, 0.08688846, -0.7781262, 0.7310982, -0.6185295, 0.5493383, -0.6546281, 0.6175999, -0.065812245, -0.06136961, 0.07751838, -0.56323636, 0.08875355, 0.09959949, 0.84313434, 0.8838503, 0.9327851, 0.0699091, 0.719042, 0.52972656, -0.75576216, 0.35497707, -0.29492956, 0.99291354, -0.5925571, -0.16181888, 0.2421794, 0.42700806, 0.9319777, 0.1564888, -0.47215232, -0.9757984, 0.23221973, -0.2896742, -0.69235736, 0.6599975, 0.11921352, -0.7462394, 0.53242385, 0.44680035, 0.57481277, -0.26112118, 0.15545462, -0.16566849, 0.33695772, -0.18376215, 0.9417789, -0.9280973, -0.42276946, 0.46890208, 0.41542286, 0.7940243, 0.52864766, -0.69603026, 0.11247965, -0.1005518, 0.8017143, -0.71217203, -0.8729917, -0.6388189, 0.21281819, 0.85055125, -0.2677611, 0.48934644, -0.88664174, -0.20722325, -0.2507879, 0.25734922, 0.8749751, -0.7435937, -0.8522366, -0.86873096, 0.022403773, -0.7920044, -0.67789274, 0.63986033, -0.5858987, 0.60810995, -0.9910077, -0.73510075, -0.37035573, 0.27347842, 0.72397, 0.4835186, 0.99838626, 0.7260752, 0.23770982, -0.61903757, 0.18886639, -0.07097403, 0.42200357, -0.11317749, 0.69144756, -0.64636314, 0.9571037, -0.42269668, -0.94673485, -0.6713348, -0.8701079, -0.51179236, 0.18931313, 0.36586106, -0.19856721, -0.5913565, 0.72095674, -0.14447543, -0.55661654, -0.78879285, -0.38641712, 0.33575082, -0.46534356, -0.83225286, 0.8056531, 0.4572145, -0.9442504, -0.27634335, 0.19941376, 0.45611247, -0.013397352, 0.17018588, -0.21693291, 0.6005948, 0.78903496, -0.086140804, 0.101985715, -0.40009314, -0.15778568, -0.44176668, 0.77447444, 0.42630124, -0.77282745, -0.6907061, -0.81258273, -0.49485767, 0.8744393, 0.28021818, -0.5862905, -0.9764893, -0.47500056, 0.5251203, 0.7025994, -0.7831673, 0.84855115, -0.63756, 0.5504467, 0.49562705, -0.3160109, 0.7911364, -0.99410737, -0.11857099, -0.68171334, -0.15558259, 0.5343184, -0.22593999, 0.11069921, 0.830397, -0.477044, 0.56046486, 0.5300391, 0.15836908, 0.9260181, -0.50800955, 0.699619, -0.041232586, -0.31081963, 0.71759933, 0.96885973, -0.507248, -0.69318485, 0.2884133, 0.37696832, -0.9408999, 0.8775154, -0.5031765, 0.1439991, 0.5854876, 0.50494266, 0.13484243, -0.8647165, -0.53133297, 0.9068803, 0.24720652, 0.759606, -0.33139253, 0.53330916, -0.16379058, -0.831294, 0.8252402, 0.23794952, 0.77386767, -0.7013115, -0.25136003, -0.23577438, 0.88433117, -0.57916886, -0.64180726, -0.76181126, 0.24970181, 0.48867065, 0.37813357, -0.5078484, 0.5299682, -0.7020516, 0.13114281, 0.5886503, 0.14470604, 0.55432165, 0.6527507, -0.6486437, -0.73655784, -0.15376544, 0.0061957575, 0.42060956, -0.33779147, 0.029595163, 0.77399063, -0.49350014, 0.46494648, -0.46132025, 0.28623807, 0.9266134, 0.6007602, 0.4523054, 0.86829716, 0.79830766, -0.022849254, -0.26347435, -0.8120046, -0.4193463, 0.3279276, -0.016641447, 0.48380527, 0.6595813, -0.038972434, -0.01898938, 0.5309123, 0.10254663, 0.29377392, 0.92756134, 0.11487997, 0.05647772, -0.11230314, -0.44952625, 0.6130385, 0.15421695, 0.094604425, -0.40074885, 0.046747673, -0.74211234, 0.79471207, 0.511175, -0.09632008, -0.8045987, 0.85876435, -0.02989002, 0.22700728, 0.17285924, -0.78102297, 0.14706804, 0.66054845, 0.18369304, -0.7391697, -0.61958903, -0.46706244, -0.5590977, -0.78700686, -0.99307024, 0.6717565, -0.89033294, 0.2547551, -0.45441017, -0.20655802, 0.86791074, -0.040246584, -0.5336493, -0.6011536, 0.6177614, 0.7591981, -0.15594995, -0.71201646, 0.7864901, 0.9822007, -0.43654898, 0.44704708, 0.42395195, 0.31177327, 0.520066, -0.3564594, 0.17224807, -0.64886796, 0.6474151, -0.9767985, 0.074964166, -0.17633484, 0.5790521, 0.9641042, -0.14765897, 0.69952255, -0.81122243, 0.7231643, -0.9685767, -0.6139953, 0.068475984, 0.23679467, -0.7159885, 0.28346512, 0.023487633, -0.1083566, -0.48594555, 0.3685441, 0.33059123, 0.41097906, 0.9257148, -0.18504764, -0.9427698, 0.29731876, -0.20426926, 0.7330144, -0.3478253, -0.3338983, -0.12528901, -0.4271443, -0.055667736, -0.29638082, 0.40146878, 0.85502833, 0.82398194, 0.59044296, 0.25556147, -0.48781464, 0.31609938, 0.18060264, 0.30806068, -0.4798562, 0.5722119, 0.90895736, -0.4208209, 0.13881378, -0.8222129, 0.7767006, 0.5175135, -0.97345096, 0.6450402, 0.40275705, 0.5201633, 0.14943749, 0.5991331, -0.07919076, 0.82800514, -0.5383842, -0.9744644, 0.6088105, -0.63548034, -0.78201026, -0.067881286, 0.24600686, -0.5296965, 0.74580956, 0.5049658, 0.3228193, -0.43240067, -0.567733, 0.8790349, -0.14313877, -0.35438022, 0.58060515, -0.12941304, 0.90981716, -0.31487522, 0.45456034, 0.08620962, 0.83726484, 0.8233129, 0.7858348, -0.95619136, -0.42343548, -0.53089476, -0.12775618, -0.41497472, -0.7609586, 0.85544354, 0.25098062, 0.5471631, 0.17669225, -0.82117623, 0.91877365, 0.92604756, 0.7272336, -0.6494561, -0.41733268, 0.34354925, 0.30757686, 0.6257967, 0.9262223, -0.56268895, -0.09549192, 0.5737798, 0.4596595, -0.81027496, 0.54591405, -0.14768171, 0.6984245, 0.4350712, 0.022528196, 0.4759369, -0.6522994, 0.6164917, 0.57106006, 0.7302028, 0.5057908, 0.096799314, -0.2416259, -0.924425, 0.73157793, -0.6294261, -0.6115078, 0.74127936, -0.030411847, 0.7703619, -0.6048598]","[7.0, 0.0, -18.0, -7.0, -2.0, -9.0, 6.0, -12.0, -20.0, -11.0, -2.0, 22.0, 5.0, 0.0, -12.0, -1.0, -4.0, 1.0, -10.0, 0.0, -26.0, 5.0, 0.0, 1.0, -7.0, -14.0, -6.0, -24.0, -5.0, -20.0, -14.0, 7.0, 0.0, 14.0, -2.0, -11.0, -8.0, -12.0, 3.0, 1.0, 3.0, 14.0, -8.0, -6.0, -16.0, 11.0, -6.0, -9.0, 1.0, -5.0, -5.0, -3.0, 6.0, 3.0, -17.0, -11.0, -9.0, 13.0, 5.0, 4.0, -11.0, 2.0, -18.0, 5.0, -5.0, -1.0, -3.0, -8.0, 1.0, -2.0, -21.0, 17.0, -10.0, -19.0, -22.0, -6.0, -4.0, -12.0, -2.0, -10.0, 16.0, -10.0, 7.0, -23.0, -10.0, -11.0, 2.0, 8.0, -8.0, -6.0, -1.0, -18.0, -4.0, -4.0, 4.0, -8.0, -15.0, -5.0, -7.0, -5.0, -13.0, 1.0, -6.0, -3.0, 7.0, -19.0, 13.0, -14.0, -10.0, -13.0, -11.0, 5.0, 2.0, 2.0, 4.0, -14.0, -7.0, 4.0, -7.0, -11.0, -14.0, 4.0, 4.0, -13.0, -22.0, -16.0, -13.0, -3.0, -6.0, -1.0, -1.0, 6.0, 1.0, -5.0, -2.0, 0.0, -13.0, -14.0, -9.0, -9.0, 14.0, -10.0, -3.0, -10.0, 2.0, -10.0, -7.0, -7.0, -10.0, 9.0, -10.0, -17.0, -15.0, 0.0, 9.0, -4.0, -18.0, -6.0, 4.0, -3.0, -7.0, -6.0, -8.0, 8.0, -8.0, 0.0, 13.0, -16.0, -9.0, 0.0, -6.0, -4.0, -5.0, -24.0, -30.0, -10.0, -32.0, -5.0, 10.0, -25.0, -21.0, -5.0, -16.0, -9.0, -10.0, -15.0, 6.0, -4.0, -21.0, 12.0, -9.0, -1.0, 4.0, -4.0, -10.0, -1.0, -1.0, -11.0, -10.0, -6.0, -17.0, -3.0, -5.0, 6.0, -7.0, 2.0, -6.0, -3.0, -7.0, 9.0, -15.0, 0.0, -5.0, 2.0, -11.0, -11.0, -3.0, -9.0, -7.0, -1.0, -9.0, 5.0, -1.0, 0.0, -7.0, -5.0, -28.0, 4.0, -13.0, -3.0, 20.0, -7.0, -20.0, 1.0, -11.0, 1.0, -3.0, -7.0, -16.0, -11.0, 6.0, 8.0, -2.0, 11.0, 9.0, 2.0, 2.0, -18.0, -17.0, -10.0, -10.0, -6.0, 11.0, -8.0, -7.0, 2.0, 6.0, -9.0, -7.0, -3.0, -6.0, -14.0, -21.0, -1.0, -5.0, -14.0, -10.0, -27.0, -13.0, 1.0, 5.0, 0.0, -6.0, 9.0, -5.0, -4.0, -16.0, 1.0, -8.0, 6.0, -2.0, -6.0, -10.0, -1.0, 8.0, -6.0, 7.0, -5.0, 7.0, -1.0, 4.0, 10.0, 3.0, -15.0, 3.0, 4.0, 7.0, -6.0, 4.0, 2.0, -10.0, 0.0, -14.0, 9.0, 1.0, -6.0, -14.0, -6.0, -4.0, -11.0, 11.0, -8.0, 0.0, 5.0, -9.0, 0.0, -9.0, -1.0, 10.0, -10.0, -19.0, -21.0, -7.0, 7.0, 1.0, -10.0, -7.0, -3.0, 1.0, 0.0, 2.0, 8.0, -19.0, -9.0, -7.0, -15.0, -12.0, -5.0, -4.0, -33.0, 5.0, 5.0, -5.0, -16.0, -16.0, -4.0, -10.0, 4.0, -19.0, 5.0, -15.0, -4.0, 1.0, -6.0, -19.0, -23.0, 5.0, 8.0, -20.0, -13.0, 4.0, 6.0, -11.0, -5.0, -3.0, -7.0, -12.0, -3.0, 2.0, -17.0, -17.0, -10.0, -2.0, -17.0, -5.0, -16.0, 24.0, 14.0, -6.0, -18.0, -3.0, -2.0, 0.0, -1.0, 0.0, -16.0, -10.0, 1.0, -10.0, -25.0, -6.0, 2.0, -6.0, -13.0, 2.0, 29.0, 2.0, -4.0, -6.0, -5.0, -6.0, 7.0, -7.0, -6.0, 0.0, -4.0, -23.0, -33.0, 9.0, -10.0, -6.0, 2.0, -4.0, 5.0, -2.0, -6.0, -13.0, -11.0, -20.0, -1.0, 7.0, -14.0, -3.0, 20.0, 4.0, -19.0, 3.0, -20.0, -7.0, -10.0, -9.0, 8.0, 10.0, 4.0, -6.0, -6.0, 9.0, -7.0, 10.0, 7.0, -6.0, -5.0, -8.0, 4.0, -2.0, -35.0, 11.0, -15.0, -5.0, -4.0, -5.0, -2.0, -2.0, -21.0, -9.0, -5.0, -2.0, -11.0, -5.0, 2.0, 4.0, -16.0, -7.0, -16.0, -4.0, -12.0, 18.0, 2.0, -13.0, -10.0, -14.0, -1.0, -23.0, -15.0, -4.0, -5.0, -18.0, -4.0, 6.0, -12.0, -9.0, -4.0, -6.0, -20.0, 13.0, 3.0, -13.0, -6.0, 0.0, 3.0, 14.0, -6.0, -10.0, 2.0, -4.0, -7.0, -18.0, 9.0, -6.0, -27.0]",-54.9285266055146,0.0,0.0,0,0.0031728744506835938
29,"[0.38849044, 0.74239546, -0.28648552, 0.9306195, -0.9122155, -0.11193089, 0.15094003, -0.7301004, -0.1613306, -0.72847074, -0.6972369, 0.6396065, 0.7468104, 0.591834, -0.5946238, -0.8455756, 0.33849695, -0.07513169, -0.95016646, 0.08210436, -0.36325556, -0.4350404, 0.24115266, -0.85252136, -0.8870036, -0.2384652, -0.60367453, -0.6718586, -0.28287986, -0.53666157, 0.048695583, -0.3009931, -0.29263937, 0.8927986, -0.9502448, -0.32614955, -0.51816046, 0.65465575, -0.56179875, -0.43892467, 0.1277975, 0.9031756, 0.93727046, 0.73444426, -0.44712615, -0.76224935, 0.7268087, 0.15460491, -0.82741904, 0.33748496, 0.34350893, 0.9946295, -0.7162421, -0.8618394, 0.015911898, 0.23608704, 0.13290247, 0.2779451, 0.7729419, 0.927475, 0.8787748, -0.75462425, 0.2626729, -0.41645038, 0.016109537, -0.9056483, -0.14312232, -0.5357186, -0.5873319, -0.43460032, -0.3339446, -0.7153686, 0.8938236, 0.4945317, 0.6033525, -0.16156463, -0.13401178, 0.6814091, -0.84370685, 0.3545255, 0.91180855, 0.065546975, 0.24848668, -0.6152125, -0.25247356, -0.7123709, 0.10616878, -0.26342702, 0.2993336, -0.7876514, 0.612428, -0.6104828, 0.2030956, 0.6748842, -0.23987202, -0.034577332, 0.33556783, -0.052209783, 0.7966516, -0.28516847, 0.6531088, -0.95723265, -0.50366557, -0.7260786, -0.67082375, 0.55265427, 0.76731914, 0.036954485, -0.27949205, -0.2752175, 0.7652756, 0.29483634, -0.7268927, -0.7257003, -0.33473194, -0.43295133, -0.06963383, -0.8344519, -0.67647517, 0.60061836, 0.18394941, 0.6665945, -0.8368306, 0.6671717, -0.37690383, 0.27211028, -0.5139911, 0.81379426, -0.3128211, 0.023783246, 0.20726635, 0.68245107, 0.16193746, 0.30676582, 0.95534164, -0.62916815, 0.3711688, 0.117039755, 0.5691618, 0.95022833, 0.28057128, -0.14302017, -0.7349897, 0.6050888, 0.04108733, -0.86118984, 0.96704537, -0.7641853, -0.08183535, 0.100213945, -0.9749809, -0.36003885, 0.70036626, 0.009681156, 0.0329164, 0.952661, 0.11632341, 0.6405906, -0.18371792, 0.7238155, 0.08339541, 0.69085634, -0.6949659, -0.9980349, 0.07148097, 0.18680087, -0.7698041, -0.91688144, -0.43435484, -0.38931736, -0.83470553, -0.43064994, -0.5353932, 0.23351832, -0.09098279, -0.6583583, 0.53081566, -0.088785134, 0.9267145, -0.4384862, -0.081853375, -0.4928018, 0.41791338, 0.11842275, 0.278546, -0.7175484, 0.50551903, 0.72237056, -0.221902, 0.5670851, -0.81623036, -0.28846958, 0.027143048, 0.366228, -0.4799273, 0.08827543, 0.6692928, 0.5650393, 0.008443018, -0.25764546, 0.33939162, -0.66964215, 0.27276692, -0.6291299, 0.04267908, -0.6862164, -0.78221357, 0.8957253, 0.085724376, 0.5777433, 0.67133623, 0.9197463, 0.36775434, 0.81974846, -0.4728922, 0.16800036, -0.88064146, 0.24190432, 0.1394369, 0.09694677, -0.88141704, -0.15476038, -0.005128914, -0.2629116, -0.93945885, 0.4718937, -0.4769608, -0.79510915, 0.7479637, 0.75533, -0.5791584, -0.6242467, 0.16862118, -0.57576114, 0.7223576, -0.8609058, -0.26087445, 0.9198589, -0.3071918, -0.8283221, -0.1373856, 0.111844905, 0.52773726, -0.7258964, -0.5357306, -0.8727986, -0.4101158, 0.86545384, -0.7156293, 0.5336028, 0.18698093, 0.4435193, -0.943036, 0.5083364, -0.41259852, 0.64118737, 0.4210143, 0.640307, 0.3865197, 0.37151232, 0.6986512, -0.29030573, -0.3945897, -0.14687833, 0.17876956, -0.106722966, 0.7980211, 0.6973757, -0.49622473, -0.2580395, 0.4497866, -0.67246747, 0.7810207, -0.32507387, -0.9326343, 0.13926665, -0.66128325, 0.50375384, -0.47829995, -0.7697483, -0.7233404, -0.53274, 0.44034207, -0.33949846, 0.98737454, 0.006904479, -0.8476921, -0.68402016, -0.061403826, -0.23093042, 0.44136393, -0.9110591, 0.17595977, -0.1784921, -0.8778156, 0.14655542, 0.8731711, -0.74606603, -0.00028370367, -0.2616717, -0.04515487, -0.1839467, 0.2681076, -0.86012167, 0.9377534, -0.12566078, 0.7673523, -0.92152077, 0.68317336, 0.9159663, 0.9769859, 0.5404096, -0.2740319, 0.0028437143, -0.56898344, 0.5883088, 0.6405279, -0.33397266, 0.5214303, -0.6991485, -0.034105573, 0.72014946, -0.37237245, -0.72023726, -0.41651472, 0.1789767, -0.38528976, -0.4760898, -0.49301726, 0.5048872, 0.92460954, -0.2876516, 0.32298827, 0.32604173, 0.21856736, -0.32606733, 0.7022361, 0.33371302, 0.37868044, -0.6436905, -0.61647576, -0.2466446, 0.58574796, 0.68446004, 0.9257109, 0.644719, 0.19220525, -0.6846148, -0.016524442, 0.24622273, -0.81582206, 0.6567283, -0.059253767, 0.34886387, 0.52985066, -0.34753537, 0.29806313, -0.8681229, -0.56748205, -0.18915954, -0.8996864, 0.56434137, 0.6882946, -0.46772543, 0.425601, -0.86865157, 0.24946584, -0.24182741, -0.15395318, -0.7290269, -0.42170417, -0.2655905, 0.75185454, 0.72903466, -0.17003456, -0.16175151, 0.20800753, -0.12064593, 0.61286956, -0.7166498, 0.40812215, 0.16404723, 0.72519445, -0.7097599, -0.03177165, 0.6010574, -0.9611091, -0.7675395, 0.8246285, -0.19647822, 0.8609681, -0.89864224, -0.7091429, -0.8517903, 0.45000517, 0.13782479, 0.3479027, -0.50284946, 0.2894175, 0.8477161, 0.6182775, -0.6670093, -0.97615665, 0.44806004, 0.18463647, 0.27985364, -0.49227765, -0.6376005, 0.1475648, -0.68499535, 0.4337835, -0.21977822, 0.532685, -0.16857412, -0.6334179, -0.17570674, 0.6905551, -0.59412235, 0.7426151, -0.066403344, -0.83907074, 0.49165106, 0.99429053, 0.08894145, -0.65618473, -0.84222084, 0.84412175, -0.37118632, -0.8158254, -0.25649157, -0.9322999, -0.9809683, -0.2651726, 0.014532753, -0.8170448, -0.6678561, -0.30195677, -0.5737083, 0.35378844, -0.14924575, 0.6112105, -0.6927841, 0.41365653, 0.9807603, 0.8925779, 0.6931317, 0.08326845, 0.55318564, -0.71351993, -0.62632895, 0.53121, -0.5686381, 0.3806302, 0.3799509, 0.7692206, 0.1585652, -0.72475684, 0.72160697, 0.6603736, -0.44432482, -0.9208962, 0.63379914, 0.9073802, 0.17062119, 0.38165262, 0.13539934, 0.5422355, -0.519756, 0.6392446, -0.74930376, 0.7621298, -0.25388917, -0.8380854, 0.09621046, -0.7640295, 0.83884144, 0.24000613, -0.5472666, 0.8577819, 0.18990028, -0.952803, 0.79377085, 0.54968834, 0.12852351, 0.6491492, 0.81853604, -0.13987346, 0.16233803, -0.6764418, 0.643942, 0.7830038, 0.69323117, -0.9804195, -0.044725526, -0.7891384, 0.781556, -0.50077385, 0.94570524, -0.38831702, 0.7665513]","[7.0, 0.0, -18.0, -7.0, -2.0, -9.0, 6.0, -12.0, -20.0, -11.0, -2.0, 22.0, 5.0, 0.0, -12.0, -1.0, -4.0, 1.0, -10.0, 0.0, -26.0, 5.0, 0.0, 1.0, -7.0, -14.0, -6.0, -24.0, -5.0, -20.0, -14.0, 7.0, 0.0, 14.0, -2.0, -11.0, -8.0, -12.0, 3.0, 1.0, 3.0, 14.0, -8.0, -6.0, -16.0, 11.0, -6.0, -9.0, 1.0, -5.0, -5.0, -3.0, 6.0, 3.0, -17.0, -11.0, -9.0, 13.0, 5.0, 4.0, -11.0, 2.0, -18.0, 5.0, -5.0, -1.0, -3.0, -8.0, 1.0, -2.0, -21.0, 17.0, -10.0, -19.0, -22.0, -6.0, -4.0, -12.0, -2.0, -10.0, 16.0, -10.0, 7.0, -23.0, -10.0, -11.0, 2.0, 8.0, -8.0, -6.0, -1.0, -18.0, -4.0, -4.0, 4.0, -8.0, -15.0, -5.0, -7.0, -5.0, -13.0, 1.0, -6.0, -3.0, 7.0, -19.0, 13.0, -14.0, -10.0, -13.0, -11.0, 5.0, 2.0, 2.0, 4.0, -14.0, -7.0, 4.0, -7.0, -11.0, -14.0, 4.0, 4.0, -13.0, -22.0, -16.0, -13.0, -3.0, -6.0, -1.0, -1.0, 6.0, 1.0, -5.0, -2.0, 0.0, -13.0, -14.0, -9.0, -9.0, 14.0, -10.0, -3.0, -10.0, 2.0, -10.0, -7.0, -7.0, -10.0, 9.0, -10.0, -17.0, -15.0, 0.0, 9.0, -4.0, -18.0, -6.0, 4.0, -3.0, -7.0, -6.0, -8.0, 8.0, -8.0, 0.0, 13.0, -16.0, -9.0, 0.0, -6.0, -4.0, -5.0, -24.0, -30.0, -10.0, -32.0, -5.0, 10.0, -25.0, -21.0, -5.0, -16.0, -9.0, -10.0, -15.0, 6.0, -4.0, -21.0, 12.0, -9.0, -1.0, 4.0, -4.0, -10.0, -1.0, -1.0, -11.0, -10.0, -6.0, -17.0, -3.0, -5.0, 6.0, -7.0, 2.0, -6.0, -3.0, -7.0, 9.0, -15.0, 0.0, -5.0, 2.0, -11.0, -11.0, -3.0, -9.0, -7.0, -1.0, -9.0, 5.0, -1.0, 0.0, -7.0, -5.0, -28.0, 4.0, -13.0, -3.0, 20.0, -7.0, -20.0, 1.0, -11.0, 1.0, -3.0, -7.0, -16.0, -11.0, 6.0, 8.0, -2.0, 11.0, 9.0, 2.0, 2.0, -18.0, -17.0, -10.0, -10.0, -6.0, 11.0, -8.0, -7.0, 2.0, 6.0, -9.0, -7.0, -3.0, -6.0, -14.0, -21.0, -1.0, -5.0, -14.0, -10.0, -27.0, -13.0, 1.0, 5.0, 0.0, -6.0, 9.0, -5.0, -4.0, -16.0, 1.0, -8.0, 6.0, -2.0, -6.0, -10.0, -1.0, 8.0, -6.0, 7.0, -5.0, 7.0, -1.0, 4.0, 10.0, 3.0, -15.0, 3.0, 4.0, 7.0, -6.0, 4.0, 2.0, -10.0, 0.0, -14.0, 9.0, 1.0, -6.0, -14.0, -6.0, -4.0, -11.0, 11.0, -8.0, 0.0, 5.0, -9.0, 0.0, -9.0, -1.0, 10.0, -10.0, -19.0, -21.0, -7.0, 7.0, 1.0, -10.0, -7.0, -3.0, 1.0, 0.0, 2.0, 8.0, -19.0, -9.0, -7.0, -15.0, -12.0, -5.0, -4.0, -33.0, 5.0, 5.0, -5.0, -16.0, -16.0, -4.0, -10.0, 4.0, -19.0, 5.0, -15.0, -4.0, 1.0, -6.0, -19.0, -23.0, 5.0, 8.0, -20.0, -13.0, 4.0, 6.0, -11.0, -5.0, -3.0, -7.0, -12.0, -3.0, 2.0, -17.0, -17.0, -10.0, -2.0, -17.0, -5.0, -16.0, 24.0, 14.0, -6.0, -18.0, -3.0, -2.0, 0.0, -1.0, 0.0, -16.0, -10.0, 1.0, -10.0, -25.0, -6.0, 2.0, -6.0, -13.0, 2.0, 29.0, 2.0, -4.0, -6.0, -5.0, -6.0, 7.0, -7.0, -6.0, 0.0, -4.0, -23.0, -33.0, 9.0, -10.0, -6.0, 2.0, -4.0, 5.0, -2.0, -6.0, -13.0, -11.0, -20.0, -1.0, 7.0, -14.0, -3.0, 20.0, 4.0, -19.0, 3.0, -20.0, -7.0, -10.0, -9.0, 8.0, 10.0, 4.0, -6.0, -6.0, 9.0, -7.0, 10.0, 7.0, -6.0, -5.0, -8.0, 4.0, -2.0, -35.0, 11.0, -15.0, -5.0, -4.0, -5.0, -2.0, -2.0, -21.0, -9.0, -5.0, -2.0, -11.0, -5.0, 2.0, 4.0, -16.0, -7.0, -16.0, -4.0, -12.0, 18.0, 2.0, -13.0, -10.0, -14.0, -1.0, -23.0, -15.0, -4.0, -5.0, -18.0, -4.0, 6.0, -12.0, -9.0, -4.0, -6.0, -20.0, 13.0, 3.0, -13.0, -6.0, 0.0, 3.0, 14.0, -6.0, -10.0, 2.0, -4.0, -7.0, -18.0, 9.0, -6.0, -27.0]",-54.9285266055146,0.0,0.0,0,0.0032095909118652344
30,"[0.4679878, 0.20446475, 0.80203986, -0.9923449, 0.03982455, 0.40474036, -0.9453754, 0.44988102, 0.31752807, 0.22008213, 0.9210135, -0.636343, 0.944066, 0.8370911, 0.6019049, 0.8387611, 0.92844737, 0.10538319, -0.15954101, -0.3809947, -0.54942906, 0.00967842, 0.5613061, -0.24680577, 0.6460356, -0.004667918, -0.51213956, 0.22872707, 0.86823153, -0.6684082, 0.01629343, -0.85942227, 0.5352711, 0.75273365, -0.63163126, -0.718729, -0.93390137, 0.46208033, -0.9158597, 0.9424106, -0.5129049, 0.19110808, 0.32097697, -0.6857933, -0.6884507, -0.9690757, 0.50471675, -0.7416677, -0.3952297, 0.027928742, 0.52605397, -0.45598912, 0.5006645, -0.25420043, 0.3268727, -0.177715, 0.76782036, -0.34559786, 0.43569, 0.19577824, 0.6301475, 0.7838326, 0.83765405, 0.2719299, -0.3783093, -0.86267394, -0.5609543, -0.66873497, -0.59930855, 0.87070173, -0.008228641, -0.13623191, -0.54593295, -0.0016945282, 0.9754906, -0.58081186, -0.4288764, 0.5277, 0.8575054, 0.050998215, 0.54610664, -0.9677714, 0.28144494, -0.91463345, 0.9798896, 0.103590876, -0.6777459, 0.7244166, 0.43300456, -0.32694358, -0.9121184, 0.29503173, 0.27169046, -0.37511745, 0.2889783, -0.6610688, 0.84780794, -0.268808, -0.69173384, 0.72965807, -0.22676472, 0.35785508, 0.23543143, -0.66161764, -0.16994353, 0.6571849, -0.6140229, -0.0070302733, 0.049018506, 0.7671736, 0.21586554, 0.73345196, 0.7566808, -0.12356037, -0.81971496, 0.7812336, -0.63982165, 0.084927864, -0.7458695, 0.92217356, -0.97523373, -0.34193423, 0.96464586, -0.6450769, 0.43408668, 0.26877388, -0.9759949, 0.7680965, -0.95425636, 0.41840792, -0.098327324, -0.8692413, -0.057600927, 0.3498958, -0.8860321, 0.81793857, -0.3420394, -0.6064675, 0.68555254, -0.1727842, 0.71868175, -0.39597186, 0.16925195, 0.9526008, -0.2801297, 0.0021119036, 0.6156193, 0.2667888, 0.575753, -0.2874037, -0.17351145, -0.941316, 0.60463625, 0.11080601, 0.1206762, -0.3350052, 0.7893082, 0.4183515, -0.8833142, 0.5279792, -0.9180633, -0.32194555, -0.08852128, 0.2970456, 0.34809953, 0.0037098972, -0.34432, 0.1984028, 0.36745557, -0.4227644, 0.1922882, 0.0063924585, -0.863007, 0.6943807, 0.8265774, 0.21492106, 0.60440713, 0.18680796, 0.04456691, 0.2972294, 0.20110768, 0.41472334, 0.23809811, 0.9457063, 0.24781667, -0.16852288, -0.9043131, 0.51445377, -0.77907264, 0.10920599, -0.9824394, 0.42623654, -0.6314404, -0.3020898, 0.47857326, 0.19088456, -0.58297193, -0.32967803, -0.10606543, -0.21038657, 0.25410157, -0.15853603, 0.17359, -0.50204974, 0.9992269, 0.5472784, -0.2100836, 0.93659365, 0.41451478, -0.092436194, -0.57635224, 0.15955375, -0.32665083, -0.9138355, -0.3153936, -0.96164197, 0.07072275, -0.8896153, -0.8215691, 0.87797254, 0.16828944, 0.8163974, -0.8563785, 0.97497344, 0.5277677, 0.63047516, 0.8230449, 0.880592, 0.42962843, 0.22142175, -0.75428486, -0.7832897, -0.3867005, -0.17572957, 0.9789535, 0.282184, 0.29459113, 0.09800259, -0.74085253, 0.09264601, -0.4744683, 0.13434853, -0.40666243, 0.029145276, 0.24906033, -0.06697466, -0.9616956, -0.6772909, 0.21932487, -0.59188205, -0.5912751, 0.3800801, -0.1516607, 0.45033455, -0.82349616, 0.56503206, 0.16795202, 0.050692137, 0.6111793, 0.8959714, 0.30408114, -0.73416466, 0.2352201, -0.9936008, -0.34289032, 0.40333164, 0.74298084, -0.2833754, -0.5130841, -0.67314744, -0.029519316, -0.10602935, -0.0065678433, -0.47296107, -0.0608988, -0.29772875, 0.96963954, -0.6228341, -0.7602359, 0.62550145, 0.54374754, 0.63655674, -0.0071389135, -0.5620301, 0.8121514, 0.5874841, 0.49166417, -0.9284477, -0.02786874, -0.32021677, -0.3118695, -0.748189, 0.7663163, -0.5149743, -0.90152943, -0.08171793, 0.0873412, -0.28698218, -0.26442528, -0.21329205, 0.36978012, -0.48657256, 0.8801596, -0.23696245, -0.16085126, -0.70497084, -0.070061386, 0.3930358, -0.32323998, -0.61516374, 0.5351425, 0.18998063, -0.021811146, -0.22825906, -0.4294791, -0.7684654, -0.46804702, -0.45142427, -0.3287165, -0.4554962, -0.9536154, -0.41163543, -0.98138654, 0.4730297, -0.6198532, -0.76037395, 0.26519588, 0.8981133, 0.8438437, 0.09991007, -0.30611914, -0.5596061, -0.232818, -0.9110357, 0.17195427, 0.81439656, 0.33036754, 0.23862787, -0.43033227, -0.11296547, 0.907219, 0.48260587, -0.87413514, -0.6242667, -0.12716247, 0.6794786, 0.81969965, -0.34186935, -0.6489576, -0.751899, -0.836168, -0.67944705, -0.799813, -0.0049839094, 0.5169182, -0.40138966, 0.028148307, 0.758107, 0.8393265, -0.2972012, 0.46542758, -0.8567634, 0.14621094, 0.18329976, 0.091520905, -0.6699506, 0.33251715, -0.53725994, 0.8343636, -0.8227197, 0.35187638, -0.22089826, -0.33911258, -0.39202428, -0.25671712, -0.5347059, 0.68566334, 0.2551863, 0.4774055, -0.53558874, -0.58014435, -0.14435959, 0.41662103, 0.9438352, -0.2640335, 0.72397864, 0.8628457, -0.9860644, 0.42889845, -0.14432025, 0.1810255, 0.05705043, 0.7321772, -0.6275477, 0.3776116, -0.49744028, 0.6697187, 0.7465643, -0.5713448, -0.2892418, 0.06456896, -0.86703193, 0.011216322, 0.198008, 0.82047564, -0.26811793, -0.51955956, 0.06302984, 0.63393456, 0.13731389, 0.7292667, -0.64048743, 0.7419673, 0.12086522, -0.43420583, -0.8187264, -0.8466162, 0.34934938, 0.89885247, 0.44992983, 0.47700933, -0.6009707, -0.3730603, 0.59928006, 0.001641754, -0.95091856, -0.47448227, 0.7608594, 0.6357891, -0.6279959, -0.50753736, 0.8872743, -0.19406824, -0.7193042, 0.0011923646, -0.05695637, 0.94557893, 0.29087886, -0.090885065, -0.25989762, 0.2279071, 0.06534872, 0.33839554, 0.09864344, 0.81777406, -0.9920116, 0.11994788, 0.5857521, -0.8209193, -0.81304294, -0.81057596, 0.88341683, 0.6915445, -0.7816544, 0.3020267, 0.16439953, -0.73193187, 0.054964975, -0.9204828, -0.9882463, -0.42179444, 0.8384832, 0.121168815, -0.93709713, -0.93031156, -0.76056075, -0.45668942, -0.6943293, -0.5507116, -0.6840972, 0.55320275, -0.19089198, 0.3465414, -0.38633412, -0.099255696, 0.21883495, -0.863981, -0.49524832, 0.926416, 0.71183103, 0.856811, -0.92019325, 0.12825756, -0.44497642, 0.68986815, 0.194249, -0.6208611, -0.8620853, 0.4040408, 0.8593914, -0.3591031, -0.13361245, 0.46587706, 0.18205361, 0.23722307, -0.47169837, -0.7883136, -0.05578064, 0.107044, 0.540391]","[7.0, 0.0, -18.0, -7.0, -2.0, -9.0, 6.0, -12.0, -20.0, -11.0, -2.0, 22.0, 5.0, 0.0, -12.0, -1.0, -4.0, 1.0, -10.0, 0.0, -26.0, 5.0, 0.0, 1.0, -7.0, -14.0, -6.0, -24.0, -5.0, -20.0, -14.0, 7.0, 0.0, 14.0, -2.0, -11.0, -8.0, -12.0, 3.0, 1.0, 3.0, 14.0, -8.0, -6.0, -16.0, 11.0, -6.0, -9.0, 1.0, -5.0, -5.0, -3.0, 6.0, 3.0, -17.0, -11.0, -9.0, 13.0, 5.0, 4.0, -11.0, 2.0, -18.0, 5.0, -5.0, -1.0, -3.0, -8.0, 1.0, -2.0, -21.0, 17.0, -10.0, -19.0, -22.0, -6.0, -4.0, -12.0, -2.0, -10.0, 16.0, -10.0, 7.0, -23.0, -10.0, -11.0, 2.0, 8.0, -8.0, -6.0, -1.0, -18.0, -4.0, -4.0, 4.0, -8.0, -15.0, -5.0, -7.0, -5.0, -13.0, 1.0, -6.0, -3.0, 7.0, -19.0, 13.0, -14.0, -10.0, -13.0, -11.0, 5.0, 2.0, 2.0, 4.0, -14.0, -7.0, 4.0, -7.0, -11.0, -14.0, 4.0, 4.0, -13.0, -22.0, -16.0, -13.0, -3.0, -6.0, -1.0, -1.0, 6.0, 1.0, -5.0, -2.0, 0.0, -13.0, -14.0, -9.0, -9.0, 14.0, -10.0, -3.0, -10.0, 2.0, -10.0, -7.0, -7.0, -10.0, 9.0, -10.0, -17.0, -15.0, 0.0, 9.0, -4.0, -18.0, -6.0, 4.0, -3.0, -7.0, -6.0, -8.0, 8.0, -8.0, 0.0, 13.0, -16.0, -9.0, 0.0, -6.0, -4.0, -5.0, -24.0, -30.0, -10.0, -32.0, -5.0, 10.0, -25.0, -21.0, -5.0, -16.0, -9.0, -10.0, -15.0, 6.0, -4.0, -21.0, 12.0, -9.0, -1.0, 4.0, -4.0, -10.0, -1.0, -1.0, -11.0, -10.0, -6.0, -17.0, -3.0, -5.0, 6.0, -7.0, 2.0, -6.0, -3.0, -7.0, 9.0, -15.0, 0.0, -5.0, 2.0, -11.0, -11.0, -3.0, -9.0, -7.0, -1.0, -9.0, 5.0, -1.0, 0.0, -7.0, -5.0, -28.0, 4.0, -13.0, -3.0, 20.0, -7.0, -20.0, 1.0, -11.0, 1.0, -3.0, -7.0, -16.0, -11.0, 6.0, 8.0, -2.0, 11.0, 9.0, 2.0, 2.0, -18.0, -17.0, -10.0, -10.0, -6.0, 11.0, -8.0, -7.0, 2.0, 6.0, -9.0, -7.0, -3.0, -6.0, -14.0, -21.0, -1.0, -5.0, -14.0, -10.0, -27.0, -13.0, 1.0, 5.0, 0.0, -6.0, 9.0, -5.0, -4.0, -16.0, 1.0, -8.0, 6.0, -2.0, -6.0, -10.0, -1.0, 8.0, -6.0, 7.0, -5.0, 7.0, -1.0, 4.0, 10.0, 3.0, -15.0, 3.0, 4.0, 7.0, -6.0, 4.0, 2.0, -10.0, 0.0, -14.0, 9.0, 1.0, -6.0, -14.0, -6.0, -4.0, -11.0, 11.0, -8.0, 0.0, 5.0, -9.0, 0.0, -9.0, -1.0, 10.0, -10.0, -19.0, -21.0, -7.0, 7.0, 1.0, -10.0, -7.0, -3.0, 1.0, 0.0, 2.0, 8.0, -19.0, -9.0, -7.0, -15.0, -12.0, -5.0, -4.0, -33.0, 5.0, 5.0, -5.0, -16.0, -16.0, -4.0, -10.0, 4.0, -19.0, 5.0, -15.0, -4.0, 1.0, -6.0, -19.0, -23.0, 5.0, 8.0, -20.0, -13.0, 4.0, 6.0, -11.0, -5.0, -3.0, -7.0, -12.0, -3.0, 2.0, -17.0, -17.0, -10.0, -2.0, -17.0, -5.0, -16.0, 24.0, 14.0, -6.0, -18.0, -3.0, -2.0, 0.0, -1.0, 0.0, -16.0, -10.0, 1.0, -10.0, -25.0, -6.0, 2.0, -6.0, -13.0, 2.0, 29.0, 2.0, -4.0, -6.0, -5.0, -6.0, 7.0, -7.0, -6.0, 0.0, -4.0, -23.0, -33.0, 9.0, -10.0, -6.0, 2.0, -4.0, 5.0, -2.0, -6.0, -13.0, -11.0, -20.0, -1.0, 7.0, -14.0, -3.0, 20.0, 4.0, -19.0, 3.0, -20.0, -7.0, -10.0, -9.0, 8.0, 10.0, 4.0, -6.0, -6.0, 9.0, -7.0, 10.0, 7.0, -6.0, -5.0, -8.0, 4.0, -2.0, -35.0, 11.0, -15.0, -5.0, -4.0, -5.0, -2.0, -2.0, -21.0, -9.0, -5.0, -2.0, -11.0, -5.0, 2.0, 4.0, -16.0, -7.0, -16.0, -4.0, -12.0, 18.0, 2.0, -13.0, -10.0, -14.0, -1.0, -23.0, -15.0, -4.0, -5.0, -18.0, -4.0, 6.0, -12.0, -9.0, -4.0, -6.0, -20.0, 13.0, 3.0, -13.0, -6.0, 0.0, 3.0, 14.0, -6.0, -10.0, 2.0, -4.0, -7.0, -18.0, 9.0, -6.0, -27.0]",-54.9285266055146,0.0,0.0,0,0.0031995773315429688
31,"[0.96199733, 0.9162459, -0.9958668, 0.26032376, -0.96256024, 0.06544468, -0.43777072, 0.18489704, -0.8629764, -0.5528718, -0.44050643, -0.22300299, 0.30221906, -0.08392787, 0.28068066, 0.82741207, -0.7428894, -0.6267701, 0.29909125, 0.05300059, -0.31811446, 0.19864547, -0.055979114, -0.7746449, -0.72318625, 0.860959, -0.67438644, -0.8946714, 0.7158947, -0.5503182, 0.2066577, 0.832618, -0.642718, -0.058080267, 0.5810216, -0.14715853, 0.7657689, 0.47199562, -0.24818483, -0.035083443, 0.8620835, -0.121035, -0.13607325, 0.46148416, 0.75839233, 0.42828292, 0.39373794, -0.5073757, 0.1894885, 0.033380084, -0.10074348, 0.1581162, -0.9520163, -0.826773, -0.13269347, 0.6138662, -0.9736966, 0.35787264, 0.02986952, -0.4157294, 0.7395369, -0.79244775, -0.04629252, -0.77815396, -0.50558674, 0.68789154, 0.8584846, 0.7418524, 0.24473351, 0.54392195, 0.97348946, 0.49629757, -0.079334795, -0.7113262, -0.4082, -0.87140125, -0.74998313, 0.23032203, 0.5285099, -0.26653022, -0.03390239, 0.96579254, 0.58611315, 0.298994, -0.0648, -0.5524781, -0.48135176, 0.30615506, -0.1715027, -0.2591547, 0.67689896, 0.1483949, -0.41000983, 0.3499589, 0.5753189, -0.9874559, -0.19911759, 0.9569383, 0.31487533, 0.05252597, 0.28409022, 0.48134252, -0.51408446, 0.6211762, -0.8206415, -0.13644515, 0.46035576, 0.8787713, -0.08950618, -0.40738302, -0.33461317, -0.6558378, 0.3108871, 0.9256543, -0.08874432, -0.0059690517, 0.57673687, -0.3890655, 0.2289202, -0.22484058, 0.9473141, 0.5253315, 0.8686799, -0.30661505, 0.24626882, -0.8732131, 0.5151118, 0.97766644, 0.5011104, 0.24818768, -0.2956608, -0.6066937, -0.3464165, 0.39991456, -0.19731428, -0.31039327, 0.8606121, 0.39884284, 0.15195799, -0.03277549, -0.257534, -0.08248265, -0.71924514, -0.9791507, 0.5334239, -0.04811491, 0.6929084, -0.696927, 0.54375887, -0.18201803, 0.072455585, 0.97494614, 0.020665688, 0.97832566, 0.96596, 0.4344379, -0.2814803, -0.8478157, -0.8970015, -0.501913, 0.9678142, 0.51719415, -0.6165442, 0.1871415, -0.054656252, -0.32434997, -0.562441, -0.74001855, -0.87497497, 0.045293882, -0.86543584, 0.8191673, 0.6187614, 0.023137217, 0.049392592, -0.68411875, -0.7038447, -0.6954535, -0.34263152, -0.8982375, 0.45317876, -0.7221847, 0.054012813, -0.26060462, 0.16606042, 0.8438389, 0.41967008, -0.11707037, 0.26282725, 0.46088046, -0.00026399933, -0.34203812, 0.7291148, -0.794259, 0.8758184, 0.4905458, 0.026168413, 0.8639666, -0.9947511, -0.46163356, -0.0109401615, -0.4140727, -0.7138523, -0.44727373, -0.7696793, 0.60003614, -0.7363126, 0.9269122, -0.41389847, -0.8947313, 0.039524406, 0.20271887, 0.81426334, 0.38613513, 0.08860551, 0.34627154, 0.9713475, -0.79707295, 0.13552839, 0.29348263, 0.15877354, -0.6257755, 0.6250723, -0.7361458, 0.42016566, -0.2268308, 0.31552234, 0.9641064, 0.10682322, -0.25155652, 0.99076104, 0.85386926, -0.9114186, 0.38413882, 0.37243566, 0.38564458, 0.4541782, -0.33659077, -0.9296757, -0.4283412, 0.23845483, -0.12156162, 0.48197612, -0.15809807, -0.55348265, 0.46826586, 0.22259413, -0.6016703, -0.47548258, -0.7975453, -0.63412297, -0.059691314, 0.8305736, 0.3031102, -0.6310819, -0.029924668, 0.30797783, -0.66546017, -0.6888704, -0.46792945, 0.7943577, -0.38888216, -0.86130697, -0.71560496, 0.604344, -0.570398, 0.21575652, 0.00863779, -0.26649973, 0.55825984, 0.338473, 0.35360032, -0.33149153, 0.15065601, -0.6118645, -0.40481627, 0.64400965, 0.8163262, 0.83876, -0.97495925, 0.8524442, -0.31467095, 0.16585027, 0.01845129, 0.5889925, -0.13401957, 0.1897008, 0.64813775, 0.17496334, -0.74329203, -0.4227219, -0.8855951, 0.085404046, 0.877867, -0.28611988, 0.6844737, -0.0017519796, -0.30263382, 0.8648361, -0.28941056, -0.13247581, -0.4380265, -0.051141117, 0.978484, 0.0873603, -0.15219893, -0.01244919, 0.43937576, -0.0075944406, -0.4254073, 0.8363235, 0.5178132, -0.07101779, -0.7195478, 0.2381062, 0.48075637, -0.22881576, 0.015245073, 0.010974755, -0.15736806, 0.6058936, -0.38421246, 0.4503071, 0.35051534, -0.7169403, -0.6116304, -0.60617685, -0.8370339, -0.51965004, -0.5806877, 0.73002386, 0.2987538, 0.9745762, -0.21090208, 0.97500265, -0.8407678, -0.37210196, -0.35812202, -0.4977263, 0.6542658, -0.04896559, -0.09616886, 0.67674243, 0.98075473, -0.41365996, -0.9367441, -0.09731186, 0.48798642, -0.6881126, -0.74454147, 0.8088689, 0.6364641, 0.22538218, -0.43241575, 0.86734724, 0.2019409, -0.87162256, -0.489803, -0.49904847, -0.127596, 0.17284058, 0.18742785, -0.61264634, 0.23122308, 0.06546527, 0.93268794, -0.13020098, -0.54181224, -0.32015553, 0.98177147, 0.8966312, -0.27802154, -0.028309278, 0.2695603, 0.46451324, -0.57142735, 0.08362999, -0.52115643, 0.35646504, 0.22080803, 0.729122, -0.13217765, 0.3660411, -0.45096156, 0.16775833, 0.79853874, 0.6659306, 0.018713683, 0.8442335, -0.4102526, 0.006727259, 0.9873283, 0.78724307, -0.8806657, -0.4546722, 0.13963397, -0.8134206, 0.21268347, -0.28067034, 0.8438474, -0.35144296, -0.65416133, -0.8054017, 0.8035844, 0.5230944, 0.88150984, -0.068324484, -0.046877284, -0.92325705, 0.71280754, 0.44027257, 0.94160575, -0.663356, -0.28100637, -0.92937726, 0.0075077433, -0.67709696, 0.69070137, -0.34156972, 0.13395047, 0.26867127, 0.92181945, -0.90547603, 0.26889044, 0.41800404, 0.7102628, -0.16604781, -0.6544941, -0.6351076, -0.7129382, -0.8172251, 0.98963267, -0.8243407, 0.8245718, 0.9903832, 0.4341718, 0.48074427, -0.16018592, -0.07546172, 0.9542435, -0.07654514, -0.15531313, 0.53305906, 0.57679284, 0.30642396, -0.5430961, -0.844102, -0.81819963, -0.19702445, 0.92458653, 0.065713726, 0.32624358, -0.48997808, 0.25659811, -0.024111455, -0.7423707, 0.31425828, 0.883076, -0.81010056, 0.31346178, 0.8898032, 0.3109817, -0.36474708, -0.32441077, -0.43441916, -0.17542136, 0.9673717, -0.79777205, 0.56044734, 0.7846929, 0.27015495, -0.8301963, -0.95820516, -0.34068483, 0.66053617, 0.34605175, 0.8918277, -0.11971423, 0.8195048, -0.40480125, -0.49621066, 0.27043188, -0.74944973, -0.51289415, 0.056832217, 0.5640284, -0.38670856, 0.4899238, -0.2810807, 0.7607557, 0.9351305, -0.3967695, -0.24884167, 0.84058386, -0.113626346, -0.6985736, 0.7390242, 0.5273893, 0.55555755, -0.10267597]","[7.0, 0.0, -18.0, -7.0, -2.0, -9.0, 6.0, -12.0, -20.0, -11.0, -2.0, 22.0, 5.0, 0.0, -12.0, -1.0, -4.0, 1.0, -10.0, 0.0, -26.0, 5.0, 0.0, 1.0, -7.0, -14.0, -6.0, -24.0, -5.0, -20.0, -14.0, 7.0, 0.0, 14.0, -2.0, -11.0, -8.0, -12.0, 3.0, 1.0, 3.0, 14.0, -8.0, -6.0, -16.0, 11.0, -6.0, -9.0, 1.0, -5.0, -5.0, -3.0, 6.0, 3.0, -17.0, -11.0, -9.0, 13.0, 5.0, 4.0, -11.0, 2.0, -18.0, 5.0, -5.0, -1.0, -3.0, -8.0, 1.0, -2.0, -21.0, 17.0, -10.0, -19.0, -22.0, -6.0, -4.0, -12.0, -2.0, -10.0, 16.0, -10.0, 7.0, -23.0, -10.0, -11.0, 2.0, 8.0, -8.0, -6.0, -1.0, -18.0, -4.0, -4.0, 4.0, -8.0, -15.0, -5.0, -7.0, -5.0, -13.0, 1.0, -6.0, -3.0, 7.0, -19.0, 13.0, -14.0, -10.0, -13.0, -11.0, 5.0, 2.0, 2.0, 4.0, -14.0, -7.0, 4.0, -7.0, -11.0, -14.0, 4.0, 4.0, -13.0, -22.0, -16.0, -13.0, -3.0, -6.0, -1.0, -1.0, 6.0, 1.0, -5.0, -2.0, 0.0, -13.0, -14.0, -9.0, -9.0, 14.0, -10.0, -3.0, -10.0, 2.0, -10.0, -7.0, -7.0, -10.0, 9.0, -10.0, -17.0, -15.0, 0.0, 9.0, -4.0, -18.0, -6.0, 4.0, -3.0, -7.0, -6.0, -8.0, 8.0, -8.0, 0.0, 13.0, -16.0, -9.0, 0.0, -6.0, -4.0, -5.0, -24.0, -30.0, -10.0, -32.0, -5.0, 10.0, -25.0, -21.0, -5.0, -16.0, -9.0, -10.0, -15.0, 6.0, -4.0, -21.0, 12.0, -9.0, -1.0, 4.0, -4.0, -10.0, -1.0, -1.0, -11.0, -10.0, -6.0, -17.0, -3.0, -5.0, 6.0, -7.0, 2.0, -6.0, -3.0, -7.0, 9.0, -15.0, 0.0, -5.0, 2.0, -11.0, -11.0, -3.0, -9.0, -7.0, -1.0, -9.0, 5.0, -1.0, 0.0, -7.0, -5.0, -28.0, 4.0, -13.0, -3.0, 20.0, -7.0, -20.0, 1.0, -11.0, 1.0, -3.0, -7.0, -16.0, -11.0, 6.0, 8.0, -2.0, 11.0, 9.0, 2.0, 2.0, -18.0, -17.0, -10.0, -10.0, -6.0, 11.0, -8.0, -7.0, 2.0, 6.0, -9.0, -7.0, -3.0, -6.0, -14.0, -21.0, -1.0, -5.0, -14.0, -10.0, -27.0, -13.0, 1.0, 5.0, 0.0, -6.0, 9.0, -5.0, -4.0, -16.0, 1.0, -8.0, 6.0, -2.0, -6.0, -10.0, -1.0, 8.0, -6.0, 7.0, -5.0, 7.0, -1.0, 4.0, 10.0, 3.0, -15.0, 3.0, 4.0, 7.0, -6.0, 4.0, 2.0, -10.0, 0.0, -14.0, 9.0, 1.0, -6.0, -14.0, -6.0, -4.0, -11.0, 11.0, -8.0, 0.0, 5.0, -9.0, 0.0, -9.0, -1.0, 10.0, -10.0, -19.0, -21.0, -7.0, 7.0, 1.0, -10.0, -7.0, -3.0, 1.0, 0.0, 2.0, 8.0, -19.0, -9.0, -7.0, -15.0, -12.0, -5.0, -4.0, -33.0, 5.0, 5.0, -5.0, -16.0, -16.0, -4.0, -10.0, 4.0, -19.0, 5.0, -15.0, -4.0, 1.0, -6.0, -19.0, -23.0, 5.0, 8.0, -20.0, -13.0, 4.0, 6.0, -11.0, -5.0, -3.0, -7.0, -12.0, -3.0, 2.0, -17.0, -17.0, -10.0, -2.0, -17.0, -5.0, -16.0, 24.0, 14.0, -6.0, -18.0, -3.0, -2.0, 0.0, -1.0, 0.0, -16.0, -10.0, 1.0, -10.0, -25.0, -6.0, 2.0, -6.0, -13.0, 2.0, 29.0, 2.0, -4.0, -6.0, -5.0, -6.0, 7.0, -7.0, -6.0, 0.0, -4.0, -23.0, -33.0, 9.0, -10.0, -6.0, 2.0, -4.0, 5.0, -2.0, -6.0, -13.0, -11.0, -20.0, -1.0, 7.0, -14.0, -3.0, 20.0, 4.0, -19.0, 3.0, -20.0, -7.0, -10.0, -9.0, 8.0, 10.0, 4.0, -6.0, -6.0, 9.0, -7.0, 10.0, 7.0, -6.0, -5.0, -8.0, 4.0, -2.0, -35.0, 11.0, -15.0, -5.0, -4.0, -5.0, -2.0, -2.0, -21.0, -9.0, -5.0, -2.0, -11.0, -5.0, 2.0, 4.0, -16.0, -7.0, -16.0, -4.0, -12.0, 18.0, 2.0, -13.0, -10.0, -14.0, -1.0, -23.0, -15.0, -4.0, -5.0, -18.0, -4.0, 6.0, -12.0, -9.0, -4.0, -6.0, -20.0, 13.0, 3.0, -13.0, -6.0, 0.0, 3.0, 14.0, -6.0, -10.0, 2.0, -4.0, -7.0, -18.0, 9.0, -6.0, -27.0]",-54.9285266055146,0.0,0.0,0,0.0031609535217285156
32,"[0.7472433, -0.9682218, 0.42759937, 0.20886117, -0.97639143, 0.23919863, -0.32642928, 0.9017689, 0.6089397, 0.5757266, 0.5183894, -0.47671336, -0.4243296, -0.8361489, -0.7225385, 0.41873688, -0.9518861, 0.3151809, -0.43275458, 0.25851575, -0.7409466, -0.24501897, -0.87231475, 0.19730403, -0.0032952444, 0.59690946, -0.7509249, -0.73052573, -0.39917043, 0.75556666, 0.73229724, -0.2153008, -0.26640692, -0.2455674, -0.021885958, 0.9164666, 0.7934792, -0.0996536, -0.8210574, 0.37646875, 0.20761137, 0.001841359, -0.31903252, -0.6143027, 0.4133905, 0.26493162, -0.5921441, -0.955855, 0.3342582, -0.2474849, 0.46870035, -0.12877017, 0.8630998, 0.6168644, 0.5432459, -0.68649244, 0.7496684, -0.30740678, -0.06661417, 0.46984425, 0.23635288, -0.30048046, 0.14205751, -0.8099306, 0.90841657, -0.7258481, 0.66814846, 0.28060594, 0.7042564, -0.7198899, -0.37018478, 0.3369481, -0.3118165, 0.22643128, 0.64937353, 0.75862294, 0.15976636, 0.13257219, 0.6837381, 0.41035205, 0.51784617, -0.50396407, -0.90895283, 0.3923384, -0.050616696, 0.8361309, 0.8890917, -0.7090836, 0.14624208, -0.18970938, -0.39147484, -0.1885941, -0.57565236, -0.028804269, -0.75568163, -0.48557758, 0.41095555, 0.952358, 0.18931247, -0.7259937, -0.10820959, -0.99304783, 0.47117135, 0.5148307, 0.72789425, -0.3048182, -0.6499781, -0.06979723, -0.987077, -0.13417089, -0.547841, 0.3867863, -0.32957473, -0.771151, -0.78826606, -0.93779945, -0.70096445, 0.23601803, -0.6142335, 0.08536743, 0.40952772, 0.9078948, -0.9157582, -0.7918062, -0.36660573, -0.680204, 0.948345, 0.7790995, -0.33006248, -0.73760015, -0.37628254, -0.648087, 0.18671869, 0.7773834, 0.63862216, 0.46529186, -0.8859424, -0.24230999, -0.100284494, -0.15350012, 0.73782074, 0.5418406, -0.5892334, 0.6038805, -0.7168342, -0.83084846, 0.015634352, 0.21902628, -0.000979743, -0.96111166, 0.12795536, -0.70584166, 0.6803473, 0.64064723, -0.33785173, 0.8141216, 0.7971837, -0.0133273695, 0.7990176, 0.75918114, -0.3170918, -0.2933528, -0.5456009, 0.44471845, -0.965302, -0.34176302, 0.110282995, 0.36345005, -0.27920324, 0.5920028, -0.6065544, -0.43193147, -0.89347756, -0.9583961, 0.008329006, 0.61555785, 0.8629512, 0.8294985, 0.71685565, -0.061562676, 0.70604205, 0.6284493, -0.9494075, 0.37704977, -0.74058723, 0.76939464, -0.8221916, -0.9006526, -0.91786295, -0.1467508, -0.9583311, 0.48183236, -0.7972627, 0.028288236, 0.05996321, 0.49592546, 0.8321409, 0.8982036, -0.44179824, 0.6318486, 0.57023776, 0.6035583, -0.95679444, -0.9030123, 0.15836185, 0.51914465, -0.30261135, -0.52135056, -0.25455987, 0.44867852, 0.33389306, 0.38325977, 0.09364461, -0.9491541, 0.23139453, -0.7406369, 0.36636245, -0.06738281, 0.6323995, 0.19381651, -0.16924076, 0.92828923, -0.18931931, -0.9853395, 0.42740315, 0.26852396, -0.12828384, -0.80477315, 0.07698117, 0.91028124, 0.51952124, -0.2341783, 0.1621197, 0.3839444, -0.948841, -0.3519951, 0.37096468, 0.37273192, -0.30628163, -0.89664394, 0.49439475, 0.37288094, -0.25010625, -0.16828756, -0.4045406, 0.22637707, -0.5701588, -0.06950841, -0.80046624, -0.9776932, 0.6108662, 0.7875592, -0.46594706, 0.37208566, 0.6121647, 0.3618715, -0.17154226, 0.7188455, 0.9516735, -0.1625548, 0.45475653, 0.532198, 0.68997186, -0.6597451, 0.08234167, 0.3016803, -0.6127961, -0.7418436, -0.46762466, 0.26403874, 0.93799204, -0.21034576, 0.3665338, -0.9922097, 0.6589564, -0.71638155, 0.04474475, -0.1436852, -0.0033172686, -0.47186887, 0.9361736, -0.257555, -0.7534722, 0.14239001, 0.66751146, -0.3594811, -0.7929432, 0.92750996, 0.43728346, -0.42584482, 0.7918013, 0.6485815, -0.22734316, -0.39927724, 0.99458086, -0.9451727, -0.8800747, -0.08214626, -0.091404036, 0.75840724, -0.20924777, 0.04981604, -0.05588487, 0.3562921, -0.0861543, -0.79120016, 0.25328213, 0.08691445, 0.4303982, 0.23534529, -0.94207704, 0.9367165, -0.20124991, -0.4467968, 0.7841713, -0.549654, -0.4404674, -0.29307014, -0.63355535, -0.10863205, 0.7509151, -0.7577742, -0.2733963, -0.9892284, -0.54814065, 0.7717874, -0.83459383, -0.88941365, 0.5057279, -0.6690862, -0.9409224, 0.42346832, 0.2940136, 0.372111, 0.1020831, -0.85091776, -0.18393634, 0.974398, 0.19920571, -0.080440775, -0.007901992, 0.90171134, -0.3198579, -0.8653389, 0.107816346, 0.13854562, 0.60103434, -0.06110718, -0.012177634, -0.61494464, -0.19618006, 0.09609786, -0.55010706, -0.18864311, 0.33381945, 0.4259024, -0.8688599, 0.3748805, -0.68706346, -0.924841, 0.849122, -0.2740104, 0.8152855, -0.8905811, 0.49286222, 0.734496, 0.39713567, 0.6746844, -0.23814301, -0.27445042, 0.96089906, 0.55932635, -0.42313433, -0.6452147, 0.74033195, -0.5675261, 0.65179205, -0.14409758, -0.4714164, -0.19597812, 0.44102865, 0.7374224, -0.42460912, 0.8812524, 0.25406164, 0.20267905, 0.5326219, -0.19536823, 0.7052489, -0.82278454, -0.50411403, -0.92111313, -0.33581948, -0.91557556, -0.23348509, -0.61071444, 0.55743515, 0.64881223, 0.17322049, -0.39791903, 0.7719926, -0.22807188, -0.30971226, 0.6701053, -0.76865184, 0.6163729, 0.33635005, -0.51878893, -0.38567957, 0.568237, 0.75243145, -0.48997164, 0.32779884, 0.1609879, 0.21092583, -0.64716744, -0.3381437, -0.337757, 0.5772821, 0.9467797, -0.91453993, -0.7825317, -0.99517983, 0.4262507, 0.2718019, 0.33682036, 0.5264077, 0.3698228, 0.05124454, 0.6288196, -0.4405341, 0.52710974, 0.11468783, -0.6184774, -0.046069358, 0.79738593, 0.70184463, 0.7273488, 0.43099478, -0.036917847, 0.95762396, 0.070495516, 0.053325348, -0.68842965, 0.43560758, -0.47169593, 0.6859553, -0.45223007, 0.9080087, 0.8508603, 0.5245411, 0.49940348, -0.29418743, 0.18839487, 0.8921258, -0.8055816, -0.041625887, 0.47439775, -0.8697099, -0.71185416, -0.8787516, -0.1893711, -0.5607609, 0.87407005, 0.8699677, -0.3216898, -0.84134746, 0.933028, -0.86408573, -0.89472514, -0.14329067, -0.054376718, -0.7730687, -0.9023398, -0.47313225, -0.2126693, -0.09742601, 0.7550456, -0.9750571, -0.27632472, 0.4125313, -0.9640145, 0.28890634, 0.16143505, 0.074620225, -0.69130176, -0.3639573, 0.6082162, -0.6746118, 0.4928293, -0.52891785, 0.4615034, -0.908481, -0.2193023, -0.88903105, -0.3756477, 0.16768552, 0.4568536, 0.545962, 0.096614875]","[7.0, 0.0, -18.0, -7.0, -2.0, -9.0, 6.0, -12.0, -20.0, -11.0, -2.0, 22.0, 5.0, 0.0, -12.0, -1.0, -4.0, 1.0, -10.0, 0.0, -26.0, 5.0, 0.0, 1.0, -7.0, -14.0, -6.0, -24.0, -5.0, -20.0, -14.0, 7.0, 0.0, 14.0, -2.0, -11.0, -8.0, -12.0, 3.0, 1.0, 3.0, 14.0, -8.0, -6.0, -16.0, 11.0, -6.0, -9.0, 1.0, -5.0, -5.0, -3.0, 6.0, 3.0, -17.0, -11.0, -9.0, 13.0, 5.0, 4.0, -11.0, 2.0, -18.0, 5.0, -5.0, -1.0, -3.0, -8.0, 1.0, -2.0, -21.0, 17.0, -10.0, -19.0, -22.0, -6.0, -4.0, -12.0, -2.0, -10.0, 16.0, -10.0, 7.0, -23.0, -10.0, -11.0, 2.0, 8.0, -8.0, -6.0, -1.0, -18.0, -4.0, -4.0, 4.0, -8.0, -15.0, -5.0, -7.0, -5.0, -13.0, 1.0, -6.0, -3.0, 7.0, -19.0, 13.0, -14.0, -10.0, -13.0, -11.0, 5.0, 2.0, 2.0, 4.0, -14.0, -7.0, 4.0, -7.0, -11.0, -14.0, 4.0, 4.0, -13.0, -22.0, -16.0, -13.0, -3.0, -6.0, -1.0, -1.0, 6.0, 1.0, -5.0, -2.0, 0.0, -13.0, -14.0, -9.0, -9.0, 14.0, -10.0, -3.0, -10.0, 2.0, -10.0, -7.0, -7.0, -10.0, 9.0, -10.0, -17.0, -15.0, 0.0, 9.0, -4.0, -18.0, -6.0, 4.0, -3.0, -7.0, -6.0, -8.0, 8.0, -8.0, 0.0, 13.0, -16.0, -9.0, 0.0, -6.0, -4.0, -5.0, -24.0, -30.0, -10.0, -32.0, -5.0, 10.0, -25.0, -21.0, -5.0, -16.0, -9.0, -10.0, -15.0, 6.0, -4.0, -21.0, 12.0, -9.0, -1.0, 4.0, -4.0, -10.0, -1.0, -1.0, -11.0, -10.0, -6.0, -17.0, -3.0, -5.0, 6.0, -7.0, 2.0, -6.0, -3.0, -7.0, 9.0, -15.0, 0.0, -5.0, 2.0, -11.0, -11.0, -3.0, -9.0, -7.0, -1.0, -9.0, 5.0, -1.0, 0.0, -7.0, -5.0, -28.0, 4.0, -13.0, -3.0, 20.0, -7.0, -20.0, 1.0, -11.0, 1.0, -3.0, -7.0, -16.0, -11.0, 6.0, 8.0, -2.0, 11.0, 9.0, 2.0, 2.0, -18.0, -17.0, -10.0, -10.0, -6.0, 11.0, -8.0, -7.0, 2.0, 6.0, -9.0, -7.0, -3.0, -6.0, -14.0, -21.0, -1.0, -5.0, -14.0, -10.0, -27.0, -13.0, 1.0, 5.0, 0.0, -6.0, 9.0, -5.0, -4.0, -16.0, 1.0, -8.0, 6.0, -2.0, -6.0, -10.0, -1.0, 8.0, -6.0, 7.0, -5.0, 7.0, -1.0, 4.0, 10.0, 3.0, -15.0, 3.0, 4.0, 7.0, -6.0, 4.0, 2.0, -10.0, 0.0, -14.0, 9.0, 1.0, -6.0, -14.0, -6.0, -4.0, -11.0, 11.0, -8.0, 0.0, 5.0, -9.0, 0.0, -9.0, -1.0, 10.0, -10.0, -19.0, -21.0, -7.0, 7.0, 1.0, -10.0, -7.0, -3.0, 1.0, 0.0, 2.0, 8.0, -19.0, -9.0, -7.0, -15.0, -12.0, -5.0, -4.0, -33.0, 5.0, 5.0, -5.0, -16.0, -16.0, -4.0, -10.0, 4.0, -19.0, 5.0, -15.0, -4.0, 1.0, -6.0, -19.0, -23.0, 5.0, 8.0, -20.0, -13.0, 4.0, 6.0, -11.0, -5.0, -3.0, -7.0, -12.0, -3.0, 2.0, -17.0, -17.0, -10.0, -2.0, -17.0, -5.0, -16.0, 24.0, 14.0, -6.0, -18.0, -3.0, -2.0, 0.0, -1.0, 0.0, -16.0, -10.0, 1.0, -10.0, -25.0, -6.0, 2.0, -6.0, -13.0, 2.0, 29.0, 2.0, -4.0, -6.0, -5.0, -6.0, 7.0, -7.0, -6.0, 0.0, -4.0, -23.0, -33.0, 9.0, -10.0, -6.0, 2.0, -4.0, 5.0, -2.0, -6.0, -13.0, -11.0, -20.0, -1.0, 7.0, -14.0, -3.0, 20.0, 4.0, -19.0, 3.0, -20.0, -7.0, -10.0, -9.0, 8.0, 10.0, 4.0, -6.0, -6.0, 9.0, -7.0, 10.0, 7.0, -6.0, -5.0, -8.0, 4.0, -2.0, -35.0, 11.0, -15.0, -5.0, -4.0, -5.0, -2.0, -2.0, -21.0, -9.0, -5.0, -2.0, -11.0, -5.0, 2.0, 4.0, -16.0, -7.0, -16.0, -4.0, -12.0, 18.0, 2.0, -13.0, -10.0, -14.0, -1.0, -23.0, -15.0, -4.0, -5.0, -18.0, -4.0, 6.0, -12.0, -9.0, -4.0, -6.0, -20.0, 13.0, 3.0, -13.0, -6.0, 0.0, 3.0, 14.0, -6.0, -10.0, 2.0, -4.0, -7.0, -18.0, 9.0, -6.0, -27.0]",-54.9285266055146,0.0,0.0,0,0.003179311752319336
33,"[-0.7287164, -0.9266604, -0.5542039, 0.6870285, 0.31898397, -0.5141974, 0.07978496, -0.18271643, 0.61906385, 0.0131516075, 0.039910574, -0.23687151, -0.1844587, 0.93842494, 0.9437537, 0.44231382, 0.116153516, 0.63255274, 0.59062314, -0.5957533, -0.37221658, 0.89415187, -0.25238872, -0.65451133, -0.65619236, -0.25540856, 0.31080255, 0.08427524, 0.35194755, -0.5850987, 0.0896318, -0.806188, -0.2870725, 0.27537644, -0.569697, 0.8381718, 0.15068406, 0.29570988, 0.4957318, 0.13139912, 0.54687124, -0.6655565, 0.97767055, 0.50094426, -0.7033777, -0.7522611, -0.9083692, -0.29093987, -0.3074955, -0.49178794, 0.8010208, 0.45627657, -0.9263563, -0.9832139, 0.54396343, -0.6637785, -0.7569134, 0.7351436, 0.7539063, 0.41213205, -0.36439306, -0.7535066, 0.24058385, -0.04529518, 0.111266814, 0.003935026, -0.29804835, 0.05461501, -0.8451616, -0.65443635, -0.75341654, 0.3891705, 0.38371435, 0.5668663, -0.42290565, -0.2964998, -0.66080254, 0.109642364, -0.835088, -0.6935332, 0.44331053, 0.33527517, -0.70511705, -0.9989763, 0.37052193, 0.21921875, 0.6562668, 0.29341123, -0.2953274, 0.78699917, 0.46040434, 0.8052725, 0.48425695, 0.46314678, -0.2447642, 0.778716, 0.90558285, -0.09036326, -0.5757767, 0.9433074, -0.57623696, -0.9941962, 0.7710494, -0.7069003, 0.12517451, -0.94651693, 0.46192306, -0.012226192, 0.8997919, 0.743216, -0.7534813, -0.92612225, -0.59741634, -0.623944, -0.69263965, -0.02597991, 0.039748456, -0.554709, -0.45505273, 0.002384106, -0.21162416, -0.5036113, 0.83400005, 0.19212036, 0.3581855, 0.81768966, -0.6509015, 0.031499855, -0.7048427, 0.49572727, -0.06985628, 0.035523787, 0.18824254, -0.51969063, 0.79388016, 0.65217143, 0.21845885, 0.59061277, -0.12783848, 0.6799479, 0.8123165, -0.24062634, 0.28097513, -0.5125389, -0.46265182, 0.4512795, 0.642282, -0.50243455, -0.39225706, -0.580604, -0.3021018, 0.87180924, -0.3910403, -0.15461339, 0.9624394, -0.747052, -0.6672939, 0.1713792, 0.30143383, 0.984455, 0.029982233, 0.06969832, 0.6939822, 0.22052573, 0.1445139, -0.3095274, -0.8302492, -0.9134446, -0.7818032, 0.33862883, 0.94661736, 0.4670853, -0.40179458, -0.8180403, 0.41655156, 0.13261682, 0.834774, -0.1572412, 0.9183397, 0.81948453, -0.85994935, 0.24261774, -0.19409876, -0.6741893, -0.44704673, -0.09386408, 0.8879093, -0.36554918, -0.47333276, 0.80247796, 0.33385748, 0.63766515, 0.8298188, -0.25109187, -0.41361755, 0.5270166, 0.20611344, -0.031500913, 0.025504725, 0.15887187, -0.25858244, 0.5273299, -0.8966197, 0.88676983, 0.43459648, 0.3365195, 0.12963891, -0.33831757, 0.75536275, 0.24853243, 0.22719865, -0.01344052, 0.04228106, -0.88056374, -0.032333612, -0.4660481, -0.25674957, 0.975269, -0.7668509, 0.56143934, 0.59408355, 0.40056318, -0.33327776, -0.9583653, 0.824358, -0.4393721, -0.7510079, -0.1835896, 0.11562815, -0.44805405, -0.20760998, 0.7383797, 0.09951663, 0.590208, 0.06734824, -0.7250618, 0.7217405, -0.47359812, 0.5895728, -0.85979444, 0.5064852, 0.14397085, 0.751362, 0.21296029, 0.31345606, -0.86341774, -0.46675962, -0.82789725, 0.69142574, -0.60912025, 0.34728864, 0.90643805, -0.07035481, -0.55416346, -0.96919405, -0.30563688, 0.9681671, -0.5668731, -0.53372514, 0.19442932, -0.867704, 0.81806326, -0.5123904, 0.21643667, 0.14188327, -0.5019699, -0.38827324, -0.1219851, -0.7527128, 0.5426017, -0.5877468, 0.12701808, -0.3659385, -0.079140395, -0.817681, 0.8367959, -0.12712586, -0.6479862, -0.4776977, 0.31738737, 0.38626343, -0.1513072, -0.93925685, -0.85805655, 0.69182175, -0.9055607, 0.30366084, 0.62883645, -0.51068246, -0.7661324, 0.5233489, 0.7230345, 0.23981589, 0.31397942, 0.13545947, 0.371697, -0.81064063, 0.6338534, 0.52925926, -0.9821566, 0.6317984, 0.8849761, 0.8008649, 0.40948457, 0.1003217, -0.28786972, -0.21651886, -0.98077023, -0.93299997, 0.6834421, -0.47356063, 0.8240906, 0.10235785, -0.8776424, -0.44152376, 0.85408324, -0.8970443, 0.27407008, 0.26947802, -0.23832911, 0.51940686, -0.07561232, 0.5646553, -0.767948, -0.19109476, 0.84768254, -0.18573184, -0.8144583, 0.4099388, 0.9308964, -0.6877792, 0.8026344, 0.7691561, -0.556215, 0.49096227, 0.7923545, -0.70944744, -0.02814092, -0.30109358, -0.2678487, -0.41181034, 0.3026143, 0.49885747, -0.6478931, 0.9546306, 0.4665684, 0.95596236, -0.98611885, -0.8912431, 0.69539094, -0.3591018, -0.09510455, 0.5270718, 0.5677827, 0.85970277, 0.48908114, 0.36076653, 0.5915941, -0.6049948, -0.52220476, -0.27735564, -0.9387202, 0.16345756, 0.8383911, 0.05846224, 0.23840159, -0.043211, -0.6768657, -0.960424, 0.6706416, -0.77708924, 0.9492039, -0.5708247, 0.95667326, -0.80338496, -0.03147723, 0.2562913, -0.38393506, -0.76065236, 0.7853667, 0.31042337, 0.014501729, -0.73384315, 0.23726109, -0.52072525, 0.33808824, 0.53733647, 0.6735149, -0.43593815, -0.7459583, 0.47193092, -0.51844007, -0.31472555, -0.7248006, 0.8896357, 0.48535082, -0.109511204, -0.35610697, 0.924148, -0.10870664, -0.03623666, -0.8267717, 0.026164653, -0.7766402, 0.9360675, 0.95184433, -0.1406118, 0.52720594, -0.42597044, 0.6914149, -0.39972246, 0.6306945, -0.8368479, -0.47893858, 0.5325003, 0.13252422, 0.48519343, -0.7856641, 0.7984118, -0.6844715, -0.32442522, 0.9859384, -0.7235087, -0.9001608, -0.9762301, 0.9001159, 0.094503045, 0.5800151, 0.3925829, 0.7373731, -0.9584698, 0.32773298, -0.06342997, 0.6122807, -0.3494463, 0.14799227, -0.6741771, 0.1518699, -0.4271767, -0.63154095, 0.033080935, -0.19760013, -0.24206741, 0.045927722, 0.5639872, -0.79151756, -0.48668435, 0.55795324, -0.28995878, -0.68658906, 0.982371, -0.25845388, 0.4782043, 0.19231993, -0.9143237, -0.87116396, 0.99157, -0.63525015, -0.8939123, -0.3273469, -0.51919097, -0.4884378, 0.14254332, -0.13693358, -0.6427033, -0.055214535, -0.5967811, 0.6966121, -0.7987582, -0.59745985, 0.40429023, -0.77291137, -0.17023101, 0.4290523, -0.22677736, -0.045506004, 0.354961, -0.057908997, 0.11005932, -0.526061, -0.63666165, 0.28069064, -0.82457477, 0.5489279, -0.15048158, 0.9140594, 0.7005946, -0.9494101, -0.011661843, -0.7856381, -0.81916, -0.12497183, -0.023340877, -0.3569279, -0.07537251, 0.5480077, 0.27054653, -0.39658356, -0.13653508, 0.09651191]","[7.0, 0.0, -18.0, -7.0, -2.0, -9.0, 6.0, -12.0, -20.0, -11.0, -2.0, 22.0, 5.0, 0.0, -12.0, -1.0, -4.0, 1.0, -10.0, 0.0, -26.0, 5.0, 0.0, 1.0, -7.0, -14.0, -6.0, -24.0, -5.0, -20.0, -14.0, 7.0, 0.0, 14.0, -2.0, -11.0, -8.0, -12.0, 3.0, 1.0, 3.0, 14.0, -8.0, -6.0, -16.0, 11.0, -6.0, -9.0, 1.0, -5.0, -5.0, -3.0, 6.0, 3.0, -17.0, -11.0, -9.0, 13.0, 5.0, 4.0, -11.0, 2.0, -18.0, 5.0, -5.0, -1.0, -3.0, -8.0, 1.0, -2.0, -21.0, 17.0, -10.0, -19.0, -22.0, -6.0, -4.0, -12.0, -2.0, -10.0, 16.0, -10.0, 7.0, -23.0, -10.0, -11.0, 2.0, 8.0, -8.0, -6.0, -1.0, -18.0, -4.0, -4.0, 4.0, -8.0, -15.0, -5.0, -7.0, -5.0, -13.0, 1.0, -6.0, -3.0, 7.0, -19.0, 13.0, -14.0, -10.0, -13.0, -11.0, 5.0, 2.0, 2.0, 4.0, -14.0, -7.0, 4.0, -7.0, -11.0, -14.0, 4.0, 4.0, -13.0, -22.0, -16.0, -13.0, -3.0, -6.0, -1.0, -1.0, 6.0, 1.0, -5.0, -2.0, 0.0, -13.0, -14.0, -9.0, -9.0, 14.0, -10.0, -3.0, -10.0, 2.0, -10.0, -7.0, -7.0, -10.0, 9.0, -10.0, -17.0, -15.0, 0.0, 9.0, -4.0, -18.0, -6.0, 4.0, -3.0, -7.0, -6.0, -8.0, 8.0, -8.0, 0.0, 13.0, -16.0, -9.0, 0.0, -6.0, -4.0, -5.0, -24.0, -30.0, -10.0, -32.0, -5.0, 10.0, -25.0, -21.0, -5.0, -16.0, -9.0, -10.0, -15.0, 6.0, -4.0, -21.0, 12.0, -9.0, -1.0, 4.0, -4.0, -10.0, -1.0, -1.0, -11.0, -10.0, -6.0, -17.0, -3.0, -5.0, 6.0, -7.0, 2.0, -6.0, -3.0, -7.0, 9.0, -15.0, 0.0, -5.0, 2.0, -11.0, -11.0, -3.0, -9.0, -7.0, -1.0, -9.0, 5.0, -1.0, 0.0, -7.0, -5.0, -28.0, 4.0, -13.0, -3.0, 20.0, -7.0, -20.0, 1.0, -11.0, 1.0, -3.0, -7.0, -16.0, -11.0, 6.0, 8.0, -2.0, 11.0, 9.0, 2.0, 2.0, -18.0, -17.0, -10.0, -10.0, -6.0, 11.0, -8.0, -7.0, 2.0, 6.0, -9.0, -7.0, -3.0, -6.0, -14.0, -21.0, -1.0, -5.0, -14.0, -10.0, -27.0, -13.0, 1.0, 5.0, 0.0, -6.0, 9.0, -5.0, -4.0, -16.0, 1.0, -8.0, 6.0, -2.0, -6.0, -10.0, -1.0, 8.0, -6.0, 7.0, -5.0, 7.0, -1.0, 4.0, 10.0, 3.0, -15.0, 3.0, 4.0, 7.0, -6.0, 4.0, 2.0, -10.0, 0.0, -14.0, 9.0, 1.0, -6.0, -14.0, -6.0, -4.0, -11.0, 11.0, -8.0, 0.0, 5.0, -9.0, 0.0, -9.0, -1.0, 10.0, -10.0, -19.0, -21.0, -7.0, 7.0, 1.0, -10.0, -7.0, -3.0, 1.0, 0.0, 2.0, 8.0, -19.0, -9.0, -7.0, -15.0, -12.0, -5.0, -4.0, -33.0, 5.0, 5.0, -5.0, -16.0, -16.0, -4.0, -10.0, 4.0, -19.0, 5.0, -15.0, -4.0, 1.0, -6.0, -19.0, -23.0, 5.0, 8.0, -20.0, -13.0, 4.0, 6.0, -11.0, -5.0, -3.0, -7.0, -12.0, -3.0, 2.0, -17.0, -17.0, -10.0, -2.0, -17.0, -5.0, -16.0, 24.0, 14.0, -6.0, -18.0, -3.0, -2.0, 0.0, -1.0, 0.0, -16.0, -10.0, 1.0, -10.0, -25.0, -6.0, 2.0, -6.0, -13.0, 2.0, 29.0, 2.0, -4.0, -6.0, -5.0, -6.0, 7.0, -7.0, -6.0, 0.0, -4.0, -23.0, -33.0, 9.0, -10.0, -6.0, 2.0, -4.0, 5.0, -2.0, -6.0, -13.0, -11.0, -20.0, -1.0, 7.0, -14.0, -3.0, 20.0, 4.0, -19.0, 3.0, -20.0, -7.0, -10.0, -9.0, 8.0, 10.0, 4.0, -6.0, -6.0, 9.0, -7.0, 10.0, 7.0, -6.0, -5.0, -8.0, 4.0, -2.0, -35.0, 11.0, -15.0, -5.0, -4.0, -5.0, -2.0, -2.0, -21.0, -9.0, -5.0, -2.0, -11.0, -5.0, 2.0, 4.0, -16.0, -7.0, -16.0, -4.0, -12.0, 18.0, 2.0, -13.0, -10.0, -14.0, -1.0, -23.0, -15.0, -4.0, -5.0, -18.0, -4.0, 6.0, -12.0, -9.0, -4.0, -6.0, -20.0, 13.0, 3.0, -13.0, -6.0, 0.0, 3.0, 14.0, -6.0, -10.0, 2.0, -4.0, -7.0, -18.0, 9.0, -6.0, -27.0]",-54.9285266055146,0.0,0.0,0,0.003182649612426758
34,"[0.24547243, 0.21664673, 0.58004844, -0.95598274, 0.5627323, -0.67648554, 0.42672947, 0.8700696, 0.70382524, -0.4988621, 0.94334084, 0.8538361, 0.33957434, -0.5801972, -0.3345933, -0.795833, -0.5723791, -0.2645532, 0.34307244, -0.55292916, 0.33305568, 0.7707124, -0.25973877, 0.2096439, -0.12063607, -0.383024, -0.069882154, -0.6360675, -0.07854275, -0.5727419, -0.8651232, -0.34516472, 0.3551038, 0.37904826, -0.15729229, 0.44051328, 0.7715658, 0.95787424, -0.8638686, -0.1842555, 0.7896962, 0.61275977, -0.19996583, -0.12329085, 0.57824904, 0.54903543, -0.09864901, 0.44735622, -0.74173826, -0.6190016, -0.059026957, 0.94923955, 0.30896288, -0.52078724, -0.83966964, -0.9219308, 0.7843165, 0.58940643, -0.48402536, 0.5663512, -0.03907198, -0.83859295, 0.6316368, 0.06498212, -0.33575195, -0.8341151, -0.45790187, 0.5806529, 0.21087316, 0.73239696, -0.567021, -0.6444874, -0.86835563, -0.29075322, -0.93936443, 0.672943, -0.08123019, -0.6740614, -0.08896916, 0.77487314, 0.4620036, 0.160956, 0.23601876, -0.012849264, 0.66372263, 0.6128047, 0.23509243, 0.35324442, 0.021790529, -0.55287635, 0.23228422, -0.4020116, 0.58945036, -0.7236342, -0.78491056, -0.56536746, -0.47866985, 0.6572029, 0.31347072, -0.87720275, -0.77449125, 0.42999953, 0.48430166, 0.48656178, 0.6544534, 0.1104472, -0.9126166, 0.5695515, -0.9244377, 0.72306246, 0.7284091, 0.3257111, -0.54875576, 0.7142534, -0.2384052, 0.6924943, -0.35431403, -0.7526016, -0.5335374, 0.33058974, 0.9706579, -0.99004716, 0.3493996, -0.8628703, -0.30080897, -0.72481364, -0.76407367, -0.37883013, -0.56381303, -0.42599937, 0.45380533, -0.34020418, 0.18983868, -0.029880887, -0.22155161, 0.46042424, -0.49843642, 0.044864003, -0.8622737, 0.21187665, 0.997895, -0.066181175, -0.82858294, 0.97646564, -0.526224, -0.93504626, -0.2445776, -0.48038042, -0.9028414, -0.63622594, -0.48493388, 0.874633, 0.9687788, -0.69317794, -0.7664366, 0.46683612, 0.03207077, 0.4491997, 0.10540198, 0.62921345, -0.08129792, 0.2040216, 0.4141205, 0.07837363, 0.6362624, -0.11299197, -0.17112441, -0.31749278, -0.52921945, 0.38435668, -0.89720637, 0.19040339, 0.24741183, 0.720682, -0.8879721, -0.7485035, 0.8745489, -0.39486906, -0.8725439, 0.6415763, 0.6513825, 0.6784995, -0.029508583, -0.6054205, -0.93683034, -0.1417653, 0.38208112, 0.21219887, 0.13142547, -0.40153784, 0.28616408, 0.9540844, 0.08824717, 0.55417234, 0.9025784, 0.21416217, -0.84083295, 0.6398538, -0.75282663, -0.65757793, 0.25397807, 0.05125937, -0.56940603, -0.15602252, 0.8471649, 0.9103017, 0.06644855, -0.025547292, -0.9754029, -0.5710515, -0.06764603, 0.5602079, -0.2362165, 0.16945279, -0.39744765, 0.86650306, 0.07018894, 0.58363914, 0.7403991, 0.29064286, -0.79344714, -0.57089067, 0.59572035, 0.64432615, 0.9683707, 0.4259074, 0.89040095, 0.23656209, 0.7764926, 0.39178294, 0.7338571, -0.005999195, -0.1062211, -0.53133357, 0.25870317, -0.6488335, -0.8631862, 0.67157614, -0.8046622, -0.52157736, -0.7788566, -0.65598375, -0.6596025, 0.17516711, -0.027071664, 0.22735716, -0.17187215, 0.68399423, -0.111520134, -0.7968165, -0.38710684, -0.57169646, -0.8015788, -0.16528264, -0.7593378, -0.73004204, 0.1211904, -0.8905507, 0.6352704, 0.44655594, 0.48918575, 0.51397634, -0.011052204, 0.5725827, 0.7318524, -0.56879777, 0.32742506, 0.8313518, 0.26203832, -0.19405748, -0.5826639, 0.81036, -0.9618894, -0.06368177, -0.8279566, -0.30547333, -0.8582628, 0.1941176, -0.8613679, -0.5508571, 0.12686259, 0.62511045, -0.34221575, -0.76309866, 0.4517455, 0.5430396, 0.84556824, 0.8018131, 0.9254638, 0.87187517, -0.44100165, 0.5700617, -0.5839593, 0.14720275, -0.67226684, 0.5579106, -0.5324715, 0.8033818, 0.27317855, 0.11371534, -0.68783003, 0.6808499, 0.23657903, 0.15021254, -0.0768123, 0.7424017, 0.08375634, 0.23587005, 0.7375315, -0.2804561, 0.5292418, 0.9379341, -0.90588975, 0.3602641, -0.94583356, -0.38160732, 0.4594478, -0.75057197, 0.35051823, -0.57255256, -0.045613363, -0.07901254, 0.43999577, 0.6922244, -0.83092254, 0.9701314, 0.28915858, 0.6824835, -0.37582576, 0.015525408, -0.099118, -0.027657624, 0.057708196, 0.51317674, 0.52951676, 0.814166, 0.9584141, -0.30854383, -0.9126664, -0.92269444, 0.3972525, -0.33065942, 0.56347376, 0.8415311, -0.8962833, 0.67445415, 0.80450815, -0.13074706, -0.35852677, -0.59812725, -0.7881909, -0.3689806, -0.519271, 0.15454578, -0.5442413, 0.1303464, -0.2305708, -0.84867996, -0.12926042, 0.42215133, -0.018170362, 0.63458604, -0.8238199, 0.7094302, 0.63373387, 0.6961157, -0.53759146, -0.21207419, 0.51271033, -0.3260594, 0.64503425, -0.5077811, -0.17783014, -0.30520314, 0.007606503, 0.77148163, -0.8780287, 0.19578545, -0.64259833, -0.5802891, -0.76032424, -0.9240869, -0.21779343, -0.043026354, 0.11792873, -0.7716769, 0.28465644, -0.25555056, -0.27372065, -0.122673884, -0.01464151, 0.51960915, 0.051366005, -0.07727907, 0.7200636, 0.8637078, -0.88054746, 0.49674988, 0.4563631, -0.71296316, -0.16028832, 0.49107692, 0.02228259, 0.50148827, 0.10649524, -0.86783487, -0.63725936, 0.042562526, 0.54666364, 0.4163405, -0.5412761, -0.9244956, 0.2984339, 0.34952193, -0.43752086, 0.5730164, -0.06651869, -0.7978311, -0.6012669, 0.98178715, -0.16886304, -0.44896948, 0.64315295, 0.45494565, -0.1515753, 0.42888913, 0.6519356, 0.5756533, 0.9743956, -0.091089495, 0.67420703, 0.27767226, 0.6784905, -0.9365892, -0.7550692, 0.70031613, 0.3400145, 0.3807978, 0.75403214, 0.74224955, -0.7108831, -0.468559, 0.03839998, -0.08471829, 0.2116263, 0.6218651, -0.6873557, 0.6296058, 0.51515126, -0.17003763, -0.98418134, -0.23067077, 0.013696459, -0.4950261, -0.5938263, -0.52863955, 0.65174097, 0.6052884, 0.67304665, 0.26897776, 0.00820712, -0.021145044, 0.07723245, -0.41184247, -0.6383733, 0.54240775, -0.5172323, -0.09618249, -0.40913862, -0.40062422, -0.6967612, -0.31601125, -0.575845, 0.116756804, -0.18413045, 0.0755015, -0.7117042, -0.36255088, 0.26818067, -0.12080471, 0.40457374, -0.40660703, -0.5095421, -0.5641038, -0.34128663, -0.7434452, 0.16469744, -0.08878973, 0.74425703, -0.30649322, 0.8581094, -0.20709997, 0.48193058, 0.2921248, 0.008868994, 0.524973, -0.08884181, -0.5609505, 0.3741447, 0.99775535]","[7.0, 0.0, -18.0, -7.0, -2.0, -9.0, 6.0, -12.0, -20.0, -11.0, -2.0, 22.0, 5.0, 0.0, -12.0, -1.0, -4.0, 1.0, -10.0, 0.0, -26.0, 5.0, 0.0, 1.0, -7.0, -14.0, -6.0, -24.0, -5.0, -20.0, -14.0, 7.0, 0.0, 14.0, -2.0, -11.0, -8.0, -12.0, 3.0, 1.0, 3.0, 14.0, -8.0, -6.0, -16.0, 11.0, -6.0, -9.0, 1.0, -5.0, -5.0, -3.0, 6.0, 3.0, -17.0, -11.0, -9.0, 13.0, 5.0, 4.0, -11.0, 2.0, -18.0, 5.0, -5.0, -1.0, -3.0, -8.0, 1.0, -2.0, -21.0, 17.0, -10.0, -19.0, -22.0, -6.0, -4.0, -12.0, -2.0, -10.0, 16.0, -10.0, 7.0, -23.0, -10.0, -11.0, 2.0, 8.0, -8.0, -6.0, -1.0, -18.0, -4.0, -4.0, 4.0, -8.0, -15.0, -5.0, -7.0, -5.0, -13.0, 1.0, -6.0, -3.0, 7.0, -19.0, 13.0, -14.0, -10.0, -13.0, -11.0, 5.0, 2.0, 2.0, 4.0, -14.0, -7.0, 4.0, -7.0, -11.0, -14.0, 4.0, 4.0, -13.0, -22.0, -16.0, -13.0, -3.0, -6.0, -1.0, -1.0, 6.0, 1.0, -5.0, -2.0, 0.0, -13.0, -14.0, -9.0, -9.0, 14.0, -10.0, -3.0, -10.0, 2.0, -10.0, -7.0, -7.0, -10.0, 9.0, -10.0, -17.0, -15.0, 0.0, 9.0, -4.0, -18.0, -6.0, 4.0, -3.0, -7.0, -6.0, -8.0, 8.0, -8.0, 0.0, 13.0, -16.0, -9.0, 0.0, -6.0, -4.0, -5.0, -24.0, -30.0, -10.0, -32.0, -5.0, 10.0, -25.0, -21.0, -5.0, -16.0, -9.0, -10.0, -15.0, 6.0, -4.0, -21.0, 12.0, -9.0, -1.0, 4.0, -4.0, -10.0, -1.0, -1.0, -11.0, -10.0, -6.0, -17.0, -3.0, -5.0, 6.0, -7.0, 2.0, -6.0, -3.0, -7.0, 9.0, -15.0, 0.0, -5.0, 2.0, -11.0, -11.0, -3.0, -9.0, -7.0, -1.0, -9.0, 5.0, -1.0, 0.0, -7.0, -5.0, -28.0, 4.0, -13.0, -3.0, 20.0, -7.0, -20.0, 1.0, -11.0, 1.0, -3.0, -7.0, -16.0, -11.0, 6.0, 8.0, -2.0, 11.0, 9.0, 2.0, 2.0, -18.0, -17.0, -10.0, -10.0, -6.0, 11.0, -8.0, -7.0, 2.0, 6.0, -9.0, -7.0, -3.0, -6.0, -14.0, -21.0, -1.0, -5.0, -14.0, -10.0, -27.0, -13.0, 1.0, 5.0, 0.0, -6.0, 9.0, -5.0, -4.0, -16.0, 1.0, -8.0, 6.0, -2.0, -6.0, -10.0, -1.0, 8.0, -6.0, 7.0, -5.0, 7.0, -1.0, 4.0, 10.0, 3.0, -15.0, 3.0, 4.0, 7.0, -6.0, 4.0, 2.0, -10.0, 0.0, -14.0, 9.0, 1.0, -6.0, -14.0, -6.0, -4.0, -11.0, 11.0, -8.0, 0.0, 5.0, -9.0, 0.0, -9.0, -1.0, 10.0, -10.0, -19.0, -21.0, -7.0, 7.0, 1.0, -10.0, -7.0, -3.0, 1.0, 0.0, 2.0, 8.0, -19.0, -9.0, -7.0, -15.0, -12.0, -5.0, -4.0, -33.0, 5.0, 5.0, -5.0, -16.0, -16.0, -4.0, -10.0, 4.0, -19.0, 5.0, -15.0, -4.0, 1.0, -6.0, -19.0, -23.0, 5.0, 8.0, -20.0, -13.0, 4.0, 6.0, -11.0, -5.0, -3.0, -7.0, -12.0, -3.0, 2.0, -17.0, -17.0, -10.0, -2.0, -17.0, -5.0, -16.0, 24.0, 14.0, -6.0, -18.0, -3.0, -2.0, 0.0, -1.0, 0.0, -16.0, -10.0, 1.0, -10.0, -25.0, -6.0, 2.0, -6.0, -13.0, 2.0, 29.0, 2.0, -4.0, -6.0, -5.0, -6.0, 7.0, -7.0, -6.0, 0.0, -4.0, -23.0, -33.0, 9.0, -10.0, -6.0, 2.0, -4.0, 5.0, -2.0, -6.0, -13.0, -11.0, -20.0, -1.0, 7.0, -14.0, -3.0, 20.0, 4.0, -19.0, 3.0, -20.0, -7.0, -10.0, -9.0, 8.0, 10.0, 4.0, -6.0, -6.0, 9.0, -7.0, 10.0, 7.0, -6.0, -5.0, -8.0, 4.0, -2.0, -35.0, 11.0, -15.0, -5.0, -4.0, -5.0, -2.0, -2.0, -21.0, -9.0, -5.0, -2.0, -11.0, -5.0, 2.0, 4.0, -16.0, -7.0, -16.0, -4.0, -12.0, 18.0, 2.0, -13.0, -10.0, -14.0, -1.0, -23.0, -15.0, -4.0, -5.0, -18.0, -4.0, 6.0, -12.0, -9.0, -4.0, -6.0, -20.0, 13.0, 3.0, -13.0, -6.0, 0.0, 3.0, 14.0, -6.0, -10.0, 2.0, -4.0, -7.0, -18.0, 9.0, -6.0, -27.0]",-54.9285266055146,0.0,0.0,0,0.0031499862670898438
35,"[-0.6009095, 0.02383835, 0.77163744, 0.42173877, -0.09329979, 0.2797584, 0.74283516, -0.76137453, -0.24605177, -0.64464223, -0.12754859, -0.645042, -0.7649009, 0.08188151, -0.85761774, 0.33737236, -0.43799177, -0.32967648, -0.029935693, 0.7958289, 0.2971705, -0.42450476, -0.17063618, 0.865176, -0.14267936, 0.5245744, 0.04397309, -0.74937916, 0.5713182, 0.89633363, -0.6484771, -0.9147191, 0.048796523, -0.9379802, -0.41367117, -0.060681727, -0.4221493, -0.26324785, -0.59654135, -0.62503076, -0.9458963, 0.46704122, 0.73717684, 0.43787843, -0.87814647, 0.53045917, 0.0023266715, -0.12151423, 0.5668141, 0.2527115, 0.6777796, 0.63794017, 0.02153397, 0.4940142, 0.83656484, -0.27688107, -0.8779507, -0.15467422, 0.3297528, -0.6714553, 0.80124146, -0.99577457, 0.09488538, -0.7776572, -0.93014413, 0.39512768, -0.2489743, 0.10062801, 0.767229, 0.8612479, -0.20003912, -0.9650184, -0.42028672, -0.7719596, 0.011226215, 0.2278048, -0.4874543, 0.952233, 0.6641939, -0.68985915, 0.92417043, -0.71175706, -0.059887644, -0.6937996, 0.29993895, -0.104556195, 0.22641824, -0.26743034, 0.47664756, 0.29376408, 0.12392933, 0.21063082, -0.5146065, 0.5246616, -0.78229505, -0.31111532, -0.87606555, 0.54793584, 0.17222765, 0.22529337, 0.9657394, 0.1204095, 0.43792826, -0.3774355, 0.9712081, 0.05458246, -0.5085438, -0.5305521, 0.50239396, -0.6554319, -0.22222729, -0.38236514, 0.9586147, 0.24938874, -0.8232382, 0.14341809, 0.7985687, 0.91255397, 0.94189715, 0.6220326, -0.3495454, 0.38148847, -0.93927914, -0.98243254, -0.74036217, 0.062721424, 0.92902225, -0.016239345, 0.9140848, 0.35526147, -0.24816042, 0.17094024, 0.503149, -0.5513727, 0.4111667, -0.062165186, -0.95828354, -0.8664621, -0.31874076, -0.6947287, 0.5645325, -0.41382703, -0.09390539, 0.45886812, 0.64239323, -0.7935059, -0.5543516, 0.99214965, -0.9535457, -0.45340478, -0.16921198, -0.78306466, 0.73465616, -0.22970608, -0.1727366, 0.39117593, 0.7051239, -0.0052853418, 0.90144944, -0.13594604, 0.90356386, 0.28503442, -0.41342697, 0.5987268, 0.38309386, 0.28725964, -0.4384928, -0.69659877, -0.010427609, -0.82151216, 0.5614206, 0.564466, 0.5478839, -0.81312335, -0.33337456, -0.16030131, 0.04784152, -0.6310868, 0.017297773, 0.6721348, 0.39771995, 0.06567684, -0.27323177, 0.7096122, -0.6452067, 0.048814386, 0.89746314, -0.10326587, -0.27453068, -0.25571916, -0.94081664, 0.9045506, -0.2579169, -0.48245806, 0.29974434, -0.0065717497, 0.8748178, -0.01805296, -0.23613226, 0.021558711, -0.65372396, -0.0077857263, 0.18985543, 0.787295, 0.7217678, 0.25179064, 0.09447903, 0.94876033, -0.44515285, 0.79266477, -0.12907606, -0.030438816, -0.075290345, 0.35780552, -0.96943563, -0.68962437, -0.2501735, -0.0993536, -0.6878598, 0.42889592, 0.860891, 0.61134565, -0.5100971, 0.03270371, 0.8567347, 0.99809355, -0.8015781, -0.014142574, -0.21930112, 0.818709, 0.18843009, 0.32498586, 0.87276757, -0.049254954, -0.29907647, -0.91714007, -0.15318102, 0.15904462, 0.062041916, -0.25327653, 0.16279925, -0.9297862, -0.43698677, 0.29112664, -0.15841277, -0.6266371, -0.5473658, -0.20095712, -0.86600703, -0.67203057, -0.467074, 0.3472922, 0.6598205, 0.35420614, 0.63209295, 0.40183553, -0.9094843, 0.3464281, -0.1496422, 0.74971426, 0.65443057, 0.38221636, -0.15553808, -0.70305115, -0.68196374, -0.8958962, -0.17493722, 0.99509037, -0.5013057, -0.32072818, -0.5251632, 0.34531954, 0.062020544, -0.6663197, -0.00681772, -0.9140231, -0.50005317, 0.42784485, 0.28250825, 0.6747348, -0.73266983, 0.674932, -0.7491064, 0.8182732, -0.8846219, -0.63898015, -0.4024658, 0.38067296, -0.93376666, -0.39058027, 0.98595077, 0.07682874, 0.32986102, 0.5186037, -0.9510546, -0.45045397, 0.6448037, -0.55609125, -0.69518775, -0.72929186, -0.19930859, 0.98697966, 0.97824854, 0.40542302, -0.46330324, 0.43249345, 0.8133182, -0.21687746, -0.10291198, -0.7078792, -0.17386442, 0.25535765, -0.4216147, 0.8039786, -0.9724413, -0.8852817, 0.39470917, 0.9088878, 0.94767964, -0.112480745, 0.20894083, 0.08148681, -0.57852536, 0.08635243, 0.9735176, 0.007904234, 0.4253671, -0.48800814, 0.5883371, 0.12197416, 0.7859415, -0.56894475, 0.74147224, 0.4809544, 0.40334725, -0.82611036, -0.31039837, 0.31850317, 0.052069366, -0.005311161, -0.038636185, -0.071558505, 0.4258782, -0.74124515, 0.42229953, 0.5646779, 0.9257101, -0.29690507, 0.600261, 0.20959146, -0.14435485, 0.66962737, -0.5981897, -0.21757203, -0.24475932, 0.10818461, 0.2325982, -0.0629747, -0.5019864, -0.20167218, 0.74653804, 0.77682376, -0.5056277, -0.44684836, -0.5624948, -0.06553822, -0.7492396, -0.40634605, -0.5801839, 0.94405764, 0.2877438, -0.29526287, -0.05581569, 0.13297111, 0.3764438, 0.30479407, -0.5720922, -0.5844457, -0.091978766, -0.2821913, 0.5640687, -0.07060934, 0.31798163, 0.34531322, 0.76441646, 0.701265, 0.69163764, -0.023615763, -0.41831934, -0.679712, 0.35437265, -0.8389654, -0.21535555, 0.96756333, 0.76050645, -0.049536686, -0.93277115, 0.051868405, 0.12439746, 0.20337424, -0.36464414, 0.23387149, -0.4547664, -0.9574983, -0.57750696, 0.9679704, 0.85167116, -0.9976614, 0.53552395, -0.23541091, 0.7705503, -0.86448854, -0.1466506, -0.04462368, -0.50310284, -0.8631621, -0.84303415, 0.03836701, 0.6777993, -0.44316277, -0.57285863, -0.8326713, -0.5961586, -0.8582606, 0.94427633, 0.5944995, -0.53487515, 0.41183627, 0.44166052, -0.5997111, 0.24614392, -0.31496164, 0.25047278, -0.79226094, -0.6081986, -0.07600241, 0.8181313, 0.6569997, 0.81606233, 0.070726134, -0.9167305, 0.4709379, -0.68550324, 0.82076705, -0.8758888, 0.7200208, -0.901593, -0.21570669, -0.25721726, -0.63662523, 0.27306053, -0.61175704, 0.933584, 0.9544281, 0.7411677, -0.18269709, -0.32430437, 0.670988, -0.8243972, 0.70115, 0.8586333, 0.53363806, -0.10789013, 0.040082134, -0.054822814, -0.8627415, -0.08713531, -0.36218038, 0.48214814, 0.33512095, 0.2982372, -0.6857914, 0.5621166, 0.2740664, 0.77596486, 0.39503953, -0.67521095, -0.34484774, 0.54467636, -0.32670546, -0.6995155, 0.7019202, 0.32109213, 0.70910794, -0.16544004, -0.36702555, 0.30912843, -0.5048208, 0.81799793, 0.9118957, 0.87669665, -0.8181373, 0.051251806, -0.2925845, 0.40070474, 0.7341356, 0.42138863, 0.18158787, 0.050764844, -0.49067253]","[7.0, 0.0, -18.0, -7.0, -2.0, -9.0, 6.0, -12.0, -20.0, -11.0, -2.0, 22.0, 5.0, 0.0, -12.0, -1.0, -4.0, 1.0, -10.0, 0.0, -26.0, 5.0, 0.0, 1.0, -7.0, -14.0, -6.0, -24.0, -5.0, -20.0, -14.0, 7.0, 0.0, 14.0, -2.0, -11.0, -8.0, -12.0, 3.0, 1.0, 3.0, 14.0, -8.0, -6.0, -16.0, 11.0, -6.0, -9.0, 1.0, -5.0, -5.0, -3.0, 6.0, 3.0, -17.0, -11.0, -9.0, 13.0, 5.0, 4.0, -11.0, 2.0, -18.0, 5.0, -5.0, -1.0, -3.0, -8.0, 1.0, -2.0, -21.0, 17.0, -10.0, -19.0, -22.0, -6.0, -4.0, -12.0, -2.0, -10.0, 16.0, -10.0, 7.0, -23.0, -10.0, -11.0, 2.0, 8.0, -8.0, -6.0, -1.0, -18.0, -4.0, -4.0, 4.0, -8.0, -15.0, -5.0, -7.0, -5.0, -13.0, 1.0, -6.0, -3.0, 7.0, -19.0, 13.0, -14.0, -10.0, -13.0, -11.0, 5.0, 2.0, 2.0, 4.0, -14.0, -7.0, 4.0, -7.0, -11.0, -14.0, 4.0, 4.0, -13.0, -22.0, -16.0, -13.0, -3.0, -6.0, -1.0, -1.0, 6.0, 1.0, -5.0, -2.0, 0.0, -13.0, -14.0, -9.0, -9.0, 14.0, -10.0, -3.0, -10.0, 2.0, -10.0, -7.0, -7.0, -10.0, 9.0, -10.0, -17.0, -15.0, 0.0, 9.0, -4.0, -18.0, -6.0, 4.0, -3.0, -7.0, -6.0, -8.0, 8.0, -8.0, 0.0, 13.0, -16.0, -9.0, 0.0, -6.0, -4.0, -5.0, -24.0, -30.0, -10.0, -32.0, -5.0, 10.0, -25.0, -21.0, -5.0, -16.0, -9.0, -10.0, -15.0, 6.0, -4.0, -21.0, 12.0, -9.0, -1.0, 4.0, -4.0, -10.0, -1.0, -1.0, -11.0, -10.0, -6.0, -17.0, -3.0, -5.0, 6.0, -7.0, 2.0, -6.0, -3.0, -7.0, 9.0, -15.0, 0.0, -5.0, 2.0, -11.0, -11.0, -3.0, -9.0, -7.0, -1.0, -9.0, 5.0, -1.0, 0.0, -7.0, -5.0, -28.0, 4.0, -13.0, -3.0, 20.0, -7.0, -20.0, 1.0, -11.0, 1.0, -3.0, -7.0, -16.0, -11.0, 6.0, 8.0, -2.0, 11.0, 9.0, 2.0, 2.0, -18.0, -17.0, -10.0, -10.0, -6.0, 11.0, -8.0, -7.0, 2.0, 6.0, -9.0, -7.0, -3.0, -6.0, -14.0, -21.0, -1.0, -5.0, -14.0, -10.0, -27.0, -13.0, 1.0, 5.0, 0.0, -6.0, 9.0, -5.0, -4.0, -16.0, 1.0, -8.0, 6.0, -2.0, -6.0, -10.0, -1.0, 8.0, -6.0, 7.0, -5.0, 7.0, -1.0, 4.0, 10.0, 3.0, -15.0, 3.0, 4.0, 7.0, -6.0, 4.0, 2.0, -10.0, 0.0, -14.0, 9.0, 1.0, -6.0, -14.0, -6.0, -4.0, -11.0, 11.0, -8.0, 0.0, 5.0, -9.0, 0.0, -9.0, -1.0, 10.0, -10.0, -19.0, -21.0, -7.0, 7.0, 1.0, -10.0, -7.0, -3.0, 1.0, 0.0, 2.0, 8.0, -19.0, -9.0, -7.0, -15.0, -12.0, -5.0, -4.0, -33.0, 5.0, 5.0, -5.0, -16.0, -16.0, -4.0, -10.0, 4.0, -19.0, 5.0, -15.0, -4.0, 1.0, -6.0, -19.0, -23.0, 5.0, 8.0, -20.0, -13.0, 4.0, 6.0, -11.0, -5.0, -3.0, -7.0, -12.0, -3.0, 2.0, -17.0, -17.0, -10.0, -2.0, -17.0, -5.0, -16.0, 24.0, 14.0, -6.0, -18.0, -3.0, -2.0, 0.0, -1.0, 0.0, -16.0, -10.0, 1.0, -10.0, -25.0, -6.0, 2.0, -6.0, -13.0, 2.0, 29.0, 2.0, -4.0, -6.0, -5.0, -6.0, 7.0, -7.0, -6.0, 0.0, -4.0, -23.0, -33.0, 9.0, -10.0, -6.0, 2.0, -4.0, 5.0, -2.0, -6.0, -13.0, -11.0, -20.0, -1.0, 7.0, -14.0, -3.0, 20.0, 4.0, -19.0, 3.0, -20.0, -7.0, -10.0, -9.0, 8.0, 10.0, 4.0, -6.0, -6.0, 9.0, -7.0, 10.0, 7.0, -6.0, -5.0, -8.0, 4.0, -2.0, -35.0, 11.0, -15.0, -5.0, -4.0, -5.0, -2.0, -2.0, -21.0, -9.0, -5.0, -2.0, -11.0, -5.0, 2.0, 4.0, -16.0, -7.0, -16.0, -4.0, -12.0, 18.0, 2.0, -13.0, -10.0, -14.0, -1.0, -23.0, -15.0, -4.0, -5.0, -18.0, -4.0, 6.0, -12.0, -9.0, -4.0, -6.0, -20.0, 13.0, 3.0, -13.0, -6.0, 0.0, 3.0, 14.0, -6.0, -10.0, 2.0, -4.0, -7.0, -18.0, 9.0, -6.0, -27.0]",-54.9285266055146,0.0,0.0,0,0.0031523704528808594
36,"[0.76631296, 0.3509542, 0.18708442, -0.57271063, -0.023072144, 0.4754829, 0.8812363, -0.10468427, -0.65476257, -0.4118305, 0.39007607, 0.13151218, -0.6714712, 0.20146595, -0.33060426, -0.91787446, -0.24342181, -0.13770342, 0.69502, 0.7832957, 0.008254489, 0.14855315, -0.93695855, -0.08748072, 0.8572518, 0.020643016, -0.03982183, -0.6122849, -0.72251225, -0.015065044, 0.10523266, 0.94074076, -0.7639464, -0.9187648, -0.67100656, -0.3042742, 0.51642334, 0.9101622, 0.42081735, -0.85365677, 0.36376333, -0.95482546, 0.023669139, -0.20091058, 0.63557154, 0.89951944, 0.75309366, 0.80850595, -0.6852862, 0.3637021, -0.14522502, 0.10288819, 0.88440645, 0.878762, -0.123033315, -0.70682365, 0.7569905, 0.76933527, -0.7683139, 0.027252618, -0.9786808, -0.8536461, -0.8626349, 0.112729356, 0.15963563, -0.65108514, -0.63506705, 0.7332614, -0.6603171, 0.95650214, -0.17399149, -0.8360699, -0.43879384, 0.9220916, -0.85664815, -0.9855413, -0.1492415, -0.7987146, -0.91436464, -0.72017395, 0.34147006, -0.20933054, 0.32696363, -0.022656886, -0.45190156, -0.06486401, -0.45332554, 0.11014233, -0.9726666, 0.5561383, 0.8732643, 0.5772947, -0.8358532, 0.16561592, 0.16399176, -0.26972595, -0.35639814, -0.117546774, -0.7336881, -0.8476606, -0.058856204, 0.40720668, 0.3583467, -0.47424617, 0.6483754, -0.8134139, -0.53767127, 0.6967935, 0.6197572, 0.063263714, 0.5911152, 0.68007725, 0.6014454, 0.8725941, -0.8937869, -0.41231826, 0.6940277, 0.08217132, 0.46582854, -0.1553213, -0.3659942, 0.46669695, 0.5932936, -0.084305145, 0.6524049, -0.9312713, 0.6664047, 0.8120355, -0.57591623, -0.25719273, -0.3078915, 0.63185495, 0.21065143, 0.34737557, -0.46256483, -0.13635834, -0.10591831, -0.8779293, 0.8256148, -0.54108316, -0.8841688, -0.043658312, 0.42899933, 0.17831987, -0.4537069, -0.74215776, 0.80003506, -0.97995126, 0.40500182, -0.33094695, 0.239383, 0.95167655, -0.65031797, 0.8272917, -0.44168657, 0.4283622, 0.38469, 0.017457696, -0.3284524, 0.3415012, 0.81632775, -0.03640679, -0.056620184, 0.32008916, 0.6383989, 0.98392963, 0.5013324, 0.5639168, 0.63475007, 0.5267347, -0.33302015, 0.28086224, -0.06706085, -0.40505493, 0.060668472, -0.6356045, -0.35889342, 0.021064265, -0.6054704, -0.024453832, -0.01942583, 0.92436576, -0.470754, 0.9192647, -0.6302253, -0.51753646, 0.24746858, 0.5861259, -0.26643488, -0.96756643, -0.67798144, 0.6705362, -0.24642259, 0.6264927, -0.3701436, 0.945198, -0.9411776, 0.4984463, 0.97262585, -0.96752393, -0.34693655, 0.6084231, 0.3750717, -0.81852937, 0.28544363, -0.7467214, -0.017611578, 0.8558031, 0.14813696, -0.11416814, 0.9867702, 0.822907, -0.64626795, -0.9786664, -0.5107068, -0.9002109, 0.2824624, -0.739116, -0.35331592, 0.3736431, 0.85287917, 0.856921, -0.63489807, 0.8642863, -0.78694236, -0.6325104, -0.4679705, -0.75623703, -0.25916785, 0.99198806, 0.2649246, 0.5587115, 0.41274688, -0.7532285, -0.963358, 0.26902294, -0.8682032, 0.2906828, -0.5287807, 0.5224085, 0.093963385, 0.33627772, -0.55656785, -0.86724645, 0.23094702, 0.06458492, 0.88242203, 0.4645114, -0.79567087, -0.94189817, -0.5519863, 0.10281573, -0.57640445, -0.09693235, 0.43541855, -0.41396558, -0.5421021, 0.2510631, -0.16697073, -0.8712378, -0.3811546, -0.78447986, -0.7137886, 0.30217794, -0.8695776, 0.6237191, 0.6600134, 0.99330986, -0.419986, 0.9738643, 0.9395759, 0.013075908, -0.94615084, 0.49616113, -0.1458974, 0.23409213, 0.8858946, -0.85127765, 0.86989516, -0.27423197, 0.5926043, 0.524278, 0.21250956, -0.31495094, 0.6525814, -0.7713951, -0.2523677, 0.847234, 0.012325197, -0.1754521, 0.31153497, -0.9769401, 0.28912818, 0.41406098, -0.988355, 0.2467249, -0.9323717, 0.19514884, -0.60694784, -0.841877, -0.19112171, 0.47884724, -0.19676137, -0.8942268, -0.012131441, 0.32078278, -0.75008523, -0.8555052, -0.59857017, 0.6966413, 0.80610234, 0.652608, -0.054058447, 0.3434729, 0.6744958, 0.12738928, 0.17286997, -0.044635873, -0.6970926, -0.966486, 0.58964914, 0.724976, -0.09660062, 0.51978356, 0.32499182, 0.44648018, 0.15431657, 0.24764892, 0.6193774, -0.14789172, 0.13707618, -0.31156018, 0.17972554, 0.26882774, 0.6178838, 0.9724968, -0.5447552, -0.89727926, 0.94028336, 0.957116, -0.29799455, 0.6586165, 0.1854857, 0.21465425, 0.91725016, -0.97246766, 0.31946674, 0.17389853, -0.7029005, -0.6801824, -0.15522458, 0.28541943, -0.8178647, -0.50115645, -0.73782974, 0.6447861, 0.33621722, -0.4070202, 0.58206517, -0.6069321, 0.08090968, -0.85295266, 0.18010749, 0.23938178, 0.7263153, 0.32355803, -0.71355945, -0.27975002, -0.8050526, -0.23204899, 0.90937823, 0.9995233, 0.20390745, -0.40003842, 0.87953407, 0.054726705, 0.19528075, -0.9362741, -0.17494912, 0.6857747, 0.4689002, -0.1175614, 0.6422163, 0.6162737, -0.30426273, -0.40363434, 0.63784075, 0.3498391, 0.7420922, 0.6626896, 0.19957606, -0.32009193, -0.87808704, 0.7851952, -0.16833638, 0.06611924, -0.36001274, -0.62167615, -0.22586386, -0.7500479, 0.59664893, 0.020378293, -0.3681899, 0.3129986, -0.16913745, -0.3017037, -0.70620245, 0.72819334, -0.61104435, 0.6154361, 0.25690347, 0.3765582, -0.6890881, -0.12158833, 0.6592923, 0.07508803, -0.22932477, 0.71050763, -0.033211164, 0.29337415, -0.8359388, -0.79861087, 0.60169107, 0.9703965, 0.45807603, 0.46740198, 0.1317428, -0.91835344, -0.8867702, 0.23651125, 0.8364374, 0.3079315, 0.028626613, -0.74872136, 0.91212976, 0.015545542, 0.42404392, 0.45176244, -0.28702474, -0.67594826, -0.91146994, -0.7170769, -0.6172785, 0.7107401, 0.6325771, -0.09209782, 0.4352696, 0.7904071, -0.055581894, 0.56428856, 0.11627353, -0.8999825, -0.7652445, 0.84153575, -0.43727043, -0.5997382, 0.87032336, -0.3603112, 0.60345584, 0.41120002, -0.14930555, 0.7267582, 0.78571534, -0.68821305, -0.57535285, 0.8441464, 0.020201446, 0.86647576, -0.7205261, -0.47224748, -0.9848633, -0.062917516, 0.24513616, 0.3657188, 0.93171954, -0.8588722, 0.4069418, 0.44000798, -0.73723555, 0.31621003, 0.7267231, -0.1851101, -0.44153336, 0.14022923, 0.19427891, 0.19841659, 0.6914144, 0.7694176, 0.9318517, -0.83106196, 0.57006085, -0.44597194, -0.6243413, -0.70527405, 0.27836254, 0.06756866, -0.9940456, -0.2521113, -0.08387439, -0.6421723]","[7.0, 0.0, -18.0, -7.0, -2.0, -9.0, 6.0, -12.0, -20.0, -11.0, -2.0, 22.0, 5.0, 0.0, -12.0, -1.0, -4.0, 1.0, -10.0, 0.0, -26.0, 5.0, 0.0, 1.0, -7.0, -14.0, -6.0, -24.0, -5.0, -20.0, -14.0, 7.0, 0.0, 14.0, -2.0, -11.0, -8.0, -12.0, 3.0, 1.0, 3.0, 14.0, -8.0, -6.0, -16.0, 11.0, -6.0, -9.0, 1.0, -5.0, -5.0, -3.0, 6.0, 3.0, -17.0, -11.0, -9.0, 13.0, 5.0, 4.0, -11.0, 2.0, -18.0, 5.0, -5.0, -1.0, -3.0, -8.0, 1.0, -2.0, -21.0, 17.0, -10.0, -19.0, -22.0, -6.0, -4.0, -12.0, -2.0, -10.0, 16.0, -10.0, 7.0, -23.0, -10.0, -11.0, 2.0, 8.0, -8.0, -6.0, -1.0, -18.0, -4.0, -4.0, 4.0, -8.0, -15.0, -5.0, -7.0, -5.0, -13.0, 1.0, -6.0, -3.0, 7.0, -19.0, 13.0, -14.0, -10.0, -13.0, -11.0, 5.0, 2.0, 2.0, 4.0, -14.0, -7.0, 4.0, -7.0, -11.0, -14.0, 4.0, 4.0, -13.0, -22.0, -16.0, -13.0, -3.0, -6.0, -1.0, -1.0, 6.0, 1.0, -5.0, -2.0, 0.0, -13.0, -14.0, -9.0, -9.0, 14.0, -10.0, -3.0, -10.0, 2.0, -10.0, -7.0, -7.0, -10.0, 9.0, -10.0, -17.0, -15.0, 0.0, 9.0, -4.0, -18.0, -6.0, 4.0, -3.0, -7.0, -6.0, -8.0, 8.0, -8.0, 0.0, 13.0, -16.0, -9.0, 0.0, -6.0, -4.0, -5.0, -24.0, -30.0, -10.0, -32.0, -5.0, 10.0, -25.0, -21.0, -5.0, -16.0, -9.0, -10.0, -15.0, 6.0, -4.0, -21.0, 12.0, -9.0, -1.0, 4.0, -4.0, -10.0, -1.0, -1.0, -11.0, -10.0, -6.0, -17.0, -3.0, -5.0, 6.0, -7.0, 2.0, -6.0, -3.0, -7.0, 9.0, -15.0, 0.0, -5.0, 2.0, -11.0, -11.0, -3.0, -9.0, -7.0, -1.0, -9.0, 5.0, -1.0, 0.0, -7.0, -5.0, -28.0, 4.0, -13.0, -3.0, 20.0, -7.0, -20.0, 1.0, -11.0, 1.0, -3.0, -7.0, -16.0, -11.0, 6.0, 8.0, -2.0, 11.0, 9.0, 2.0, 2.0, -18.0, -17.0, -10.0, -10.0, -6.0, 11.0, -8.0, -7.0, 2.0, 6.0, -9.0, -7.0, -3.0, -6.0, -14.0, -21.0, -1.0, -5.0, -14.0, -10.0, -27.0, -13.0, 1.0, 5.0, 0.0, -6.0, 9.0, -5.0, -4.0, -16.0, 1.0, -8.0, 6.0, -2.0, -6.0, -10.0, -1.0, 8.0, -6.0, 7.0, -5.0, 7.0, -1.0, 4.0, 10.0, 3.0, -15.0, 3.0, 4.0, 7.0, -6.0, 4.0, 2.0, -10.0, 0.0, -14.0, 9.0, 1.0, -6.0, -14.0, -6.0, -4.0, -11.0, 11.0, -8.0, 0.0, 5.0, -9.0, 0.0, -9.0, -1.0, 10.0, -10.0, -19.0, -21.0, -7.0, 7.0, 1.0, -10.0, -7.0, -3.0, 1.0, 0.0, 2.0, 8.0, -19.0, -9.0, -7.0, -15.0, -12.0, -5.0, -4.0, -33.0, 5.0, 5.0, -5.0, -16.0, -16.0, -4.0, -10.0, 4.0, -19.0, 5.0, -15.0, -4.0, 1.0, -6.0, -19.0, -23.0, 5.0, 8.0, -20.0, -13.0, 4.0, 6.0, -11.0, -5.0, -3.0, -7.0, -12.0, -3.0, 2.0, -17.0, -17.0, -10.0, -2.0, -17.0, -5.0, -16.0, 24.0, 14.0, -6.0, -18.0, -3.0, -2.0, 0.0, -1.0, 0.0, -16.0, -10.0, 1.0, -10.0, -25.0, -6.0, 2.0, -6.0, -13.0, 2.0, 29.0, 2.0, -4.0, -6.0, -5.0, -6.0, 7.0, -7.0, -6.0, 0.0, -4.0, -23.0, -33.0, 9.0, -10.0, -6.0, 2.0, -4.0, 5.0, -2.0, -6.0, -13.0, -11.0, -20.0, -1.0, 7.0, -14.0, -3.0, 20.0, 4.0, -19.0, 3.0, -20.0, -7.0, -10.0, -9.0, 8.0, 10.0, 4.0, -6.0, -6.0, 9.0, -7.0, 10.0, 7.0, -6.0, -5.0, -8.0, 4.0, -2.0, -35.0, 11.0, -15.0, -5.0, -4.0, -5.0, -2.0, -2.0, -21.0, -9.0, -5.0, -2.0, -11.0, -5.0, 2.0, 4.0, -16.0, -7.0, -16.0, -4.0, -12.0, 18.0, 2.0, -13.0, -10.0, -14.0, -1.0, -23.0, -15.0, -4.0, -5.0, -18.0, -4.0, 6.0, -12.0, -9.0, -4.0, -6.0, -20.0, 13.0, 3.0, -13.0, -6.0, 0.0, 3.0, 14.0, -6.0, -10.0, 2.0, -4.0, -7.0, -18.0, 9.0, -6.0, -27.0]",-54.9285266055146,0.0,0.0,0,0.0031867027282714844
37,"[0.7950893, 0.98757106, -0.2727169, 0.038984634, 0.7670178, -0.12865123, -0.28201783, 0.93788356, 0.46383938, 0.013989974, 0.5918297, -0.3620093, 0.17843121, 0.42146763, 0.43190935, -0.6084055, 0.9894717, 0.50792587, 0.4860282, 0.17177643, -0.31436917, -0.022714062, -0.14829956, -0.77089894, 0.84952885, 0.015292721, -0.9137657, -0.1610565, -0.15883166, -0.82675236, -0.6083378, -0.84446895, -0.6793803, -0.7710384, 0.8047103, 0.5519789, 0.74573183, -0.7229046, 0.3385816, 0.8034417, 0.9066466, -0.8833339, -0.24179319, -0.27309513, -0.6258226, -0.6912791, -0.25801063, 0.42361033, 0.46130043, 0.15448506, 0.5718283, 0.40763217, 0.5910871, 0.9496746, 0.15898636, 0.5329218, 0.6666452, 0.82585657, 0.090467036, 0.83780545, 0.077962354, 0.38612622, -0.3037479, 0.9700474, -0.5652274, -0.48396662, -0.49658728, -0.15800351, 0.53608286, 0.968418, 0.23529059, 0.23512302, 0.05531663, 0.80402243, -0.33649963, -0.6202487, -0.54228586, 0.72001135, -0.66064763, -0.00092757266, -0.3565767, -0.6333311, 0.14435196, 0.71032417, -0.3607629, -0.7605018, 0.2459817, 0.47952464, 0.118123636, -0.76504415, -0.9906493, -0.82753, 0.8453854, 0.15509, -0.25433555, -0.63387275, 0.3979452, 0.5285752, 0.6150618, -0.9632019, 0.5399143, -0.6803381, 0.59330124, -0.697835, -0.51018566, 0.5557602, 0.2582363, -0.9303593, -0.6685506, -0.5380239, 0.68650526, 0.22805183, -0.6313051, -0.48948434, -0.09018832, -0.8325101, -0.17396224, 0.58655155, -0.20905429, 0.5715748, 0.24918538, -0.19127898, 0.7867073, -0.117015354, 0.4696667, 0.59896284, 0.83185494, -0.444828, -0.597747, -0.103789434, 0.7504119, -0.34103453, -0.45329985, -0.92871594, 0.4010258, 0.39957985, 0.66881096, -0.008316189, 0.7808159, -0.8279887, 0.12613146, -0.046330307, 0.79508245, 0.8165832, 0.9528265, -0.29550973, -0.24059378, -0.6145729, 0.48547497, 0.6664318, 0.70433635, 0.9808091, 0.12413584, -0.57123995, 0.20239405, -0.27479738, -0.3324198, 0.40080625, -0.5938601, 0.08993624, -0.71783024, 0.7817543, -0.8225876, 0.86399436, 0.9992451, -0.5291092, -0.8145047, -0.93670577, -0.70859534, 0.83043176, 0.4600702, -0.81577533, 0.9228023, 0.3099122, 0.85938543, 0.4267878, -0.24879557, -0.8651784, -0.9672229, 0.2195379, 0.005476421, 0.159779, 0.9276624, 0.80684066, -0.28621733, -0.36305237, -0.43189514, 0.8812154, 0.8164821, 0.8739729, -0.5364767, -0.060329434, -0.28984728, -0.35426754, -0.8071484, 0.68069386, -0.40575662, -0.2975434, 0.21187519, 0.852299, 0.44833192, 0.2858389, -0.80860317, 0.24732624, -0.46746626, 0.27888772, -0.34519854, -0.8467075, 0.6892121, 0.10944885, -0.43770045, -0.28539553, 0.23586462, 0.35892975, -0.026368858, 0.051586643, -0.78678995, -0.70612484, -0.5798122, 0.060637657, -0.16034068, 0.14185366, -0.65431243, 0.9360216, 0.2303727, -0.743858, -0.25948265, 0.9604097, 0.93274033, -0.8597784, 0.6617999, 0.28385332, -0.62985975, 0.6665073, 0.27931476, -0.77349967, 0.6959079, 0.5183411, -0.9853632, -0.49101564, -0.46119907, -0.0811649, -0.5392781, 0.6554254, 0.40369627, -0.93972564, 0.4139383, 0.9026015, -0.012112964, -0.6358211, 0.7607929, 0.31885135, -0.14399387, -0.17568739, -0.43578187, -0.7874722, 0.7442561, 0.9663565, 0.8919848, -0.66146904, -0.16201508, -0.41623902, -0.313942, -0.35376036, 0.8588347, 0.8939127, -0.9190309, 0.072024114, 0.32376462, -0.5083903, -0.87735754, -0.8498649, 0.47564226, -0.26974207, 0.12833345, -0.36670396, 0.62999314, -0.8132032, -0.9693471, -0.11746868, -0.19287278, -0.96659046, 0.65818214, 0.076352686, 0.6812011, -0.084671944, 0.23924991, -0.9442667, 0.5672947, -0.87470114, -0.4545802, -0.060990784, -0.49653742, -0.8821168, 0.40956607, -0.21013087, 0.4796424, -0.5217762, -0.054225177, -0.29070252, -0.12967613, 0.94572216, -0.20152126, 0.029872304, 0.91916126, -0.90120834, -0.36271757, -0.5920518, -0.09592089, -0.7622824, -0.07906856, -0.41763777, 0.93608695, -0.6802449, -0.070969164, 0.371494, 0.20606653, -0.33758777, -0.46658635, -0.17947648, -0.8600351, -0.31703034, 0.1950127, 0.97733444, 0.26432526, 0.8933592, -0.98923355, 0.5462911, -0.072078936, 0.23647666, -0.283347, -0.41191733, -0.2971134, 0.1970047, 0.23519988, 0.10418896, -0.1860061, 0.5660516, 0.59364754, 0.4432575, -0.6549549, -0.26255175, 0.820549, -0.0665113, 0.044336103, 0.64144427, 0.8768794, 0.8725931, -0.48978812, -0.8543033, 0.038422063, 0.3944552, 0.5363693, 0.33171493, -0.82255185, -0.3312193, -0.988084, 0.5865274, -0.8290947, 0.20215827, -0.3127693, -0.07701164, -0.41515923, 0.47792992, -0.33753163, 0.4312153, -0.23294844, -0.18317723, 0.09065454, -0.12979028, 0.18210126, 0.8356997, -0.27639136, 0.42010978, 0.7469267, -0.8359379, 0.11608201, -0.76268005, 0.5754323, -0.25806922, 0.023192229, 0.064936906, 0.1668724, 0.9591732, 0.02351326, 0.5001178, 0.9532468, 0.5272069, 0.6676886, -0.91105473, -0.622584, 0.3576881, 0.8036284, -0.87358636, 0.61900836, -0.6272852, -0.109113164, 0.6878583, -0.6569551, 0.31061903, 0.6589101, 0.2535237, -0.944102, 0.3103229, -0.6343389, -0.6402109, -0.21718176, 0.5453966, -0.80513966, -0.026763072, 0.7783636, -0.03517283, -0.37696874, -0.4431311, 0.9763465, -0.78437144, -0.17651924, 0.49914384, -0.38581806, 0.6886658, 0.2314709, -0.07821724, 0.85010284, -0.25056008, 0.93142384, -0.8554958, -0.9213332, -0.836362, -0.829955, -0.5358288, -0.18520832, 0.62276065, -0.21882527, -0.7468231, -0.9380023, 0.115384065, -0.53743166, -0.2780349, -0.5160935, -0.18901941, 0.9461591, 0.9462175, 0.4260571, -0.52704114, 0.7078692, -0.97865593, 0.029382175, 0.7539027, -0.16267285, -0.5096727, 0.25221878, 0.6366485, 0.3386087, -0.49461466, -0.749106, -0.45236248, -0.7130985, 0.91693145, -0.26394466, 0.93506265, 0.15277404, 0.38095814, 0.81958383, 0.9872506, 0.89810264, -0.1049309, 0.38549757, -0.22317548, 0.26054573, 0.04442316, -0.96284705, 0.7318371, -0.28695014, -0.10171056, -0.3104645, -0.033513315, -0.007235012, 0.26485157, -0.24850887, -0.543787, -0.20628087, -0.35690838, 0.13639417, 0.45283392, 0.43386346, 0.7832338, -0.589147, 0.0066107307, 0.24862489, 0.030971741, 0.2813606, 0.7145745, -0.8160514, -0.2544504, 0.010729531, 0.046471216, -0.975514, 0.15390587, 0.39172602, -0.22071505]","[7.0, 0.0, -18.0, -7.0, -2.0, -9.0, 6.0, -12.0, -20.0, -11.0, -2.0, 22.0, 5.0, 0.0, -12.0, -1.0, -4.0, 1.0, -10.0, 0.0, -26.0, 5.0, 0.0, 1.0, -7.0, -14.0, -6.0, -24.0, -5.0, -20.0, -14.0, 7.0, 0.0, 14.0, -2.0, -11.0, -8.0, -12.0, 3.0, 1.0, 3.0, 14.0, -8.0, -6.0, -16.0, 11.0, -6.0, -9.0, 1.0, -5.0, -5.0, -3.0, 6.0, 3.0, -17.0, -11.0, -9.0, 13.0, 5.0, 4.0, -11.0, 2.0, -18.0, 5.0, -5.0, -1.0, -3.0, -8.0, 1.0, -2.0, -21.0, 17.0, -10.0, -19.0, -22.0, -6.0, -4.0, -12.0, -2.0, -10.0, 16.0, -10.0, 7.0, -23.0, -10.0, -11.0, 2.0, 8.0, -8.0, -6.0, -1.0, -18.0, -4.0, -4.0, 4.0, -8.0, -15.0, -5.0, -7.0, -5.0, -13.0, 1.0, -6.0, -3.0, 7.0, -19.0, 13.0, -14.0, -10.0, -13.0, -11.0, 5.0, 2.0, 2.0, 4.0, -14.0, -7.0, 4.0, -7.0, -11.0, -14.0, 4.0, 4.0, -13.0, -22.0, -16.0, -13.0, -3.0, -6.0, -1.0, -1.0, 6.0, 1.0, -5.0, -2.0, 0.0, -13.0, -14.0, -9.0, -9.0, 14.0, -10.0, -3.0, -10.0, 2.0, -10.0, -7.0, -7.0, -10.0, 9.0, -10.0, -17.0, -15.0, 0.0, 9.0, -4.0, -18.0, -6.0, 4.0, -3.0, -7.0, -6.0, -8.0, 8.0, -8.0, 0.0, 13.0, -16.0, -9.0, 0.0, -6.0, -4.0, -5.0, -24.0, -30.0, -10.0, -32.0, -5.0, 10.0, -25.0, -21.0, -5.0, -16.0, -9.0, -10.0, -15.0, 6.0, -4.0, -21.0, 12.0, -9.0, -1.0, 4.0, -4.0, -10.0, -1.0, -1.0, -11.0, -10.0, -6.0, -17.0, -3.0, -5.0, 6.0, -7.0, 2.0, -6.0, -3.0, -7.0, 9.0, -15.0, 0.0, -5.0, 2.0, -11.0, -11.0, -3.0, -9.0, -7.0, -1.0, -9.0, 5.0, -1.0, 0.0, -7.0, -5.0, -28.0, 4.0, -13.0, -3.0, 20.0, -7.0, -20.0, 1.0, -11.0, 1.0, -3.0, -7.0, -16.0, -11.0, 6.0, 8.0, -2.0, 11.0, 9.0, 2.0, 2.0, -18.0, -17.0, -10.0, -10.0, -6.0, 11.0, -8.0, -7.0, 2.0, 6.0, -9.0, -7.0, -3.0, -6.0, -14.0, -21.0, -1.0, -5.0, -14.0, -10.0, -27.0, -13.0, 1.0, 5.0, 0.0, -6.0, 9.0, -5.0, -4.0, -16.0, 1.0, -8.0, 6.0, -2.0, -6.0, -10.0, -1.0, 8.0, -6.0, 7.0, -5.0, 7.0, -1.0, 4.0, 10.0, 3.0, -15.0, 3.0, 4.0, 7.0, -6.0, 4.0, 2.0, -10.0, 0.0, -14.0, 9.0, 1.0, -6.0, -14.0, -6.0, -4.0, -11.0, 11.0, -8.0, 0.0, 5.0, -9.0, 0.0, -9.0, -1.0, 10.0, -10.0, -19.0, -21.0, -7.0, 7.0, 1.0, -10.0, -7.0, -3.0, 1.0, 0.0, 2.0, 8.0, -19.0, -9.0, -7.0, -15.0, -12.0, -5.0, -4.0, -33.0, 5.0, 5.0, -5.0, -16.0, -16.0, -4.0, -10.0, 4.0, -19.0, 5.0, -15.0, -4.0, 1.0, -6.0, -19.0, -23.0, 5.0, 8.0, -20.0, -13.0, 4.0, 6.0, -11.0, -5.0, -3.0, -7.0, -12.0, -3.0, 2.0, -17.0, -17.0, -10.0, -2.0, -17.0, -5.0, -16.0, 24.0, 14.0, -6.0, -18.0, -3.0, -2.0, 0.0, -1.0, 0.0, -16.0, -10.0, 1.0, -10.0, -25.0, -6.0, 2.0, -6.0, -13.0, 2.0, 29.0, 2.0, -4.0, -6.0, -5.0, -6.0, 7.0, -7.0, -6.0, 0.0, -4.0, -23.0, -33.0, 9.0, -10.0, -6.0, 2.0, -4.0, 5.0, -2.0, -6.0, -13.0, -11.0, -20.0, -1.0, 7.0, -14.0, -3.0, 20.0, 4.0, -19.0, 3.0, -20.0, -7.0, -10.0, -9.0, 8.0, 10.0, 4.0, -6.0, -6.0, 9.0, -7.0, 10.0, 7.0, -6.0, -5.0, -8.0, 4.0, -2.0, -35.0, 11.0, -15.0, -5.0, -4.0, -5.0, -2.0, -2.0, -21.0, -9.0, -5.0, -2.0, -11.0, -5.0, 2.0, 4.0, -16.0, -7.0, -16.0, -4.0, -12.0, 18.0, 2.0, -13.0, -10.0, -14.0, -1.0, -23.0, -15.0, -4.0, -5.0, -18.0, -4.0, 6.0, -12.0, -9.0, -4.0, -6.0, -20.0, 13.0, 3.0, -13.0, -6.0, 0.0, 3.0, 14.0, -6.0, -10.0, 2.0, -4.0, -7.0, -18.0, 9.0, -6.0, -27.0]",-54.9285266055146,0.0,0.0,0,0.003423929214477539
38,"[0.7045101, 0.72451806, 0.7470287, 0.15299143, 0.54039365, 0.19068047, -0.5511376, -0.72339946, -0.010492958, 0.7651079, 0.83234644, 0.90492254, -0.7675843, 0.6946862, -0.8561069, 0.6040007, -0.20945987, -0.15335558, 0.5674464, -0.24701193, 0.4376248, 0.8824587, -0.1147942, -0.3272667, 0.9877053, 0.52398324, -0.22597872, -0.6528811, 0.14280568, -0.113087535, 0.52917916, 0.35497385, -0.56307584, -0.3028997, 0.9599872, 0.49220625, 0.445499, 0.06273298, 0.010030067, 0.3405598, -0.48507634, -0.17163002, 0.30243495, 0.057024498, 0.4465458, -0.5057098, 0.20977008, 0.24566749, -0.64612556, 0.28801116, -0.8136339, -0.66966486, -0.30505627, -0.4389043, -0.26286724, 0.9653408, 0.42177552, 0.93270147, -0.938411, 0.88821334, -0.004273539, 0.14014792, -0.72374505, 0.88020015, 0.20202304, 0.67726517, 0.3871858, 0.8534168, 0.74157715, 0.21322097, 0.54655105, 0.49068895, 0.5268479, 0.027498407, -0.7867607, -0.40728563, -0.01456151, 0.5556259, 0.21371487, 0.96717834, 0.60691774, 0.45456463, -0.38122553, -0.00028463698, -0.94810355, 0.2031102, 0.0069073546, -0.48852378, 0.39030996, -0.2237845, -0.40870893, 0.8689508, -0.7716347, 0.38891226, 0.38398713, -0.43045884, 0.9993046, 0.35855687, 0.20158556, 0.17475848, -0.14175805, 0.40872097, 0.95437866, -0.18965225, -0.16942406, 0.59906065, 0.66766936, -0.29179138, -0.40613094, 0.05296159, -0.23839577, -0.28425306, 0.7537228, 0.2847549, 0.8889996, -0.6823304, -0.77752537, -0.199518, 0.35226518, -0.026793856, 0.6676167, 0.79747856, 0.76120055, 0.38576284, 0.45106804, -0.34588423, -0.032549135, -0.09946606, 0.6986562, 0.14199798, 0.27832046, 0.98643535, -0.50175947, -0.6771573, 0.29788685, -0.7007572, -0.301503, -0.037187338, -0.8955258, 0.59723777, -0.39169455, -0.5954723, -0.07931829, -0.3843059, -0.7353516, -0.3923727, -0.30031994, -0.8550004, 0.89554965, -0.51752883, 0.3413943, -0.4952225, 0.648854, 0.21392459, 0.24413463, -0.8614055, 0.034960795, -0.13122186, 0.18930899, -0.7892588, -0.5880509, 0.42959106, -0.7240627, 0.4200339, -0.12966257, -0.94769955, -0.29571077, 0.417441, -0.9674967, 0.13418761, 0.9092692, 0.26739094, 0.055451356, 0.004185053, -0.5205545, -0.16457291, 0.83150643, 0.6444985, 0.24098875, 0.7459633, 0.8793399, -0.57288027, -0.2030942, -0.16613224, -0.2675989, 0.17767599, 0.8482035, 0.005645536, 0.66171056, -0.6082429, 0.4484681, -0.34304062, 0.049662214, -0.42885807, -0.33163017, -0.36351573, 0.9862223, -0.17927153, 0.04451827, -0.7039102, 0.36641815, 0.6718305, 0.61710453, -0.74552214, 0.26884356, 0.012611277, 0.92765373, -0.5360696, -0.7650944, -0.9301721, -0.10134687, 0.5403938, 0.51381385, 0.51350844, -0.8170075, -0.4195055, -0.55599356, -0.072449245, 0.4142733, -0.25429296, 0.48117253, -0.3588554, -0.36645132, -0.818299, -0.099594004, 0.41837853, 0.47955823, -0.8364905, 0.31314892, 0.36648604, -0.068967775, 0.7070023, 0.79217273, -0.30217397, 0.10733697, -0.9603215, 0.95596695, -0.5316057, 0.13887095, 0.1563501, -0.36479264, -0.57226366, -0.8808059, 0.24603996, -0.3522089, -0.7606461, -0.53740525, 0.24770351, -0.26210412, 0.22621629, -0.047765546, -0.32381257, -0.651343, 0.22943766, -0.7930888, -0.8974337, 0.17717879, -0.86779493, -0.061857168, -0.89866644, -0.97742176, 0.9653484, -0.014420891, 0.6958793, -0.6307834, -0.4254494, -0.1456827, -0.0030633572, -0.70321906, -0.6697877, -0.7146775, 0.7168921, 0.1137096, -0.81539613, -0.6399907, -0.022662805, 0.19834372, -0.8213452, 0.04686869, 0.107212335, 0.3251854, 0.9241527, 0.6803528, -0.79814905, -0.6430835, -0.18928358, 0.6426327, 0.50256497, 0.223079, 0.848212, 0.42758554, -0.15440065, 0.44945025, -0.81901014, -0.6928057, 0.25971293, -0.07178577, 0.64005286, 0.7570289, -0.6975209, -0.28855592, 0.4524479, -0.8835612, 0.45523795, -0.030983003, 0.21551639, 0.6740862, 0.57968146, -0.5653862, 0.22414425, -0.907385, -0.7625231, 0.5036852, 0.14015503, 0.70874757, 0.23854679, 0.47833696, -0.3120644, 0.13373476, 0.35956046, 0.5039333, 0.4164712, -0.7574331, 0.5522077, 0.43907243, 0.41418344, 0.27053705, 0.7626654, 0.46108744, -0.956433, 0.6240105, 0.31938025, -0.4719588, 0.41187572, 0.37983912, -0.4927876, 0.95889, -0.7964942, -0.8315148, -0.49936447, 0.6928094, -0.3340783, 0.4874263, -0.98750913, 0.59924906, 0.80712444, -0.27776566, 0.8614691, -0.70884955, -0.018345458, 0.70088065, -0.5510184, 0.322129, -0.61274165, 0.7771262, -0.97330886, 0.37504667, -0.20566839, -0.65614694, 0.6748179, 0.5486824, 0.63236225, -0.87234354, -0.73297966, -0.850424, -0.9020005, -0.122071736, -0.95970446, 0.19961725, -0.009556255, 0.58783907, -0.29116145, 0.7419606, -0.23305139, -0.52228534, 0.10784856, 0.37810495, -0.25982216, 0.8508816, 0.5513336, 0.48696443, -0.85974663, -0.98583055, -0.85917884, -0.36928627, 0.51169986, -0.42252433, 0.88479596, 0.46083668, -0.92825776, 0.86368686, 0.5681196, 0.21741405, 0.22033687, 0.59955025, -0.9186038, -0.53320587, 0.27743626, 0.6098012, -0.8105964, 0.67236793, 0.7227494, 0.990977, 0.20145871, -0.24953425, -0.9232082, -0.41734818, -0.4457819, 0.08362133, -0.02652205, 0.826642, -0.4055674, 0.107271805, -0.16298558, -0.18245448, 0.17740208, -0.42473418, 0.24728383, -0.65139157, 0.89746267, -0.33984795, 0.006605558, 0.31077877, -0.4582013, 0.8717015, -0.7447914, -0.51042056, -0.49167308, 0.09084264, 0.46121985, 0.9415162, 0.3676366, -0.8053855, -0.2759966, 0.81307465, 0.91503966, 0.5056532, -0.6509047, -0.98837304, 0.53854096, -0.4161261, 0.03871043, -0.09597079, 0.023334786, 0.04840225, 0.41667894, 0.25418326, -0.66651464, 0.4111178, -0.036652837, 0.43291318, 0.44389337, -0.7964295, -0.18248557, 0.7407562, -0.22129618, 0.8029697, -0.07741022, 0.33983907, 0.4044127, -0.43114325, -0.36614242, -0.27847743, 0.76233697, -0.18837331, 0.06456358, -0.45246434, -0.12873283, -0.36243734, 0.07302087, -0.8619727, 0.0971513, 0.8951841, 0.9482588, 0.50644165, 0.7421412, -0.8773628, 0.7934315, -0.06337, -0.5440977, 0.4505119, -0.09367473, -0.26712498, -0.52610093, -0.6738135, 0.2917711, -0.5177618, 0.046276074, 0.02813881, -0.91250193, -0.04994316, 0.8406841, -0.87465477, -0.7404664, 0.6708915, -0.028638491, -0.3409314, 0.96668696, 0.03682824, -0.020270191]","[7.0, 0.0, -18.0, -7.0, -2.0, -9.0, 6.0, -12.0, -20.0, -11.0, -2.0, 22.0, 5.0, 0.0, -12.0, -1.0, -4.0, 1.0, -10.0, 0.0, -26.0, 5.0, 0.0, 1.0, -7.0, -14.0, -6.0, -24.0, -5.0, -20.0, -14.0, 7.0, 0.0, 14.0, -2.0, -11.0, -8.0, -12.0, 3.0, 1.0, 3.0, 14.0, -8.0, -6.0, -16.0, 11.0, -6.0, -9.0, 1.0, -5.0, -5.0, -3.0, 6.0, 3.0, -17.0, -11.0, -9.0, 13.0, 5.0, 4.0, -11.0, 2.0, -18.0, 5.0, -5.0, -1.0, -3.0, -8.0, 1.0, -2.0, -21.0, 17.0, -10.0, -19.0, -22.0, -6.0, -4.0, -12.0, -2.0, -10.0, 16.0, -10.0, 7.0, -23.0, -10.0, -11.0, 2.0, 8.0, -8.0, -6.0, -1.0, -18.0, -4.0, -4.0, 4.0, -8.0, -15.0, -5.0, -7.0, -5.0, -13.0, 1.0, -6.0, -3.0, 7.0, -19.0, 13.0, -14.0, -10.0, -13.0, -11.0, 5.0, 2.0, 2.0, 4.0, -14.0, -7.0, 4.0, -7.0, -11.0, -14.0, 4.0, 4.0, -13.0, -22.0, -16.0, -13.0, -3.0, -6.0, -1.0, -1.0, 6.0, 1.0, -5.0, -2.0, 0.0, -13.0, -14.0, -9.0, -9.0, 14.0, -10.0, -3.0, -10.0, 2.0, -10.0, -7.0, -7.0, -10.0, 9.0, -10.0, -17.0, -15.0, 0.0, 9.0, -4.0, -18.0, -6.0, 4.0, -3.0, -7.0, -6.0, -8.0, 8.0, -8.0, 0.0, 13.0, -16.0, -9.0, 0.0, -6.0, -4.0, -5.0, -24.0, -30.0, -10.0, -32.0, -5.0, 10.0, -25.0, -21.0, -5.0, -16.0, -9.0, -10.0, -15.0, 6.0, -4.0, -21.0, 12.0, -9.0, -1.0, 4.0, -4.0, -10.0, -1.0, -1.0, -11.0, -10.0, -6.0, -17.0, -3.0, -5.0, 6.0, -7.0, 2.0, -6.0, -3.0, -7.0, 9.0, -15.0, 0.0, -5.0, 2.0, -11.0, -11.0, -3.0, -9.0, -7.0, -1.0, -9.0, 5.0, -1.0, 0.0, -7.0, -5.0, -28.0, 4.0, -13.0, -3.0, 20.0, -7.0, -20.0, 1.0, -11.0, 1.0, -3.0, -7.0, -16.0, -11.0, 6.0, 8.0, -2.0, 11.0, 9.0, 2.0, 2.0, -18.0, -17.0, -10.0, -10.0, -6.0, 11.0, -8.0, -7.0, 2.0, 6.0, -9.0, -7.0, -3.0, -6.0, -14.0, -21.0, -1.0, -5.0, -14.0, -10.0, -27.0, -13.0, 1.0, 5.0, 0.0, -6.0, 9.0, -5.0, -4.0, -16.0, 1.0, -8.0, 6.0, -2.0, -6.0, -10.0, -1.0, 8.0, -6.0, 7.0, -5.0, 7.0, -1.0, 4.0, 10.0, 3.0, -15.0, 3.0, 4.0, 7.0, -6.0, 4.0, 2.0, -10.0, 0.0, -14.0, 9.0, 1.0, -6.0, -14.0, -6.0, -4.0, -11.0, 11.0, -8.0, 0.0, 5.0, -9.0, 0.0, -9.0, -1.0, 10.0, -10.0, -19.0, -21.0, -7.0, 7.0, 1.0, -10.0, -7.0, -3.0, 1.0, 0.0, 2.0, 8.0, -19.0, -9.0, -7.0, -15.0, -12.0, -5.0, -4.0, -33.0, 5.0, 5.0, -5.0, -16.0, -16.0, -4.0, -10.0, 4.0, -19.0, 5.0, -15.0, -4.0, 1.0, -6.0, -19.0, -23.0, 5.0, 8.0, -20.0, -13.0, 4.0, 6.0, -11.0, -5.0, -3.0, -7.0, -12.0, -3.0, 2.0, -17.0, -17.0, -10.0, -2.0, -17.0, -5.0, -16.0, 24.0, 14.0, -6.0, -18.0, -3.0, -2.0, 0.0, -1.0, 0.0, -16.0, -10.0, 1.0, -10.0, -25.0, -6.0, 2.0, -6.0, -13.0, 2.0, 29.0, 2.0, -4.0, -6.0, -5.0, -6.0, 7.0, -7.0, -6.0, 0.0, -4.0, -23.0, -33.0, 9.0, -10.0, -6.0, 2.0, -4.0, 5.0, -2.0, -6.0, -13.0, -11.0, -20.0, -1.0, 7.0, -14.0, -3.0, 20.0, 4.0, -19.0, 3.0, -20.0, -7.0, -10.0, -9.0, 8.0, 10.0, 4.0, -6.0, -6.0, 9.0, -7.0, 10.0, 7.0, -6.0, -5.0, -8.0, 4.0, -2.0, -35.0, 11.0, -15.0, -5.0, -4.0, -5.0, -2.0, -2.0, -21.0, -9.0, -5.0, -2.0, -11.0, -5.0, 2.0, 4.0, -16.0, -7.0, -16.0, -4.0, -12.0, 18.0, 2.0, -13.0, -10.0, -14.0, -1.0, -23.0, -15.0, -4.0, -5.0, -18.0, -4.0, 6.0, -12.0, -9.0, -4.0, -6.0, -20.0, 13.0, 3.0, -13.0, -6.0, 0.0, 3.0, 14.0, -6.0, -10.0, 2.0, -4.0, -7.0, -18.0, 9.0, -6.0, -27.0]",-54.9285266055146,0.0,0.0,0,0.0031998157501220703
39,"[0.08653356, 0.81185955, -0.38214964, -0.9419821, -0.17150843, -0.66614634, 0.77736384, 0.35673007, -0.3521074, 0.46780032, 0.3859032, 0.51151204, -0.08172235, -0.60267353, 0.13802233, -0.8636768, -0.77553, -0.79181904, 0.38437754, 0.76915735, 0.364687, -0.03693218, -0.26329732, -0.980774, 0.7520748, 0.71589863, 0.7555339, 0.7243361, 0.28335792, -0.70395637, 0.65317047, 0.07395957, 0.6085535, 0.7606021, 0.20202751, 0.3939316, 0.019260988, 0.0795373, 0.42224392, -0.67873687, -0.4360716, 0.48299274, 0.55218494, 0.7901893, 0.44891495, 0.14523692, 0.60786283, -0.21040468, -0.82268417, -0.51198614, -0.56136966, -0.91947716, 0.37093797, -0.8115472, -0.18666665, 0.4472395, -0.15436883, -0.6408113, -0.72418606, 0.3398981, 0.5159536, 0.7231792, -0.72588557, -0.8561795, 0.59087574, 0.2841255, -0.14719436, -0.21889158, 0.5202381, -0.2991503, -0.71080464, 0.30155623, -0.9979333, 0.7026459, -0.0083447825, 0.39250687, 0.025648652, -0.042620063, 0.95633996, 0.7909262, 0.36156946, 0.6555272, -0.080625534, 0.45136297, -0.78024036, 0.2818257, 0.21507236, -0.37331292, 0.8097338, -0.01605516, -0.88957393, -0.9122419, 0.93559694, 0.32908574, 0.36911803, 0.14745806, -0.87813693, -0.14516258, 0.58174556, -0.92329186, 0.33588412, 0.95879364, 0.06563463, 0.9664019, 0.6587302, 0.007941381, -0.16559675, 0.9185997, -0.27659312, -0.7623747, 0.24393837, 0.61698514, 0.08840076, 0.21128565, 0.07954982, 0.5857552, -0.968551, -0.7584039, 0.7600901, 0.49321577, 0.018081767, -0.7347651, 0.8556437, -0.436124, 0.29507324, 0.12899819, 0.33579198, 0.736898, 0.46525592, 0.17789257, -0.9268466, 0.8635579, 0.6100578, -0.35080162, 0.4569737, 0.01571461, 0.23308489, 0.43658698, -0.33436993, 0.19704616, 0.5859477, 0.30137262, 0.017083924, -0.4447479, 0.3891786, 0.46390414, 0.937262, -0.021822354, 0.6147405, 0.8968308, -0.8591883, -0.6712999, 0.7160356, -0.037483104, 0.3829764, -0.110641934, -0.27604964, -0.85866237, 0.7221933, 0.22107704, 0.9717735, 0.35835215, -0.2289181, 0.47456113, -0.0773908, 0.55243605, 0.17368667, 0.16944054, 0.32974482, -0.73775655, 0.77967745, -0.83216244, -0.9162698, -0.18961808, -0.82873434, 0.31256184, 0.27254727, 0.5151733, -0.88283527, 0.045500845, 0.97999674, 0.9787822, 0.012566803, 0.9284269, 0.24140109, -0.14325875, 0.8836834, 0.2674947, 0.0035851698, -0.31419358, 0.65049213, 0.4554787, -0.60365844, 0.8713316, -0.011896445, 0.30786365, 0.22902271, -0.1437881, -0.38006583, -0.2956442, -0.85216063, 0.43808517, 0.2726956, -0.018107727, -0.43414727, 0.8247065, -0.98167604, 0.04106237, 0.3189239, 0.5201245, -0.31963375, -0.19714428, -0.79324937, -0.93782234, -0.53464025, -0.15307224, 0.17997304, 0.95522666, 0.32909578, -0.25837308, 0.29069436, -0.0922583, -0.78207123, 0.39432698, 0.8625725, -0.8049321, -0.59734595, -0.9791682, 0.514755, -0.048768185, 0.104900695, 0.012669647, -0.26489046, 0.58903515, 0.21114187, -0.77541775, 0.86976576, -0.4568288, -0.70001537, -0.43427196, 0.39312756, -0.4600746, 0.59480345, 0.5065744, 0.4216054, -0.9945596, -0.34346774, 0.9783894, -0.85250115, 0.23638724, 0.6694539, 0.8796786, -0.6059232, 0.7682711, 0.8687592, -0.46307114, -0.7869676, 0.88422054, -0.524383, 0.95573807, 0.5761782, 0.31305316, -0.32633027, -0.46469036, 0.47807267, -0.88879144, -0.62277454, 0.73121625, -0.17299873, 0.13125083, -0.77445894, 0.25834584, -0.7039465, -0.87748677, -0.6495881, -0.458738, -0.54092777, 0.9824654, 0.11971923, 0.99423283, -0.009249048, -0.40842867, 0.9802943, -0.7726319, -0.60567844, 0.5229377, 0.3886301, -0.8363542, -0.21269082, -0.6385263, -0.40828395, -0.038720366, 0.89120686, 0.27132502, 0.28641003, -0.34209114, 0.86924714, -0.8030612, -0.37915394, 0.8011588, 0.2078826, -0.18425176, -0.85265255, -0.7327756, -0.34951168, -0.23665094, 0.4701643, 0.4772821, -0.4377791, -0.08380643, -0.108426206, 0.45960772, -0.13335703, -0.09361814, -0.7609501, 0.48151222, -0.08042262, -0.43644133, -0.34296402, 0.7679202, 0.61284804, -0.03662075, -0.55420107, 0.24404843, 0.93825006, -0.13154899, 0.5439632, 0.76026547, -0.26230267, -0.11172037, -0.3355067, -0.3733939, 0.45854503, -0.7978457, -0.75199705, -0.12333025, -0.9500495, -0.2457927, 0.6100436, 0.44347468, -0.48406675, 0.32611883, -0.9145702, -0.63661677, -0.6386574, 0.030121818, 0.043520253, -0.7425423, -0.33786634, -0.16219248, 0.4577934, -0.18177085, 0.37399447, 0.46906585, 0.28482634, -0.56877476, 0.5236881, -0.3640511, -0.7778499, -0.38465208, 0.43635374, 0.28453252, -0.4568378, 0.9239548, 0.2597905, 0.5631917, -0.4562247, 0.61273247, -0.3367914, -0.41754106, -0.884602, -0.82517445, 0.9384077, 0.84657276, -0.38154382, 0.9026152, 0.09329394, 0.9192686, -0.6809076, 0.16084178, 0.18461044, 0.3489249, -0.6560799, 0.7434244, -0.39339373, -0.9544228, -0.29780194, -0.4314927, -0.71045184, -0.21540715, 0.025814949, 0.99642557, 0.4337707, 0.129278, -0.8296568, 0.7892407, 0.18987931, 0.84056866, -0.34114245, -0.109106824, -0.0062616323, 0.13117467, -0.37480602, 0.53937536, 0.93234575, -0.493585, 0.7857527, -0.90418327, 0.42005903, -0.8672896, 0.6515248, 0.46394882, 0.6047533, 0.22937948, -0.52741075, 0.35010368, -0.9900211, -0.7635289, -0.26992464, -0.77032983, -0.87446433, 0.72389674, 0.73576945, 0.973945, 0.22750443, -0.1834425, 0.072284795, -0.13831119, 0.60029423, 0.59635717, -0.4227147, 0.68210125, -0.7187619, -0.939917, -0.3754443, 0.4799532, -0.35598433, -0.9551832, 0.70183593, -0.7121595, 0.8437628, -0.9704789, 0.8830013, -0.8985159, 0.34107858, -0.36778685, 0.7724894, 0.4603781, 0.34382403, 0.6422107, 0.4810625, -0.04644775, 0.010508736, 0.7205753, 0.9949131, -0.28109357, -0.82741773, -0.5142944, 0.9574604, 0.09877152, -0.011237763, 0.8495107, -0.6384362, -0.5910738, -0.9953936, 0.017310258, 0.35530376, -0.9650135, -0.030272182, 0.86624897, -0.36636928, 0.75871915, 0.69135666, -0.80474675, -0.965189, 0.96245396, -0.7790104, 0.15714157, 0.328024, 0.049030017, -0.117812805, -0.592124, -0.34821427, -0.7133613, -0.95032144, -0.9588085, -0.8230071, -0.5744941, 0.50764453, -0.2072855, -0.5161513, -0.39297628, 0.38085306, -0.30110645, 0.90398234, -0.67582846, 0.11857742, 0.73795706, 0.5320942, -0.7179662]","[7.0, 0.0, -18.0, -7.0, -2.0, -9.0, 6.0, -12.0, -20.0, -11.0, -2.0, 22.0, 5.0, 0.0, -12.0, -1.0, -4.0, 1.0, -10.0, 0.0, -26.0, 5.0, 0.0, 1.0, -7.0, -14.0, -6.0, -24.0, -5.0, -20.0, -14.0, 7.0, 0.0, 14.0, -2.0, -11.0, -8.0, -12.0, 3.0, 1.0, 3.0, 14.0, -8.0, -6.0, -16.0, 11.0, -6.0, -9.0, 1.0, -5.0, -5.0, -3.0, 6.0, 3.0, -17.0, -11.0, -9.0, 13.0, 5.0, 4.0, -11.0, 2.0, -18.0, 5.0, -5.0, -1.0, -3.0, -8.0, 1.0, -2.0, -21.0, 17.0, -10.0, -19.0, -22.0, -6.0, -4.0, -12.0, -2.0, -10.0, 16.0, -10.0, 7.0, -23.0, -10.0, -11.0, 2.0, 8.0, -8.0, -6.0, -1.0, -18.0, -4.0, -4.0, 4.0, -8.0, -15.0, -5.0, -7.0, -5.0, -13.0, 1.0, -6.0, -3.0, 7.0, -19.0, 13.0, -14.0, -10.0, -13.0, -11.0, 5.0, 2.0, 2.0, 4.0, -14.0, -7.0, 4.0, -7.0, -11.0, -14.0, 4.0, 4.0, -13.0, -22.0, -16.0, -13.0, -3.0, -6.0, -1.0, -1.0, 6.0, 1.0, -5.0, -2.0, 0.0, -13.0, -14.0, -9.0, -9.0, 14.0, -10.0, -3.0, -10.0, 2.0, -10.0, -7.0, -7.0, -10.0, 9.0, -10.0, -17.0, -15.0, 0.0, 9.0, -4.0, -18.0, -6.0, 4.0, -3.0, -7.0, -6.0, -8.0, 8.0, -8.0, 0.0, 13.0, -16.0, -9.0, 0.0, -6.0, -4.0, -5.0, -24.0, -30.0, -10.0, -32.0, -5.0, 10.0, -25.0, -21.0, -5.0, -16.0, -9.0, -10.0, -15.0, 6.0, -4.0, -21.0, 12.0, -9.0, -1.0, 4.0, -4.0, -10.0, -1.0, -1.0, -11.0, -10.0, -6.0, -17.0, -3.0, -5.0, 6.0, -7.0, 2.0, -6.0, -3.0, -7.0, 9.0, -15.0, 0.0, -5.0, 2.0, -11.0, -11.0, -3.0, -9.0, -7.0, -1.0, -9.0, 5.0, -1.0, 0.0, -7.0, -5.0, -28.0, 4.0, -13.0, -3.0, 20.0, -7.0, -20.0, 1.0, -11.0, 1.0, -3.0, -7.0, -16.0, -11.0, 6.0, 8.0, -2.0, 11.0, 9.0, 2.0, 2.0, -18.0, -17.0, -10.0, -10.0, -6.0, 11.0, -8.0, -7.0, 2.0, 6.0, -9.0, -7.0, -3.0, -6.0, -14.0, -21.0, -1.0, -5.0, -14.0, -10.0, -27.0, -13.0, 1.0, 5.0, 0.0, -6.0, 9.0, -5.0, -4.0, -16.0, 1.0, -8.0, 6.0, -2.0, -6.0, -10.0, -1.0, 8.0, -6.0, 7.0, -5.0, 7.0, -1.0, 4.0, 10.0, 3.0, -15.0, 3.0, 4.0, 7.0, -6.0, 4.0, 2.0, -10.0, 0.0, -14.0, 9.0, 1.0, -6.0, -14.0, -6.0, -4.0, -11.0, 11.0, -8.0, 0.0, 5.0, -9.0, 0.0, -9.0, -1.0, 10.0, -10.0, -19.0, -21.0, -7.0, 7.0, 1.0, -10.0, -7.0, -3.0, 1.0, 0.0, 2.0, 8.0, -19.0, -9.0, -7.0, -15.0, -12.0, -5.0, -4.0, -33.0, 5.0, 5.0, -5.0, -16.0, -16.0, -4.0, -10.0, 4.0, -19.0, 5.0, -15.0, -4.0, 1.0, -6.0, -19.0, -23.0, 5.0, 8.0, -20.0, -13.0, 4.0, 6.0, -11.0, -5.0, -3.0, -7.0, -12.0, -3.0, 2.0, -17.0, -17.0, -10.0, -2.0, -17.0, -5.0, -16.0, 24.0, 14.0, -6.0, -18.0, -3.0, -2.0, 0.0, -1.0, 0.0, -16.0, -10.0, 1.0, -10.0, -25.0, -6.0, 2.0, -6.0, -13.0, 2.0, 29.0, 2.0, -4.0, -6.0, -5.0, -6.0, 7.0, -7.0, -6.0, 0.0, -4.0, -23.0, -33.0, 9.0, -10.0, -6.0, 2.0, -4.0, 5.0, -2.0, -6.0, -13.0, -11.0, -20.0, -1.0, 7.0, -14.0, -3.0, 20.0, 4.0, -19.0, 3.0, -20.0, -7.0, -10.0, -9.0, 8.0, 10.0, 4.0, -6.0, -6.0, 9.0, -7.0, 10.0, 7.0, -6.0, -5.0, -8.0, 4.0, -2.0, -35.0, 11.0, -15.0, -5.0, -4.0, -5.0, -2.0, -2.0, -21.0, -9.0, -5.0, -2.0, -11.0, -5.0, 2.0, 4.0, -16.0, -7.0, -16.0, -4.0, -12.0, 18.0, 2.0, -13.0, -10.0, -14.0, -1.0, -23.0, -15.0, -4.0, -5.0, -18.0, -4.0, 6.0, -12.0, -9.0, -4.0, -6.0, -20.0, 13.0, 3.0, -13.0, -6.0, 0.0, 3.0, 14.0, -6.0, -10.0, 2.0, -4.0, -7.0, -18.0, 9.0, -6.0, -27.0]",-54.9285266055146,0.0,0.0,0,0.003194570541381836
40,"[-0.78338146, -0.35333145, -0.027856242, 0.8889728, -0.95877475, 0.42010826, 0.5115483, -0.7498532, -0.013128843, -0.9309663, -0.44820213, -0.40178537, -0.5081311, 0.38727665, -0.11689699, 0.06492247, 0.0746861, -0.031534594, -0.28811756, -0.06516342, 0.22983621, 0.34641883, 0.41041666, 0.925805, 0.18384007, -0.26789325, -0.46498713, -0.4023673, 0.9409796, 0.040282063, -0.2604218, 0.97554195, 0.84399116, 0.0455018, 0.710963, -0.72289497, -0.393598, 0.06936768, -0.9629923, -0.57969475, 0.42847973, -0.31434956, -0.10797597, 0.6803379, 0.26494747, 0.6734887, -0.29238725, -0.3097253, 0.41897017, 0.85728973, 0.8760353, 0.361246, -0.58768106, 0.45007166, -0.63097185, -0.18713677, 0.38326716, 0.1327764, -0.27640554, 0.55960995, -0.11212305, 0.26801825, 0.6345299, 0.32585114, -0.20564118, -0.20363733, 0.01676574, 0.6786095, 0.6112286, -0.44298106, -0.42169666, 0.090265624, 0.7171094, -0.42948258, -0.9289845, -0.4335629, -0.5183573, 0.6114835, -0.48850095, 0.35045302, 0.07319972, -0.23064576, -0.09267969, 0.9498437, 0.7052469, -0.96267825, 0.4689713, -0.39519823, 0.64790064, -0.86404806, -0.10626797, 0.23171821, 0.6467883, -0.75328255, 0.04264331, -0.7428973, -0.95880795, -0.38279587, -0.69820786, 0.92218596, 0.6935684, 0.3228755, -0.27706382, 0.12267482, -0.55390006, 0.13715927, 0.90916586, -0.38512605, 0.31334767, 0.9537506, -0.16407749, 0.074178, 0.77774113, -0.71681285, -0.62980604, 0.97141963, 0.23067886, -0.19270512, -0.45822456, 0.9471472, 0.87833375, -0.2229882, -0.4989692, -0.3478316, 0.08484028, -0.3898832, -0.96111363, -0.4430451, 0.6577193, -0.7826946, -0.74196744, -0.4249902, 0.6617412, -0.29221365, 0.81366605, -0.2027942, 0.8265929, -0.92376316, -0.5899175, -0.9875381, 0.030985277, -0.9935339, -0.8641484, -0.26597866, 0.28943667, 0.8660276, 0.11646571, 0.21115582, -0.28807542, -0.8841248, -0.4394826, -0.384666, -0.037193973, 0.6750481, -0.994594, 0.37079272, -0.4079493, 0.5102071, -0.30004478, 0.11301147, -0.8534852, -0.21823616, 0.55080366, -0.68856406, -0.5934972, 0.25371015, -0.50474215, 0.9054814, 0.6690892, -0.4913139, -0.40788394, -0.34605634, 0.8036305, -0.18059626, -0.9571382, 0.5997216, -0.30183008, 0.8427052, -0.18341462, -0.8830462, 0.4148237, -0.5626363, 0.22214879, 0.10812069, -0.4206595, 0.91214377, 0.78215164, 0.16413836, -0.85656226, 0.34624705, 0.010572346, -0.6449061, 0.55192703, -0.86000043, 0.8755139, -0.19704355, -0.50954425, -0.7869114, -0.9238196, -0.08274447, 0.7870829, -0.91021955, -0.2547028, -0.836499, -0.96246344, -0.8285673, -0.7249984, 0.11859375, 0.9822238, 0.81430596, 0.8518791, 0.049566254, -0.82188404, -0.034764532, -0.70401615, 0.1485433, 0.49621475, -0.8772521, -0.9011836, 0.15055199, -0.8841534, -0.47942117, 0.23351958, 0.8915465, 0.5124756, 0.6005245, -0.78538233, -0.044507038, 0.650812, 0.9721027, 0.58757216, 0.44672212, 0.980177, 0.31032214, 0.8052013, 0.6921685, 0.14679463, -0.20920572, -0.6742216, -0.33200753, 0.7328024, 0.6889659, 0.27622288, 0.17218703, -0.18547614, -0.4583573, 0.95746934, 0.42550656, 0.052015945, 0.61080694, -0.63042045, -0.9618041, -0.28199515, 0.6758199, 0.08637863, 0.77585036, 0.72929347, -0.29886508, 0.47740656, -0.7680437, -0.4730148, 0.34872544, 0.29855278, -0.13099357, 0.19143209, -0.73241186, -0.933551, -0.72838396, -0.2780285, -0.49169403, 0.3323129, -0.7997941, 0.6721579, -0.61652595, -0.67495805, -0.5189956, -0.814612, 0.20612784, 0.9367183, 0.82807845, -0.3841547, -0.16511245, -0.26356462, -0.28953892, -0.9549671, 0.90682757, -0.06781476, 0.42681912, 0.3347981, -0.9792437, -0.48575163, -0.76352143, -0.55837625, 0.7686188, -0.82009536, -0.09794109, 0.34290764, 0.9593799, -0.25249368, -0.14735982, -0.7139917, 0.2758072, 0.24425153, 0.15419479, -0.7775802, -0.79020816, -0.90213263, 0.5410552, -0.64892596, -0.37462473, 0.43863228, -0.24493966, 0.6650864, -0.37282786, -0.3919951, -0.7074267, -0.5559551, 0.5700429, -0.4200558, -0.5274516, -0.45214173, 0.24358279, 0.488507, 0.32487434, 0.30690747, -0.8250385, 0.4148663, -0.3388537, 0.749765, -0.617105, -0.7758725, 0.10342095, -0.1723233, -0.18427312, -0.4147454, 0.15189889, -0.7325797, 0.62542176, 0.9940398, -0.46826163, -0.93983036, 0.5352708, -0.5899371, -0.36195487, -0.5012231, 0.46540877, -0.4320898, 0.03095257, 0.49658617, 0.42950624, 0.13406858, -0.102350704, 0.22324872, -0.86572963, 0.008516797, -0.4125739, -0.31922847, -0.02015067, 0.15559958, 0.3541449, -0.95947677, 0.8305141, 0.3804257, -0.81407297, 0.6600853, -0.46158275, -0.98651224, -0.07868318, -0.04850934, -0.28516474, 0.17905998, -0.53010106, -0.7720906, 0.19416791, -0.4323468, 0.5119405, 0.23338777, 0.89077735, 0.4688011, -0.45518208, -0.5513769, 0.114338666, -0.30785933, 0.82510656, 0.5375685, 0.5837792, 0.6152521, 0.88731265, 0.68367535, 0.95107895, 0.29382986, -0.7134633, -0.46495888, -0.7463066, 0.72686154, -0.8982177, -0.02942318, 0.5415054, -0.25675312, 0.70902747, 0.89024097, 0.84864265, -0.6730184, 0.7296802, 0.65253425, -0.7360833, -0.5261259, 0.29555398, 0.256393, -0.106452346, 0.9171896, 0.81988746, 0.7592384, 0.69850874, -0.07536983, 0.70146835, -0.7363923, -0.31024656, -0.5617383, -0.39333332, 0.013208201, 0.3020261, 0.7277388, -0.5265567, -0.73286617, 0.16497865, 0.4297764, 0.8680449, 0.96058035, 0.05186028, -0.3195366, 0.2695914, -0.12171693, 0.024742002, 0.84155625, 0.88814276, -0.109513275, -0.34214333, -0.8764963, 0.9704293, 0.9132972, 0.7010387, 0.6662954, 0.38745764, -0.88153076, -0.47838554, 0.5711482, 0.21596421, -0.276923, 0.6132272, -0.40858856, 0.5820386, 0.8112364, 0.19379151, -0.37472442, -0.62692577, 0.64081436, -0.13366947, -0.33459377, -0.10450665, 0.03551891, -0.12880851, 0.12396845, 0.1619134, -0.26274845, -0.4895378, -0.31488422, 0.5593048, 0.009846087, -0.14786576, -0.21740723, 0.07769698, -0.8857888, 0.6811018, 0.98251855, 0.14739774, -0.37131497, 0.62865514, -0.989142, 0.7243932, -0.40987784, 0.89271486, -0.332744, 0.8360907, 0.008679646, -0.33650956, 0.3789467, -0.06955, 0.49861464, 0.36649233, 0.35956287, -0.20254375, 0.7813794, 0.74377894, 0.1300796, -0.60971665, 0.67814684, 0.4472294, 0.1233414, -0.5490498]","[7.0, 0.0, -18.0, -7.0, -2.0, -9.0, 6.0, -12.0, -20.0, -11.0, -2.0, 22.0, 5.0, 0.0, -12.0, -1.0, -4.0, 1.0, -10.0, 0.0, -26.0, 5.0, 0.0, 1.0, -7.0, -14.0, -6.0, -24.0, -5.0, -20.0, -14.0, 7.0, 0.0, 14.0, -2.0, -11.0, -8.0, -12.0, 3.0, 1.0, 3.0, 14.0, -8.0, -6.0, -16.0, 11.0, -6.0, -9.0, 1.0, -5.0, -5.0, -3.0, 6.0, 3.0, -17.0, -11.0, -9.0, 13.0, 5.0, 4.0, -11.0, 2.0, -18.0, 5.0, -5.0, -1.0, -3.0, -8.0, 1.0, -2.0, -21.0, 17.0, -10.0, -19.0, -22.0, -6.0, -4.0, -12.0, -2.0, -10.0, 16.0, -10.0, 7.0, -23.0, -10.0, -11.0, 2.0, 8.0, -8.0, -6.0, -1.0, -18.0, -4.0, -4.0, 4.0, -8.0, -15.0, -5.0, -7.0, -5.0, -13.0, 1.0, -6.0, -3.0, 7.0, -19.0, 13.0, -14.0, -10.0, -13.0, -11.0, 5.0, 2.0, 2.0, 4.0, -14.0, -7.0, 4.0, -7.0, -11.0, -14.0, 4.0, 4.0, -13.0, -22.0, -16.0, -13.0, -3.0, -6.0, -1.0, -1.0, 6.0, 1.0, -5.0, -2.0, 0.0, -13.0, -14.0, -9.0, -9.0, 14.0, -10.0, -3.0, -10.0, 2.0, -10.0, -7.0, -7.0, -10.0, 9.0, -10.0, -17.0, -15.0, 0.0, 9.0, -4.0, -18.0, -6.0, 4.0, -3.0, -7.0, -6.0, -8.0, 8.0, -8.0, 0.0, 13.0, -16.0, -9.0, 0.0, -6.0, -4.0, -5.0, -24.0, -30.0, -10.0, -32.0, -5.0, 10.0, -25.0, -21.0, -5.0, -16.0, -9.0, -10.0, -15.0, 6.0, -4.0, -21.0, 12.0, -9.0, -1.0, 4.0, -4.0, -10.0, -1.0, -1.0, -11.0, -10.0, -6.0, -17.0, -3.0, -5.0, 6.0, -7.0, 2.0, -6.0, -3.0, -7.0, 9.0, -15.0, 0.0, -5.0, 2.0, -11.0, -11.0, -3.0, -9.0, -7.0, -1.0, -9.0, 5.0, -1.0, 0.0, -7.0, -5.0, -28.0, 4.0, -13.0, -3.0, 20.0, -7.0, -20.0, 1.0, -11.0, 1.0, -3.0, -7.0, -16.0, -11.0, 6.0, 8.0, -2.0, 11.0, 9.0, 2.0, 2.0, -18.0, -17.0, -10.0, -10.0, -6.0, 11.0, -8.0, -7.0, 2.0, 6.0, -9.0, -7.0, -3.0, -6.0, -14.0, -21.0, -1.0, -5.0, -14.0, -10.0, -27.0, -13.0, 1.0, 5.0, 0.0, -6.0, 9.0, -5.0, -4.0, -16.0, 1.0, -8.0, 6.0, -2.0, -6.0, -10.0, -1.0, 8.0, -6.0, 7.0, -5.0, 7.0, -1.0, 4.0, 10.0, 3.0, -15.0, 3.0, 4.0, 7.0, -6.0, 4.0, 2.0, -10.0, 0.0, -14.0, 9.0, 1.0, -6.0, -14.0, -6.0, -4.0, -11.0, 11.0, -8.0, 0.0, 5.0, -9.0, 0.0, -9.0, -1.0, 10.0, -10.0, -19.0, -21.0, -7.0, 7.0, 1.0, -10.0, -7.0, -3.0, 1.0, 0.0, 2.0, 8.0, -19.0, -9.0, -7.0, -15.0, -12.0, -5.0, -4.0, -33.0, 5.0, 5.0, -5.0, -16.0, -16.0, -4.0, -10.0, 4.0, -19.0, 5.0, -15.0, -4.0, 1.0, -6.0, -19.0, -23.0, 5.0, 8.0, -20.0, -13.0, 4.0, 6.0, -11.0, -5.0, -3.0, -7.0, -12.0, -3.0, 2.0, -17.0, -17.0, -10.0, -2.0, -17.0, -5.0, -16.0, 24.0, 14.0, -6.0, -18.0, -3.0, -2.0, 0.0, -1.0, 0.0, -16.0, -10.0, 1.0, -10.0, -25.0, -6.0, 2.0, -6.0, -13.0, 2.0, 29.0, 2.0, -4.0, -6.0, -5.0, -6.0, 7.0, -7.0, -6.0, 0.0, -4.0, -23.0, -33.0, 9.0, -10.0, -6.0, 2.0, -4.0, 5.0, -2.0, -6.0, -13.0, -11.0, -20.0, -1.0, 7.0, -14.0, -3.0, 20.0, 4.0, -19.0, 3.0, -20.0, -7.0, -10.0, -9.0, 8.0, 10.0, 4.0, -6.0, -6.0, 9.0, -7.0, 10.0, 7.0, -6.0, -5.0, -8.0, 4.0, -2.0, -35.0, 11.0, -15.0, -5.0, -4.0, -5.0, -2.0, -2.0, -21.0, -9.0, -5.0, -2.0, -11.0, -5.0, 2.0, 4.0, -16.0, -7.0, -16.0, -4.0, -12.0, 18.0, 2.0, -13.0, -10.0, -14.0, -1.0, -23.0, -15.0, -4.0, -5.0, -18.0, -4.0, 6.0, -12.0, -9.0, -4.0, -6.0, -20.0, 13.0, 3.0, -13.0, -6.0, 0.0, 3.0, 14.0, -6.0, -10.0, 2.0, -4.0, -7.0, -18.0, 9.0, -6.0, -27.0]",-54.9285266055146,0.0,0.0,0,0.0033049583435058594
41,"[-0.5189023, -0.4519506, 0.84147584, -0.84652096, 0.21912165, 0.3634719, 0.011083446, 0.38846377, -0.6544907, 0.70526445, -0.71994865, -0.1983751, -0.8494848, 0.09042216, 0.3394916, 0.88244325, 0.4786724, 0.08220583, 0.865234, -0.043126322, 0.1224113, 0.19219705, -0.18004055, 0.67696536, -0.62964815, 0.10968438, 0.4444665, 0.80795234, 0.7678368, 0.017480578, 0.2863229, -0.21152453, -0.063644476, 0.8125316, 0.861408, 0.7908281, -0.72325826, 0.700168, 0.89672744, -0.2775006, 0.037292577, 0.5581905, 0.124156274, 0.986967, -0.08857327, 0.4278854, 0.5851823, -0.011799169, 0.7139676, 0.092309184, -0.1766984, -0.78435266, -0.21317285, 0.46787292, 0.8425728, -0.4966412, -0.28952897, -0.692078, 0.3814458, 0.92037684, 0.28190443, 0.23415306, 0.10697986, -0.8230885, 0.45900765, 0.20409909, 0.32295355, 0.7976222, 0.5679216, 0.5618305, 0.85436755, 0.9798699, 0.16256547, -0.78223675, -0.081740186, 0.5752023, -0.9445493, -0.8862251, -0.86568445, 0.4620715, 0.002333257, -0.2622041, -0.7887659, 0.4644805, -0.35796037, -0.46935186, 0.30463842, 0.118021786, -0.27517873, 0.28297493, -0.45755696, 0.5896605, -0.5413621, -0.6823246, 0.5648788, 0.41578406, -0.63472205, -0.7675085, 0.67679816, 0.55319697, -0.34548524, 0.3163948, -0.7516796, 0.0140953185, -0.96253943, -0.21679623, -0.8503144, -0.04970564, -0.1566367, -0.11122995, -0.9093374, -0.2767673, 0.5129677, -0.26217124, 0.4303439, -0.26104257, -0.15352112, 0.12778422, 0.90136385, -0.78227913, -0.93417245, 0.21591437, 0.8981942, 0.9794463, -0.031671505, -0.06383676, 0.28992754, 0.11126951, 0.2681761, 0.74799883, 0.49261233, -0.006245217, -0.07627108, 0.2792035, -0.08858743, -0.0844413, -0.9673882, -0.65187174, -0.02297272, 0.64530694, -0.44254598, 0.045286868, -0.31007582, -0.79039204, 0.91659695, 0.7093477, -0.84301513, 0.43957454, -0.30484018, 0.9896996, -0.39520296, -0.5225231, 0.1357811, 0.6702523, -0.6149623, 0.41880554, -0.87718683, 0.83786947, -0.83785015, 0.8284628, -0.018385502, -0.103817776, 0.94661415, 0.9807684, 0.30035624, -0.7457614, 0.012340171, 0.058326203, 0.028892856, 0.13898368, -0.9625506, 0.42245457, 0.4247886, -0.76906043, 0.14047888, 0.13672237, 0.36490083, -0.8292046, 0.2530066, -0.4384961, 0.014005981, 0.54664713, 0.41129187, -0.762194, 0.18236957, 0.9382331, -0.68646115, 0.7058142, 0.40509617, 0.54800665, -0.43608335, -0.42422214, 0.8120389, -0.28033593, -0.8739692, 0.2011934, -0.75036466, 0.59319246, 0.2834929, 0.749453, 0.5696745, -0.7757727, -0.23785865, 0.5491205, -0.16531706, 0.944731, 0.4714809, -0.96900016, 0.7599714, -0.79839045, -0.71895254, 0.4689848, 0.72993714, 0.072699256, -0.42190054, -0.2973689, -0.31422135, -0.3466438, -0.51418066, 0.21773419, 0.80081064, -0.38583517, -0.6266114, 0.6771553, 0.48356667, 0.8616741, -0.6689605, -0.71149737, 0.082858786, 0.2288673, -0.039653115, 0.19793327, -0.63924044, -0.04077249, 0.31618512, -0.1345871, 0.35889468, -0.09761744, -0.33280084, -0.3927899, -0.17819588, -0.95382077, 0.3370503, 0.6902113, -0.29074582, -0.9079337, 0.9735512, -0.4726035, -0.74675775, -0.26049498, 0.47711408, -0.4121668, 0.1494064, -0.16888002, -0.764472, -0.33942598, 0.449741, 0.2240078, -0.7604432, -0.67335516, 0.28146672, 0.6268308, -0.30105102, 0.19062151, -0.6587128, -0.37724733, -0.9594596, 0.5365519, -0.19798036, 0.63225114, 0.416746, 0.6574885, -0.42868266, -0.62978256, 0.94381136, 0.43465558, 0.66808456, -0.97373325, -0.29107675, 0.48563337, -0.8440343, 0.13467985, -0.14185447, -0.964767, -0.5280489, -0.43041602, -0.7762801, 0.26307383, -0.51520425, -0.444761, 0.7964772, -0.06575382, -0.2157437, 0.44774207, 0.8192276, -0.94992733, -0.10352231, 0.22156271, -0.3628738, 0.5448154, 0.9429541, 0.8868547, -0.46803492, -0.54732347, 0.91498107, -0.08274303, -0.58340454, 0.41399392, -0.43115935, -0.46550605, 0.7584981, -0.6750417, -0.8712141, -0.46162713, 0.21389082, -0.7538243, -0.056810655, 0.25467423, 0.697474, -0.5402608, 0.63469267, -0.5301875, 0.3535331, -0.13865286, -0.7706375, 0.42852694, -0.56447476, -0.64675313, -0.28335413, 0.30658048, -0.53200704, -0.6326769, -0.98009276, -0.056713805, -0.14270887, -0.53226453, -0.89269567, -0.14148825, 0.57641023, 0.43056425, 0.7215898, -0.9808346, 0.9328386, -0.3171755, 0.9807956, -0.49476108, -0.056927226, -0.29214466, -0.28847858, 0.6845642, 0.49283788, 0.9843029, 0.22702937, -0.07348679, -0.8198523, 0.9931228, 0.1030613, 0.40095493, -0.18651523, 0.09543142, 0.88515544, -0.6671611, -0.41525483, -0.69588053, 0.5844318, -0.8759095, -0.8367367, -0.40301177, 0.028376361, -0.1874504, -0.91036737, 0.9149831, 0.90573907, -0.44128734, 0.46305123, 0.15715082, -0.5250466, -0.4756569, -0.017693652, -0.16152611, -0.41754135, 0.6150232, -0.037074164, 0.30969614, -0.621453, 0.06701533, -0.3640479, 0.05282722, 0.56165165, 0.5378264, -0.29155865, 0.38855425, 0.8825799, 0.25133866, -0.7031798, 0.35941726, -0.79019123, 0.7442208, 0.033320993, -0.22971852, -0.8859868, -0.23843253, 0.80641335, -0.958034, -0.050703686, 0.8623162, -0.210318, -0.14364862, 0.15712011, -0.074125335, -0.6627966, -0.9628889, 0.21962331, 0.8416132, -0.78727174, -0.57809454, -0.25954103, 0.61748445, -0.46147937, 0.76410884, -0.89008427, 0.88191324, 0.12149416, 0.31755537, -0.26462096, 0.56398857, -0.6668675, -0.9021763, -0.20896612, 0.70739144, 0.50985366, 0.034311943, 0.1442755, -0.74021435, 0.68136305, 0.57391936, 0.31294078, -0.06761793, 0.92891854, 0.758064, 0.28886098, -0.256398, 0.23604456, 0.15088186, -0.21151602, -0.38665205, -0.18597841, 0.14782281, -0.14373031, -0.47285104, 0.52192664, 0.062934995, -0.86464965, -0.263367, 0.7698269, 0.5104731, -0.35350645, 0.8763663, -0.8467942, 0.92246944, -0.5085898, -0.98181164, -0.13238393, -0.28205913, 0.07817801, 0.59354573, 0.6848616, -0.19754, -0.14030851, -0.7036445, -0.9049048, 0.28243, -0.87112474, 0.46766025, 0.07818029, -0.60283405, 0.079045884, -0.6340046, -0.12252559, 0.5991206, -0.076161414, -0.7026014, 0.44765738, -0.6264632, 0.47709975, -0.04129542, -0.09251648, 0.7028701, 0.41720706, -0.9341784, -0.40765136, 0.7418413, -0.9633477, 0.09050689, 0.45565134, 0.24371217, 0.5210644, 0.4513837, 0.3840614, 0.6430797]","[7.0, 0.0, -18.0, -7.0, -2.0, -9.0, 6.0, -12.0, -20.0, -11.0, -2.0, 22.0, 5.0, 0.0, -12.0, -1.0, -4.0, 1.0, -10.0, 0.0, -26.0, 5.0, 0.0, 1.0, -7.0, -14.0, -6.0, -24.0, -5.0, -20.0, -14.0, 7.0, 0.0, 14.0, -2.0, -11.0, -8.0, -12.0, 3.0, 1.0, 3.0, 14.0, -8.0, -6.0, -16.0, 11.0, -6.0, -9.0, 1.0, -5.0, -5.0, -3.0, 6.0, 3.0, -17.0, -11.0, -9.0, 13.0, 5.0, 4.0, -11.0, 2.0, -18.0, 5.0, -5.0, -1.0, -3.0, -8.0, 1.0, -2.0, -21.0, 17.0, -10.0, -19.0, -22.0, -6.0, -4.0, -12.0, -2.0, -10.0, 16.0, -10.0, 7.0, -23.0, -10.0, -11.0, 2.0, 8.0, -8.0, -6.0, -1.0, -18.0, -4.0, -4.0, 4.0, -8.0, -15.0, -5.0, -7.0, -5.0, -13.0, 1.0, -6.0, -3.0, 7.0, -19.0, 13.0, -14.0, -10.0, -13.0, -11.0, 5.0, 2.0, 2.0, 4.0, -14.0, -7.0, 4.0, -7.0, -11.0, -14.0, 4.0, 4.0, -13.0, -22.0, -16.0, -13.0, -3.0, -6.0, -1.0, -1.0, 6.0, 1.0, -5.0, -2.0, 0.0, -13.0, -14.0, -9.0, -9.0, 14.0, -10.0, -3.0, -10.0, 2.0, -10.0, -7.0, -7.0, -10.0, 9.0, -10.0, -17.0, -15.0, 0.0, 9.0, -4.0, -18.0, -6.0, 4.0, -3.0, -7.0, -6.0, -8.0, 8.0, -8.0, 0.0, 13.0, -16.0, -9.0, 0.0, -6.0, -4.0, -5.0, -24.0, -30.0, -10.0, -32.0, -5.0, 10.0, -25.0, -21.0, -5.0, -16.0, -9.0, -10.0, -15.0, 6.0, -4.0, -21.0, 12.0, -9.0, -1.0, 4.0, -4.0, -10.0, -1.0, -1.0, -11.0, -10.0, -6.0, -17.0, -3.0, -5.0, 6.0, -7.0, 2.0, -6.0, -3.0, -7.0, 9.0, -15.0, 0.0, -5.0, 2.0, -11.0, -11.0, -3.0, -9.0, -7.0, -1.0, -9.0, 5.0, -1.0, 0.0, -7.0, -5.0, -28.0, 4.0, -13.0, -3.0, 20.0, -7.0, -20.0, 1.0, -11.0, 1.0, -3.0, -7.0, -16.0, -11.0, 6.0, 8.0, -2.0, 11.0, 9.0, 2.0, 2.0, -18.0, -17.0, -10.0, -10.0, -6.0, 11.0, -8.0, -7.0, 2.0, 6.0, -9.0, -7.0, -3.0, -6.0, -14.0, -21.0, -1.0, -5.0, -14.0, -10.0, -27.0, -13.0, 1.0, 5.0, 0.0, -6.0, 9.0, -5.0, -4.0, -16.0, 1.0, -8.0, 6.0, -2.0, -6.0, -10.0, -1.0, 8.0, -6.0, 7.0, -5.0, 7.0, -1.0, 4.0, 10.0, 3.0, -15.0, 3.0, 4.0, 7.0, -6.0, 4.0, 2.0, -10.0, 0.0, -14.0, 9.0, 1.0, -6.0, -14.0, -6.0, -4.0, -11.0, 11.0, -8.0, 0.0, 5.0, -9.0, 0.0, -9.0, -1.0, 10.0, -10.0, -19.0, -21.0, -7.0, 7.0, 1.0, -10.0, -7.0, -3.0, 1.0, 0.0, 2.0, 8.0, -19.0, -9.0, -7.0, -15.0, -12.0, -5.0, -4.0, -33.0, 5.0, 5.0, -5.0, -16.0, -16.0, -4.0, -10.0, 4.0, -19.0, 5.0, -15.0, -4.0, 1.0, -6.0, -19.0, -23.0, 5.0, 8.0, -20.0, -13.0, 4.0, 6.0, -11.0, -5.0, -3.0, -7.0, -12.0, -3.0, 2.0, -17.0, -17.0, -10.0, -2.0, -17.0, -5.0, -16.0, 24.0, 14.0, -6.0, -18.0, -3.0, -2.0, 0.0, -1.0, 0.0, -16.0, -10.0, 1.0, -10.0, -25.0, -6.0, 2.0, -6.0, -13.0, 2.0, 29.0, 2.0, -4.0, -6.0, -5.0, -6.0, 7.0, -7.0, -6.0, 0.0, -4.0, -23.0, -33.0, 9.0, -10.0, -6.0, 2.0, -4.0, 5.0, -2.0, -6.0, -13.0, -11.0, -20.0, -1.0, 7.0, -14.0, -3.0, 20.0, 4.0, -19.0, 3.0, -20.0, -7.0, -10.0, -9.0, 8.0, 10.0, 4.0, -6.0, -6.0, 9.0, -7.0, 10.0, 7.0, -6.0, -5.0, -8.0, 4.0, -2.0, -35.0, 11.0, -15.0, -5.0, -4.0, -5.0, -2.0, -2.0, -21.0, -9.0, -5.0, -2.0, -11.0, -5.0, 2.0, 4.0, -16.0, -7.0, -16.0, -4.0, -12.0, 18.0, 2.0, -13.0, -10.0, -14.0, -1.0, -23.0, -15.0, -4.0, -5.0, -18.0, -4.0, 6.0, -12.0, -9.0, -4.0, -6.0, -20.0, 13.0, 3.0, -13.0, -6.0, 0.0, 3.0, 14.0, -6.0, -10.0, 2.0, -4.0, -7.0, -18.0, 9.0, -6.0, -27.0]",-54.9285266055146,0.0,0.0,0,0.0032007694244384766
42,"[0.46387058, -0.2410793, -0.18050434, -0.42073086, -0.43663695, -0.96722674, 0.5013262, -0.6748427, -0.33149013, -0.5889392, -0.6277935, -0.6968171, -0.41855666, 0.7269784, -0.137082, -0.6913429, -0.54666716, -0.4970433, 0.27571556, 0.15816498, -0.5815739, 0.36944735, 0.14724171, 0.84786206, -0.4893439, 0.90292144, 0.68761027, 0.13014211, 0.38612464, -0.64974123, 0.9683461, -0.4978601, 0.95627207, -0.47543368, 0.42291808, 0.38806343, 0.96211404, 0.58581144, -0.6633312, -0.31850907, 0.20495875, -0.17832665, -0.42071775, -0.61678, -0.73928285, 0.60360557, 0.6943096, 0.11438328, -0.41833672, -0.37024456, 0.8735512, -0.32810858, 0.2585512, -0.14300929, -0.95465374, 0.3899464, -0.67676467, -0.99930423, 0.27667302, -0.68096906, 0.3806043, 0.17744105, 0.16881119, 0.3129456, -0.16666943, 0.29801583, 0.72476196, -0.09992208, -0.537305, 0.42984056, 0.5410168, 0.487126, -0.39547038, 0.8481265, 0.5863525, 0.74211186, 0.9058431, 0.20054716, 0.86375433, -0.45166227, -0.41652727, -0.38662088, 0.3503969, 0.60655415, -0.10813753, -0.3575185, -0.87902653, 0.28617552, 0.07917196, -0.18920946, -0.025254393, 0.9577391, -0.40716574, 0.25936943, 0.12385918, 0.3302735, -0.42837092, 0.27334556, 0.45970467, -0.542723, -0.046560097, 0.4455133, 0.17355123, 0.8472192, -0.045046255, 0.7663249, -0.36909026, -0.6259278, 0.578481, -0.6205523, 0.73685366, -0.3644301, -0.7047292, 0.7539467, 0.9613322, 0.1523119, -0.015417632, -0.36087662, 0.8049884, 0.79391164, -0.75058955, 0.5545404, -0.4309148, -0.62109417, -0.053164594, -0.93271863, -0.40473384, -0.10098579, 0.5395869, -0.190017, -0.24841419, 0.8791634, 0.06232557, 0.27167532, -0.673065, -0.55844927, 0.54690444, 0.37126034, -0.7130946, -0.32822514, 0.7420609, 0.051255405, 0.77890706, -0.25046644, 0.055130582, -0.85983264, -0.07981961, 0.81627893, 0.10054936, -0.26984715, 0.75518614, 0.999422, -0.41732225, -0.97935057, -0.20718233, -0.0034953784, -0.24107713, -0.12720382, 0.91087353, 0.820739, 0.9847904, -0.030993314, 0.021320736, 0.26366037, 0.29641995, -0.8919217, -0.75760376, 0.6863107, 0.6890302, -0.8479499, -0.35478312, 0.24508171, -0.43039736, 0.580979, -0.59565, 0.80184263, -0.8387901, -0.91236234, -0.5729178, 0.24780743, 0.5345067, -0.8767476, -0.1423904, 0.31437635, -0.33142883, -0.6152529, -0.020687899, -0.5960315, 0.5325576, -0.08051021, -0.21306622, -0.6710544, -0.30702457, -0.44373176, -0.8828765, -0.8012109, -0.5644914, 0.7256187, -0.897667, 0.07659158, 0.97817534, -0.34491813, 0.90541786, 0.12843506, 0.19087246, 0.5043159, 0.56689554, 0.9664885, 0.70178217, 0.38911787, 0.06713595, -0.077758044, -0.043190744, 0.21683508, -0.21806633, -0.31865612, -0.5797956, 0.19562991, -0.6370267, -0.5539597, -0.1904674, -0.5697991, -0.36672866, -0.8455005, 0.6194142, 0.043928523, 0.8434351, 0.8977985, -0.9279325, -0.9010993, 0.81174636, 0.51958925, -0.26304612, 0.8213198, 0.911854, -0.41676912, 0.40390205, -0.9915271, -0.13726933, -0.6272954, 0.5382018, -0.94632876, 0.6263145, 0.6477384, 0.81882226, 0.15182343, 0.8606018, -0.735947, 0.5950059, -0.3616344, -0.74679554, 0.7507868, 0.9591196, -0.48411527, -0.56133705, 0.9906, -0.73314524, -0.22642024, 0.5268638, -0.58935195, -0.065154605, 0.7947424, 0.45074597, 0.5419549, -0.69221145, 0.26404795, 0.28564706, -0.9918758, 0.38979593, 0.49604833, 0.84504455, 0.5660352, 0.6653485, -0.48866042, 0.71937835, 0.7897775, 0.42013022, -0.6352831, -0.33149937, 0.6219088, -0.27332723, -0.008802394, 0.6894051, -0.7775196, 0.5676903, 0.9909911, -0.6064905, 0.7071876, 0.9106368, 0.18185358, -0.065935075, 0.22598614, -0.36450937, 0.43606436, 0.29050493, -0.5019235, -0.86682504, -0.7630659, 0.726748, 0.24989921, -0.8361714, 0.8337016, 0.8876593, -0.113308206, 0.21014465, -0.5826, 0.83488894, -0.75847024, 0.9046917, -0.03959022, 0.80424964, -0.0055455863, -0.9361909, 0.08593117, 0.927604, -0.10386621, 0.2945649, 0.6239574, -0.64051443, 0.008771336, 0.4479614, -0.44425192, -0.44344056, 0.040956702, 0.44053563, 0.37608013, -0.73530716, 0.5059474, -0.14093041, -0.06326915, -0.74717534, 0.88147396, -0.540617, 0.0567012, -0.7455684, -0.038294196, 0.9888297, -0.8028073, -0.62855095, 0.15510362, -0.8865596, -0.68113494, -0.5152252, 0.80661124, 0.5513093, 0.50472564, -0.95010024, 0.3619087, 0.76245785, 0.16754766, -0.74339753, 0.58555603, -0.5373401, -0.71472836, 0.16597822, -0.8650369, 0.47820473, -0.15518959, 0.19147842, 0.1103387, -0.82563055, -0.8538373, 0.8419104, -0.9017927, -0.63157874, 0.1960695, -0.2763333, -0.66917187, 0.6835276, 0.020119756, -0.96640646, 0.7801303, 0.15460719, -0.8266495, -0.437808, -0.72426736, -0.5768825, -0.54653114, 0.0831036, 0.8723663, -0.65332335, 0.88216466, 0.20665523, 0.26060098, 0.9824134, 0.39672002, 0.10882324, 0.44094375, -0.90994334, -0.27244988, 0.27484137, 0.7897658, -0.53423315, 0.36732262, -0.9027178, 0.3128942, -0.7271455, 0.52560973, -0.3026655, 0.80739534, -0.5414459, -0.81100297, -0.15833226, 0.69801813, -0.7342418, -0.5560779, 0.46436402, -0.48663956, -0.72616154, 0.64191073, 0.053319376, 0.46981472, 0.040660348, 0.5942017, 0.19117698, -0.7009902, 0.48475724, 0.4964894, -0.790743, -0.17264117, 0.2529805, 0.46695063, -0.06703732, -0.7685105, -0.7578939, -0.7060434, 0.88257563, -0.51032597, 0.31663704, 0.21631233, -0.5615261, -0.943839, 0.44038215, 0.5607507, -0.872545, 0.96767294, 0.7677222, 0.28349632, 0.25503218, 0.0031787672, 0.30560833, -0.8045421, -0.5613047, -0.9634934, 0.96182746, 0.80352306, 0.76049703, -0.6576696, -0.3818182, -0.09996993, 0.07790435, -0.3131242, -0.51556575, -0.50052506, -0.3024605, -0.039742623, 0.101817116, 0.05922895, 0.17391893, 0.4372433, 0.8408585, 0.58512956, 0.37160802, 0.9572038, -0.9955685, 0.92166144, 0.9506112, -0.7168351, 0.06531352, -0.685788, -0.31223306, -0.23358814, 0.73787284, -0.38870847, 0.8764265, -0.18054709, -0.74229354, -0.9289091, -0.4505979, -0.54647106, 0.9313193, -0.3191839, -0.38695797, -0.5670934, 0.38556558, -0.39507702, 0.32832325, 0.6165466, -0.5307732, 0.76910263, 0.48279813, 0.70291096, -0.64412904, -0.5111395, -0.6182249, -0.2530207, 0.60489064, 0.29577038, -0.40945262, -0.54612786]","[7.0, 0.0, -18.0, -7.0, -2.0, -9.0, 6.0, -12.0, -20.0, -11.0, -2.0, 22.0, 5.0, 0.0, -12.0, -1.0, -4.0, 1.0, -10.0, 0.0, -26.0, 5.0, 0.0, 1.0, -7.0, -14.0, -6.0, -24.0, -5.0, -20.0, -14.0, 7.0, 0.0, 14.0, -2.0, -11.0, -8.0, -12.0, 3.0, 1.0, 3.0, 14.0, -8.0, -6.0, -16.0, 11.0, -6.0, -9.0, 1.0, -5.0, -5.0, -3.0, 6.0, 3.0, -17.0, -11.0, -9.0, 13.0, 5.0, 4.0, -11.0, 2.0, -18.0, 5.0, -5.0, -1.0, -3.0, -8.0, 1.0, -2.0, -21.0, 17.0, -10.0, -19.0, -22.0, -6.0, -4.0, -12.0, -2.0, -10.0, 16.0, -10.0, 7.0, -23.0, -10.0, -11.0, 2.0, 8.0, -8.0, -6.0, -1.0, -18.0, -4.0, -4.0, 4.0, -8.0, -15.0, -5.0, -7.0, -5.0, -13.0, 1.0, -6.0, -3.0, 7.0, -19.0, 13.0, -14.0, -10.0, -13.0, -11.0, 5.0, 2.0, 2.0, 4.0, -14.0, -7.0, 4.0, -7.0, -11.0, -14.0, 4.0, 4.0, -13.0, -22.0, -16.0, -13.0, -3.0, -6.0, -1.0, -1.0, 6.0, 1.0, -5.0, -2.0, 0.0, -13.0, -14.0, -9.0, -9.0, 14.0, -10.0, -3.0, -10.0, 2.0, -10.0, -7.0, -7.0, -10.0, 9.0, -10.0, -17.0, -15.0, 0.0, 9.0, -4.0, -18.0, -6.0, 4.0, -3.0, -7.0, -6.0, -8.0, 8.0, -8.0, 0.0, 13.0, -16.0, -9.0, 0.0, -6.0, -4.0, -5.0, -24.0, -30.0, -10.0, -32.0, -5.0, 10.0, -25.0, -21.0, -5.0, -16.0, -9.0, -10.0, -15.0, 6.0, -4.0, -21.0, 12.0, -9.0, -1.0, 4.0, -4.0, -10.0, -1.0, -1.0, -11.0, -10.0, -6.0, -17.0, -3.0, -5.0, 6.0, -7.0, 2.0, -6.0, -3.0, -7.0, 9.0, -15.0, 0.0, -5.0, 2.0, -11.0, -11.0, -3.0, -9.0, -7.0, -1.0, -9.0, 5.0, -1.0, 0.0, -7.0, -5.0, -28.0, 4.0, -13.0, -3.0, 20.0, -7.0, -20.0, 1.0, -11.0, 1.0, -3.0, -7.0, -16.0, -11.0, 6.0, 8.0, -2.0, 11.0, 9.0, 2.0, 2.0, -18.0, -17.0, -10.0, -10.0, -6.0, 11.0, -8.0, -7.0, 2.0, 6.0, -9.0, -7.0, -3.0, -6.0, -14.0, -21.0, -1.0, -5.0, -14.0, -10.0, -27.0, -13.0, 1.0, 5.0, 0.0, -6.0, 9.0, -5.0, -4.0, -16.0, 1.0, -8.0, 6.0, -2.0, -6.0, -10.0, -1.0, 8.0, -6.0, 7.0, -5.0, 7.0, -1.0, 4.0, 10.0, 3.0, -15.0, 3.0, 4.0, 7.0, -6.0, 4.0, 2.0, -10.0, 0.0, -14.0, 9.0, 1.0, -6.0, -14.0, -6.0, -4.0, -11.0, 11.0, -8.0, 0.0, 5.0, -9.0, 0.0, -9.0, -1.0, 10.0, -10.0, -19.0, -21.0, -7.0, 7.0, 1.0, -10.0, -7.0, -3.0, 1.0, 0.0, 2.0, 8.0, -19.0, -9.0, -7.0, -15.0, -12.0, -5.0, -4.0, -33.0, 5.0, 5.0, -5.0, -16.0, -16.0, -4.0, -10.0, 4.0, -19.0, 5.0, -15.0, -4.0, 1.0, -6.0, -19.0, -23.0, 5.0, 8.0, -20.0, -13.0, 4.0, 6.0, -11.0, -5.0, -3.0, -7.0, -12.0, -3.0, 2.0, -17.0, -17.0, -10.0, -2.0, -17.0, -5.0, -16.0, 24.0, 14.0, -6.0, -18.0, -3.0, -2.0, 0.0, -1.0, 0.0, -16.0, -10.0, 1.0, -10.0, -25.0, -6.0, 2.0, -6.0, -13.0, 2.0, 29.0, 2.0, -4.0, -6.0, -5.0, -6.0, 7.0, -7.0, -6.0, 0.0, -4.0, -23.0, -33.0, 9.0, -10.0, -6.0, 2.0, -4.0, 5.0, -2.0, -6.0, -13.0, -11.0, -20.0, -1.0, 7.0, -14.0, -3.0, 20.0, 4.0, -19.0, 3.0, -20.0, -7.0, -10.0, -9.0, 8.0, 10.0, 4.0, -6.0, -6.0, 9.0, -7.0, 10.0, 7.0, -6.0, -5.0, -8.0, 4.0, -2.0, -35.0, 11.0, -15.0, -5.0, -4.0, -5.0, -2.0, -2.0, -21.0, -9.0, -5.0, -2.0, -11.0, -5.0, 2.0, 4.0, -16.0, -7.0, -16.0, -4.0, -12.0, 18.0, 2.0, -13.0, -10.0, -14.0, -1.0, -23.0, -15.0, -4.0, -5.0, -18.0, -4.0, 6.0, -12.0, -9.0, -4.0, -6.0, -20.0, 13.0, 3.0, -13.0, -6.0, 0.0, 3.0, 14.0, -6.0, -10.0, 2.0, -4.0, -7.0, -18.0, 9.0, -6.0, -27.0]",-54.9285266055146,0.0,0.0,0,0.003179788589477539
43,"[0.62519467, 0.23408973, 0.8749661, -0.97098225, 0.91823685, 0.079256244, -0.37625656, -0.75873053, 0.100539446, 0.7698316, 0.8756426, -0.52178854, -0.513338, -0.1580022, -0.855882, -0.48811558, 0.5369396, 0.7802974, -0.26790917, -0.8606896, 0.39757493, 0.9358234, 0.33707258, -0.7280214, 0.10186025, -0.6401665, -0.4950182, -0.1555146, 0.45529714, -0.029748758, -0.30864766, 0.5650002, 0.7673268, 0.24836257, -0.97406334, 0.6715472, -0.4038022, -0.36647096, 0.0676552, -0.20052831, 0.1617341, 0.16831721, -0.9978362, 0.6124541, -0.57924104, -0.00096638576, -0.9217551, -0.60429835, 0.122794524, 0.9135863, -0.052790094, 0.6780457, 0.23111302, -0.67979443, 0.06448808, -0.5630538, -0.6678, -0.4824002, 0.077146664, -0.54602474, 0.69211787, -0.08647465, 0.39256302, 0.5390489, 0.11909912, -0.34789816, -0.71087176, 0.3551459, -0.27184314, -0.49429917, -0.90378654, -0.7078117, -0.0052977717, -0.57034284, 0.26873493, 0.83387905, -0.13891153, -0.841097, -0.4330078, -0.46442145, -0.7410817, 0.9037583, -0.39683816, -0.904477, -0.5299452, 0.65430486, -0.0010394108, 0.8161327, -0.29617596, -0.25169867, 0.46993038, 0.020312324, -0.68162715, 0.26332876, 0.1327059, -0.022050621, -0.024063932, 0.17650856, -0.69084626, 0.48330122, -0.19017227, -0.6284824, -0.4478134, 0.11230244, -0.12032455, 0.28274187, -0.9714559, -0.62818766, -0.13597001, 0.62810355, -0.5081659, -0.96579206, 0.17949936, 0.67600286, -0.32765073, 0.7079867, -0.3181388, -0.25860634, 0.4723328, -0.36907282, 0.0963589, 0.060466472, -0.5085669, 0.35749096, 0.3333761, 0.42916855, 0.7728999, -0.2836301, 0.25641328, 0.29332134, -0.06586552, 0.46420142, 0.9461197, -0.8564821, 0.41632524, 0.8896107, 0.4662373, -0.44168523, -0.12589881, -0.39365065, 0.64720196, 0.8005512, 0.43887198, 0.2320154, -0.36113465, 0.40044132, 0.8635616, 0.45929766, -0.9017678, -0.97537863, -0.9888679, -0.108205214, -0.4552686, 0.6945952, -0.56734943, -0.055606935, -0.4022905, -0.06187395, 0.09043156, 0.24993035, -0.46420628, -0.015363099, 0.92020243, -0.61094105, -0.69810253, 0.1936215, 0.12861644, 0.9992869, -0.24576053, -0.2099574, -0.9152504, 0.35909495, 0.15563901, 0.8872693, 0.25357544, -0.8254576, 0.06933013, -0.15470849, 0.020579781, -0.31616193, 0.7524744, -0.49812073, 0.7861111, -0.5452134, 0.4582433, 0.569176, -0.85658187, -0.4179972, 0.98081195, -0.9501285, -0.66778964, -0.19252864, -0.55461234, 0.9049155, 0.83351934, -0.47089732, -0.9494688, 0.07879298, -0.0009730881, 0.24381723, 0.55652183, -0.40748703, 0.06514786, 0.83641315, -0.40981647, 0.5057485, -0.20824745, 0.4911609, -0.7454804, -0.4081541, 0.12398047, 0.21875301, 0.2887837, 0.070634015, -0.06110369, 0.82812655, -0.51602876, -0.62319034, 0.7790971, 0.52826315, -0.31667247, 0.04507699, 0.7333756, 0.28228688, 0.040677726, -0.25544, 0.94230026, -0.5881787, -0.24905503, -0.751693, 0.92162037, 0.77491826, 0.7729824, -0.48337895, 0.87539333, 0.26946867, -0.21719131, -0.8177127, 0.486898, -0.92054486, 0.9335212, -0.8163602, 0.3356963, 0.11690685, 0.0034315784, 0.31046954, -0.12263446, -0.20436764, -0.28787443, -0.659172, 0.40331644, 0.5572948, 0.82895523, -0.36130998, -0.65761834, -0.4070562, 0.6563904, 0.6002909, 0.5840687, 0.69541734, -0.043085814, -0.7553361, -0.5384972, 0.56234175, -0.32338527, 0.0055898367, -0.25730285, 0.71825594, 0.29336378, -0.84533954, 0.46276543, -0.35733578, 0.38964504, 0.25725886, 0.81720036, 0.56477815, -0.6971351, 0.5896537, 0.8241093, -0.67248935, 0.59273946, -0.11424142, -0.04539151, 0.42216557, 0.118719324, 0.8859251, -0.92484975, 0.27780688, -0.20310827, 0.38496837, 0.10738055, 0.90606433, 0.86505175, -0.10374537, -0.16131595, 0.82866096, -0.0046010176, -0.40256393, -0.40878862, 0.28378484, 0.9846178, -0.040374354, -0.63025695, 0.7734417, 0.26259923, 0.50994176, -0.6345158, 0.8163703, -0.3635078, -0.060937166, 0.8741863, -0.85594285, -0.32920593, 0.125347, -0.88061243, -0.6176223, 0.24926858, -0.951429, 0.5588998, 0.5754178, 0.42366776, -0.06876581, -0.7735014, -0.7151398, -0.47861913, 0.61651766, -0.7819842, 0.076121576, 0.47773188, -0.8827842, 0.57399994, 0.5706457, -0.14487731, 0.83751214, -0.7871337, -0.85843223, 0.6277857, 0.069532365, -0.70682585, 0.3257699, -0.25361818, 0.9826817, -0.35130793, -0.9102848, -0.44013512, -0.53967834, -0.38283846, 0.9107353, -0.9192201, -0.9610584, 0.042261418, 0.52395517, 0.37828746, 0.97262615, 0.55560863, -0.60508627, 0.76960695, -0.57114697, -0.71071666, 0.593816, -0.93094677, 0.33549854, -0.6299154, -0.9133114, -0.9590537, 0.09241502, 0.477427, 0.5327521, 0.41789058, 0.27362317, -0.1508055, -0.48714086, 0.22721465, 0.5558938, -0.7999483, 0.48151323, 0.5019329, 0.84225637, -0.38171792, 0.14735803, -0.93925405, -0.35237098, -0.5967419, -0.7097403, 0.7723967, 0.54796976, 0.52193743, -0.27028328, -0.2775934, -0.46163678, 0.9117817, 0.99519634, -0.7833451, -0.08851813, 0.780285, -0.57881284, -0.3001617, 0.2778536, -0.41732913, -0.865804, -0.26845467, 0.91017574, 0.3855571, 0.39891037, 0.30808634, -0.43315634, 0.164317, 0.8980218, -0.5278186, -0.5531128, -0.19576757, -0.2715611, -0.78058636, 0.13825722, 0.02532678, -0.77174354, 0.19551288, 0.83704746, 0.8005378, 0.01961454, -0.11185806, -0.77130675, 0.15854363, -0.6999601, -0.6844842, 0.1308126, 0.2643016, -0.35317397, -0.0062222555, 0.8205653, 0.04071022, -0.15206231, -0.048078816, -0.98788625, -0.12097976, 0.78161144, -0.64985937, -0.9672501, -0.56846285, -0.4547981, -0.90469474, -0.81508535, -0.9948419, -0.6327062, -0.93695956, -0.5858728, 0.004348384, -0.00063014636, 0.25068453, -0.3393853, -0.22092547, 0.27397558, 0.80064625, 0.64662284, 0.39540717, 0.6742311, 0.16967157, -0.14917785, -0.45131597, -0.76885927, 0.122680865, -0.76643634, 0.5927445, -0.41263682, 0.7316324, -0.7827262, 0.15315975, -0.132846, 0.7539041, 0.53228205, 0.1479736, 0.18835722, -0.6415038, 0.7657382, -0.22345224, -0.07975134, 0.4833805, 0.6052059, -0.27801147, -0.4029668, -0.52161103, 0.3695577, -0.8731683, 0.6165159, 0.5389484, 0.85414267, 0.42072582, 0.33735174, -0.2739047, -0.20607172, -0.5145325, -0.5041699, -0.22181995, 0.5138488, -0.32238445, 0.44540814, 0.8284078, -0.20142436, 0.7386183, -0.056476034]","[7.0, 0.0, -18.0, -7.0, -2.0, -9.0, 6.0, -12.0, -20.0, -11.0, -2.0, 22.0, 5.0, 0.0, -12.0, -1.0, -4.0, 1.0, -10.0, 0.0, -26.0, 5.0, 0.0, 1.0, -7.0, -14.0, -6.0, -24.0, -5.0, -20.0, -14.0, 7.0, 0.0, 14.0, -2.0, -11.0, -8.0, -12.0, 3.0, 1.0, 3.0, 14.0, -8.0, -6.0, -16.0, 11.0, -6.0, -9.0, 1.0, -5.0, -5.0, -3.0, 6.0, 3.0, -17.0, -11.0, -9.0, 13.0, 5.0, 4.0, -11.0, 2.0, -18.0, 5.0, -5.0, -1.0, -3.0, -8.0, 1.0, -2.0, -21.0, 17.0, -10.0, -19.0, -22.0, -6.0, -4.0, -12.0, -2.0, -10.0, 16.0, -10.0, 7.0, -23.0, -10.0, -11.0, 2.0, 8.0, -8.0, -6.0, -1.0, -18.0, -4.0, -4.0, 4.0, -8.0, -15.0, -5.0, -7.0, -5.0, -13.0, 1.0, -6.0, -3.0, 7.0, -19.0, 13.0, -14.0, -10.0, -13.0, -11.0, 5.0, 2.0, 2.0, 4.0, -14.0, -7.0, 4.0, -7.0, -11.0, -14.0, 4.0, 4.0, -13.0, -22.0, -16.0, -13.0, -3.0, -6.0, -1.0, -1.0, 6.0, 1.0, -5.0, -2.0, 0.0, -13.0, -14.0, -9.0, -9.0, 14.0, -10.0, -3.0, -10.0, 2.0, -10.0, -7.0, -7.0, -10.0, 9.0, -10.0, -17.0, -15.0, 0.0, 9.0, -4.0, -18.0, -6.0, 4.0, -3.0, -7.0, -6.0, -8.0, 8.0, -8.0, 0.0, 13.0, -16.0, -9.0, 0.0, -6.0, -4.0, -5.0, -24.0, -30.0, -10.0, -32.0, -5.0, 10.0, -25.0, -21.0, -5.0, -16.0, -9.0, -10.0, -15.0, 6.0, -4.0, -21.0, 12.0, -9.0, -1.0, 4.0, -4.0, -10.0, -1.0, -1.0, -11.0, -10.0, -6.0, -17.0, -3.0, -5.0, 6.0, -7.0, 2.0, -6.0, -3.0, -7.0, 9.0, -15.0, 0.0, -5.0, 2.0, -11.0, -11.0, -3.0, -9.0, -7.0, -1.0, -9.0, 5.0, -1.0, 0.0, -7.0, -5.0, -28.0, 4.0, -13.0, -3.0, 20.0, -7.0, -20.0, 1.0, -11.0, 1.0, -3.0, -7.0, -16.0, -11.0, 6.0, 8.0, -2.0, 11.0, 9.0, 2.0, 2.0, -18.0, -17.0, -10.0, -10.0, -6.0, 11.0, -8.0, -7.0, 2.0, 6.0, -9.0, -7.0, -3.0, -6.0, -14.0, -21.0, -1.0, -5.0, -14.0, -10.0, -27.0, -13.0, 1.0, 5.0, 0.0, -6.0, 9.0, -5.0, -4.0, -16.0, 1.0, -8.0, 6.0, -2.0, -6.0, -10.0, -1.0, 8.0, -6.0, 7.0, -5.0, 7.0, -1.0, 4.0, 10.0, 3.0, -15.0, 3.0, 4.0, 7.0, -6.0, 4.0, 2.0, -10.0, 0.0, -14.0, 9.0, 1.0, -6.0, -14.0, -6.0, -4.0, -11.0, 11.0, -8.0, 0.0, 5.0, -9.0, 0.0, -9.0, -1.0, 10.0, -10.0, -19.0, -21.0, -7.0, 7.0, 1.0, -10.0, -7.0, -3.0, 1.0, 0.0, 2.0, 8.0, -19.0, -9.0, -7.0, -15.0, -12.0, -5.0, -4.0, -33.0, 5.0, 5.0, -5.0, -16.0, -16.0, -4.0, -10.0, 4.0, -19.0, 5.0, -15.0, -4.0, 1.0, -6.0, -19.0, -23.0, 5.0, 8.0, -20.0, -13.0, 4.0, 6.0, -11.0, -5.0, -3.0, -7.0, -12.0, -3.0, 2.0, -17.0, -17.0, -10.0, -2.0, -17.0, -5.0, -16.0, 24.0, 14.0, -6.0, -18.0, -3.0, -2.0, 0.0, -1.0, 0.0, -16.0, -10.0, 1.0, -10.0, -25.0, -6.0, 2.0, -6.0, -13.0, 2.0, 29.0, 2.0, -4.0, -6.0, -5.0, -6.0, 7.0, -7.0, -6.0, 0.0, -4.0, -23.0, -33.0, 9.0, -10.0, -6.0, 2.0, -4.0, 5.0, -2.0, -6.0, -13.0, -11.0, -20.0, -1.0, 7.0, -14.0, -3.0, 20.0, 4.0, -19.0, 3.0, -20.0, -7.0, -10.0, -9.0, 8.0, 10.0, 4.0, -6.0, -6.0, 9.0, -7.0, 10.0, 7.0, -6.0, -5.0, -8.0, 4.0, -2.0, -35.0, 11.0, -15.0, -5.0, -4.0, -5.0, -2.0, -2.0, -21.0, -9.0, -5.0, -2.0, -11.0, -5.0, 2.0, 4.0, -16.0, -7.0, -16.0, -4.0, -12.0, 18.0, 2.0, -13.0, -10.0, -14.0, -1.0, -23.0, -15.0, -4.0, -5.0, -18.0, -4.0, 6.0, -12.0, -9.0, -4.0, -6.0, -20.0, 13.0, 3.0, -13.0, -6.0, 0.0, 3.0, 14.0, -6.0, -10.0, 2.0, -4.0, -7.0, -18.0, 9.0, -6.0, -27.0]",-54.9285266055146,0.0,0.0,0,0.003192901611328125
44,"[0.65168613, 0.8133029, -0.15345341, -0.7953025, -0.61543494, -0.6419411, -0.9967053, 0.7214864, -0.13965286, 0.110283725, 0.1812566, 0.27707624, -0.62068105, 0.011455449, -0.5340914, -0.091283984, 0.46603847, 0.7052966, -0.45563117, 0.4551534, 0.5122426, 0.49751672, -0.28724065, -0.3224707, -0.41488725, 0.33580709, -0.042410135, -0.19181487, 0.7010662, -0.12901376, -0.94154185, 0.78302765, -0.8279485, 0.011362136, -0.19289611, 0.1584111, -0.9375118, -0.53696823, 0.4664515, -0.60708135, 0.3998318, 0.8768679, 0.576985, 0.42330223, -0.5646531, -0.013606095, 0.5826897, -0.36099818, -0.5889243, -0.40881354, 0.29224548, -0.5245844, -0.6913796, -0.90952104, -0.068771966, 0.5162864, 0.15856208, -0.52372825, 0.75234455, 0.8139095, 0.63292104, -0.73651373, -0.6715677, 0.29317668, -0.10333972, -0.58092856, 0.14245294, 0.7263667, 0.5047136, 0.6927379, -0.950331, 0.96815264, -0.8495485, 0.45924076, -0.31465897, 0.97374177, 0.48947528, 0.44743243, -0.028382288, 0.97466207, 0.4873072, 0.3270642, 0.9274252, -0.7790004, -0.20094334, -0.3684535, 0.36757532, -0.2187318, -0.06900942, 0.4347259, -0.09138325, 0.0031328527, 0.20435093, 0.71866, 0.5317386, -0.80503464, -0.72527885, -0.3852745, -0.83608526, 0.46327642, -0.45343834, -0.52994704, 0.9882698, 0.78183806, -0.99263793, -0.65273136, 0.5288449, 0.92390573, 0.034738287, 0.49381927, -0.9094546, 0.9220588, 0.7160389, -0.76705754, 0.7819109, 0.99519765, 0.3786857, -0.7088663, -0.591662, -0.6729906, -0.017582787, 0.07078157, 0.70325315, -0.7574115, -0.56568503, -0.99638253, 0.4220642, 0.067251645, 0.32355577, 0.03265997, -0.5120602, -0.37454164, -0.4169124, 0.1647057, 0.39025941, 0.15055305, -0.5343514, -0.9731752, -0.30265534, -0.49544847, 0.19704512, 0.54706484, -0.7315718, -0.95054734, 0.2808929, 0.12286083, 0.95073754, -0.5815571, -0.21016344, 0.11326297, 0.34109443, 0.7295928, -0.2631762, -0.09380828, -0.92895687, 0.7136819, -0.61712986, -0.5821661, -0.09864498, 0.55173814, 0.02991353, -0.9569705, -0.94482076, -0.8140087, -0.77477443, -0.42834318, -0.67213666, -0.28766385, -0.06497678, -0.9746568, -0.927229, -0.8310527, 0.87236893, 0.51473325, 0.66861737, -0.89497644, -0.6036489, -0.45679617, -0.067972794, 0.8146296, -0.29356655, -0.01835632, -0.7758722, 0.15633222, 0.15835747, -0.782686, -0.26391914, 0.7756233, 0.5444872, -0.20700985, 0.51722145, -0.03902147, -0.08523314, -0.8513931, 0.89788836, -0.31844884, 0.56983227, 0.6627304, -0.31162012, -0.71721804, -0.63918734, -0.6184146, 0.093329474, 0.5542777, -0.54119956, 0.43707624, 0.8015935, 0.6556783, 0.7711644, 0.1884922, -0.15703504, 0.99733436, 0.13852532, 0.691586, -0.65247196, 0.406116, -0.21909493, -0.87895536, 0.086401254, 0.94253045, 0.77524835, 0.8678341, -0.3587561, 0.04106003, -0.13254212, 0.23089556, 0.4193344, -0.92568415, -0.83177155, 0.42176303, -0.56184334, -0.42061257, 0.09632061, 0.91285545, 0.48232502, 0.5595228, -0.065768465, -0.17340046, -0.33603153, -0.21506597, 0.8632396, 0.0031673554, 0.014782747, 0.58933467, 0.642388, -0.20796858, 0.23018701, -0.20262808, 0.85618544, 0.15656355, -0.34465873, 0.6144842, 0.6360822, 0.1542936, 0.927858, 0.5657141, 0.800487, -0.92721134, 0.013445405, 0.16426477, 0.5382844, -0.063416354, 0.17050833, -0.795112, 0.5956752, 0.4622875, -0.1484265, 0.5089477, -0.008433075, -0.17017221, 0.7319501, -0.020574674, -0.14766464, 0.4290908, 0.22041689, -0.51986134, 0.18898804, 0.9262004, 0.9308169, 0.47932354, 0.5204853, -0.9341661, 0.21238235, 0.2499169, 0.78241223, -0.5103862, 0.17795911, -0.41009808, 0.2792194, 0.32132167, 0.25141227, 0.9628847, -0.08240475, -0.39495215, 0.14985919, -0.7453891, -0.18111125, 0.59442395, -0.21694586, 0.034956295, 0.46304882, 0.26272264, -0.7841098, 0.30217546, -0.41542453, -0.4053684, -0.7352744, 0.41791794, -0.4512139, -0.7342067, -0.989922, -0.3517701, -0.35890654, 0.67739856, -0.7410674, 0.6304871, -0.97692615, 0.993396, -0.124971196, 0.38757226, 0.43959984, 0.5744284, 0.53562295, -0.49036852, -0.2093023, -0.49087584, -0.53994715, 0.408958, -0.49700636, 0.49696952, 0.31541574, -0.8676311, -0.48114324, -0.4529554, 0.19047141, -0.7863092, 0.08084326, 0.5748162, -0.952927, 0.67286456, 0.01405025, -0.38048825, -0.46810853, -0.99779904, 0.7112295, -0.15762717, 0.25521594, 0.71094185, -0.42941397, -0.91310334, -0.21374628, -0.86375606, 0.02436049, -0.87695783, -0.30234602, -0.39010096, 0.03616573, 0.08222303, 0.77801895, -0.72677064, 0.43624577, 0.9838563, -0.22386749, 0.388447, 0.8825403, -0.28076077, -0.65655214, 0.8938868, -0.2632411, 0.37414706, -0.8242573, -0.9406155, 0.35172164, -0.92271227, -0.60596037, -0.0076902667, 0.71873087, -0.6772023, -0.88577235, -0.0330451, 0.3529375, 0.19102316, 0.18520637, -0.3543119, -0.64941806, -0.5678945, -0.50922036, 0.09295506, 0.8843029, 0.75990903, -0.94364, -0.37515044, -0.73733044, 0.074344166, -0.20530863, 0.26864064, -0.08103008, -0.5188704, -0.4054141, -0.5517574, -0.8430924, -0.7402536, 0.4616188, -0.15921165, -0.07827853, 0.08007302, -0.62717676, -0.6884902, -0.03259886, 0.16674367, -0.83918977, -0.42172796, -0.23994702, -0.41039756, -0.16936837, -0.8503565, -0.74443793, -0.9859306, 0.6216651, -0.9826199, -0.42404276, 0.49990994, 0.9992264, -0.33720213, 0.609077, 0.1726001, -0.72158647, -0.23818615, 0.82110804, -0.2183755, -0.58688706, 0.228996, -0.6811846, 0.23328462, 0.059472974, -0.31394118, 0.48535728, -0.2236964, -0.1292445, -0.30830872, 0.22075823, -0.14846973, 0.129928, 0.53811175, 0.56821585, 0.48321554, -0.86026293, 0.20658618, 0.012036039, -0.8121473, 0.6831162, 0.7558047, -0.26394862, -0.6865152, -0.076118, 0.04884803, 0.7166023, 0.85252285, 0.86663765, 0.295468, 0.85239714, 0.20322631, -0.47863576, -0.2718343, -0.2825352, 0.6746502, 0.88977253, -0.30859903, 0.9625893, 0.82591486, -0.32376304, -0.6580999, 0.75912964, -0.23145805, 0.297892, 0.4521577, 0.12093786, -0.9712393, -0.82103544, -0.66603506, -0.4502198, -0.9216556, -0.28223017, -0.0075416057, 0.11770618, -0.17094316, -0.48916832, 0.04570388, -0.028205678, -0.422749, 0.06371086, -0.005724961, -0.39438292, -0.04159243, 0.101425245, 0.7968934, -0.59435153, 0.1440746, -0.12806587, 0.49340048]","[7.0, 0.0, -18.0, -7.0, -2.0, -9.0, 6.0, -12.0, -20.0, -11.0, -2.0, 22.0, 5.0, 0.0, -12.0, -1.0, -4.0, 1.0, -10.0, 0.0, -26.0, 5.0, 0.0, 1.0, -7.0, -14.0, -6.0, -24.0, -5.0, -20.0, -14.0, 7.0, 0.0, 14.0, -2.0, -11.0, -8.0, -12.0, 3.0, 1.0, 3.0, 14.0, -8.0, -6.0, -16.0, 11.0, -6.0, -9.0, 1.0, -5.0, -5.0, -3.0, 6.0, 3.0, -17.0, -11.0, -9.0, 13.0, 5.0, 4.0, -11.0, 2.0, -18.0, 5.0, -5.0, -1.0, -3.0, -8.0, 1.0, -2.0, -21.0, 17.0, -10.0, -19.0, -22.0, -6.0, -4.0, -12.0, -2.0, -10.0, 16.0, -10.0, 7.0, -23.0, -10.0, -11.0, 2.0, 8.0, -8.0, -6.0, -1.0, -18.0, -4.0, -4.0, 4.0, -8.0, -15.0, -5.0, -7.0, -5.0, -13.0, 1.0, -6.0, -3.0, 7.0, -19.0, 13.0, -14.0, -10.0, -13.0, -11.0, 5.0, 2.0, 2.0, 4.0, -14.0, -7.0, 4.0, -7.0, -11.0, -14.0, 4.0, 4.0, -13.0, -22.0, -16.0, -13.0, -3.0, -6.0, -1.0, -1.0, 6.0, 1.0, -5.0, -2.0, 0.0, -13.0, -14.0, -9.0, -9.0, 14.0, -10.0, -3.0, -10.0, 2.0, -10.0, -7.0, -7.0, -10.0, 9.0, -10.0, -17.0, -15.0, 0.0, 9.0, -4.0, -18.0, -6.0, 4.0, -3.0, -7.0, -6.0, -8.0, 8.0, -8.0, 0.0, 13.0, -16.0, -9.0, 0.0, -6.0, -4.0, -5.0, -24.0, -30.0, -10.0, -32.0, -5.0, 10.0, -25.0, -21.0, -5.0, -16.0, -9.0, -10.0, -15.0, 6.0, -4.0, -21.0, 12.0, -9.0, -1.0, 4.0, -4.0, -10.0, -1.0, -1.0, -11.0, -10.0, -6.0, -17.0, -3.0, -5.0, 6.0, -7.0, 2.0, -6.0, -3.0, -7.0, 9.0, -15.0, 0.0, -5.0, 2.0, -11.0, -11.0, -3.0, -9.0, -7.0, -1.0, -9.0, 5.0, -1.0, 0.0, -7.0, -5.0, -28.0, 4.0, -13.0, -3.0, 20.0, -7.0, -20.0, 1.0, -11.0, 1.0, -3.0, -7.0, -16.0, -11.0, 6.0, 8.0, -2.0, 11.0, 9.0, 2.0, 2.0, -18.0, -17.0, -10.0, -10.0, -6.0, 11.0, -8.0, -7.0, 2.0, 6.0, -9.0, -7.0, -3.0, -6.0, -14.0, -21.0, -1.0, -5.0, -14.0, -10.0, -27.0, -13.0, 1.0, 5.0, 0.0, -6.0, 9.0, -5.0, -4.0, -16.0, 1.0, -8.0, 6.0, -2.0, -6.0, -10.0, -1.0, 8.0, -6.0, 7.0, -5.0, 7.0, -1.0, 4.0, 10.0, 3.0, -15.0, 3.0, 4.0, 7.0, -6.0, 4.0, 2.0, -10.0, 0.0, -14.0, 9.0, 1.0, -6.0, -14.0, -6.0, -4.0, -11.0, 11.0, -8.0, 0.0, 5.0, -9.0, 0.0, -9.0, -1.0, 10.0, -10.0, -19.0, -21.0, -7.0, 7.0, 1.0, -10.0, -7.0, -3.0, 1.0, 0.0, 2.0, 8.0, -19.0, -9.0, -7.0, -15.0, -12.0, -5.0, -4.0, -33.0, 5.0, 5.0, -5.0, -16.0, -16.0, -4.0, -10.0, 4.0, -19.0, 5.0, -15.0, -4.0, 1.0, -6.0, -19.0, -23.0, 5.0, 8.0, -20.0, -13.0, 4.0, 6.0, -11.0, -5.0, -3.0, -7.0, -12.0, -3.0, 2.0, -17.0, -17.0, -10.0, -2.0, -17.0, -5.0, -16.0, 24.0, 14.0, -6.0, -18.0, -3.0, -2.0, 0.0, -1.0, 0.0, -16.0, -10.0, 1.0, -10.0, -25.0, -6.0, 2.0, -6.0, -13.0, 2.0, 29.0, 2.0, -4.0, -6.0, -5.0, -6.0, 7.0, -7.0, -6.0, 0.0, -4.0, -23.0, -33.0, 9.0, -10.0, -6.0, 2.0, -4.0, 5.0, -2.0, -6.0, -13.0, -11.0, -20.0, -1.0, 7.0, -14.0, -3.0, 20.0, 4.0, -19.0, 3.0, -20.0, -7.0, -10.0, -9.0, 8.0, 10.0, 4.0, -6.0, -6.0, 9.0, -7.0, 10.0, 7.0, -6.0, -5.0, -8.0, 4.0, -2.0, -35.0, 11.0, -15.0, -5.0, -4.0, -5.0, -2.0, -2.0, -21.0, -9.0, -5.0, -2.0, -11.0, -5.0, 2.0, 4.0, -16.0, -7.0, -16.0, -4.0, -12.0, 18.0, 2.0, -13.0, -10.0, -14.0, -1.0, -23.0, -15.0, -4.0, -5.0, -18.0, -4.0, 6.0, -12.0, -9.0, -4.0, -6.0, -20.0, 13.0, 3.0, -13.0, -6.0, 0.0, 3.0, 14.0, -6.0, -10.0, 2.0, -4.0, -7.0, -18.0, 9.0, -6.0, -27.0]",-54.9285266055146,0.0,0.0,0,0.003187894821166992
45,"[-0.66889364, -0.1301282, 0.26299822, -0.22919376, -0.28480095, -0.998002, 0.6085869, 0.7786752, 0.93892705, 0.43854278, 0.09758463, -0.46143097, 0.99859893, 0.1795057, 0.36230814, 0.3648123, 0.6905036, -0.9806549, -0.5595061, 0.331068, 0.7902915, 0.37067756, -0.17301741, -0.276889, 0.47589603, 0.4824754, 0.21411599, -0.41706595, 0.8503096, 0.103759885, 0.5809847, -0.5713835, -0.31191844, 0.74915904, -0.89978594, 0.024630623, -0.03658904, 0.50246036, -0.43621245, -0.56186634, 0.85226566, 0.14341931, -0.79062086, -0.61392766, 0.9976521, -0.608782, 0.22095102, -0.15974385, 0.7711982, 0.5103372, 0.19390279, -0.97852206, 0.7595904, -0.11066506, 0.8631553, -0.008921974, 0.38844898, -0.86141473, 0.4903033, -0.32400793, -0.29728198, -0.76268834, -0.7062857, -0.62848186, -0.34358767, 0.78393984, -0.26347953, 0.4487254, -0.834505, 0.1821976, -0.036217537, 0.95591587, 0.69241554, -0.09034046, 0.5502855, -0.61392254, 0.12467265, -0.8507619, -0.30382192, -0.54827565, 0.43781963, -0.019818617, 0.50214094, 0.030590875, -0.82703114, 0.4707353, 0.66645855, 0.80706245, 0.14398389, 0.50717074, 0.5040887, -0.68850046, -0.6715586, -0.858229, -0.36017272, -0.052982826, 0.9957957, -0.13801332, 0.45248517, 0.38679406, -0.5910361, -0.8829857, 0.0920135, 0.4006112, 0.9965036, -0.2827779, 0.79272914, -0.2361351, 0.37882343, 0.19650586, -0.89404243, -0.84322315, -0.95847183, -0.25833184, 0.4916021, -0.6544892, 0.21170594, -0.42234445, 0.59398526, 0.5967923, 0.55082905, 0.049667027, -0.43086657, 0.6188881, -0.62779886, -0.4204808, -0.6321046, 0.34842032, 0.37247205, 0.30501997, -0.16879706, -0.799658, 0.8223392, 0.015461928, -0.18605562, 0.17764978, -0.6144191, -0.73490244, -0.18894956, -0.54555863, -0.5114194, 0.785023, 0.061518356, -0.033061873, 0.37895918, 0.9030962, -0.7756029, 0.66706914, 0.16803835, -0.7076693, -0.40570137, -0.035277165, 0.3823543, -0.51478595, 0.06975763, 0.36934325, -0.1025185, 0.7260519, 0.7389182, -0.058617566, 0.94585145, -0.8488298, -0.9932752, -0.23866348, 0.20219412, 0.25840032, -0.047108527, -0.75023335, -0.6590049, 0.704296, 0.73582226, 0.34779707, 0.32843596, 0.19536425, -0.5941482, -0.1434986, 0.39178932, 0.07450455, -0.9628393, 0.9071136, 0.6896321, -0.47890997, 0.23291788, 0.84647876, -0.807978, 0.0060589616, -0.087513946, -0.17958999, 0.6711772, -0.2387077, -0.87267333, -0.8683245, -0.9145108, -0.18170916, 0.43681255, -0.5925551, 0.29293704, 0.37417695, -0.48959574, 0.20111531, 0.36973667, -0.06677275, -0.32656682, 0.23830311, 0.9556942, -0.14631718, -0.2165298, -0.07146619, -0.8475632, 0.10632656, -0.34260523, -0.7571558, -0.06748652, -0.993232, -0.1964295, -0.78852946, -0.9514146, 0.6489501, 0.8324976, -0.5846507, 0.078596525, -0.4440837, -0.012845122, -0.12673736, -0.46189788, 0.40078714, -0.7470181, -0.89385444, 0.53535086, 0.33186007, -0.0029477517, -0.06442046, -0.005177241, -0.12595184, -0.21421541, -0.00061879423, 0.057030343, 0.38380462, 0.42241433, -0.24474184, -0.17291896, -0.25260565, 0.07307155, -0.09329292, 0.7791929, 0.39272255, 0.7973128, 0.418274, 0.9419843, 0.27147356, 0.9271003, -0.6836602, -0.8950446, 0.15825038, 0.9669864, -0.16478951, -0.57591325, 0.043082897, 0.29759726, -0.36964262, 0.42953873, 0.950229, 0.79392624, -0.41682926, -0.34655264, -0.25691754, -0.21089445, -0.799361, 0.52392566, -0.26932147, 0.75964, 0.85388124, -0.95113736, 0.97700614, 0.42004547, 0.040784452, -0.22094478, 0.037036266, -0.35075057, 0.24537563, -0.81403947, 0.24224521, -0.4493103, -0.9647303, 0.10541153, 0.15689552, -0.14686199, -0.85542756, 0.7866859, 0.22286162, -0.7685734, 0.021861153, -0.005491368, -0.8791963, 0.21371941, 0.6166528, 0.49801612, -0.5940612, 0.72458506, -0.31491566, 0.89301676, -0.8565041, -0.027582623, 0.19424875, -0.5046998, 0.5427604, 0.25379136, -0.9637811, 0.21673718, -0.017043531, -0.60794157, 0.99149644, 0.7943244, -0.4149846, 0.08214184, -0.36699572, 0.5509915, 0.8606629, -0.2823428, 0.6111685, -0.0031849146, -0.20684288, 0.8768437, 0.020809377, -0.065179, 0.3448688, -0.4775316, -0.35041425, 0.8640917, 0.3570597, 0.6532743, -0.4577765, 0.08758038, 0.94279253, -0.3625922, -0.67904705, 0.021772016, -0.22435783, -0.68084556, 0.77710277, 0.9814478, 0.13716435, 0.54935354, 0.71807677, 0.401964, -0.9116879, -0.68473154, -0.8580216, -0.98024076, -0.3880072, -0.21528807, -0.5179405, -0.8707907, 0.059726182, -0.45336136, 0.59207433, -0.98389477, 0.6850541, 0.90950733, 0.43227014, 0.46728814, 0.8671246, -0.58185744, 0.98913115, 0.5469624, 0.45314142, -0.27781883, 0.09155497, 0.30783558, 0.24068572, 0.40996927, -0.83523655, -0.28870314, -0.13199997, -0.4787414, -0.65474546, -0.722145, -0.26723322, -0.013116599, -0.8740471, 0.8929162, 0.53048664, 0.46170354, -0.65427893, 0.20760153, 0.059449892, 0.9649377, 0.49534354, 0.15152377, 0.70162535, -0.68981147, -0.96956694, 0.38046667, -0.8033771, -0.76913273, 0.48936146, -0.4589303, 0.25726244, 0.83481383, -0.36705095, -0.5657117, -0.78687423, -0.7390753, -0.8755546, -0.82471526, -0.13599083, -0.3582699, 0.41312164, 0.74048334, 0.5695464, 0.061274514, -0.79511577, 0.41953456, -0.27434254, -0.82869923, 0.6849328, -0.32356697, -0.5635023, 0.7429041, 0.80426776, -0.32205832, -0.29039717, 0.15925705, 0.46688297, -0.8737016, 0.18668732, 0.9056401, -0.4758122, 0.81765443, 0.9003367, -0.46169272, 0.5084037, -0.52245, 0.47522232, 0.59483993, -0.5055886, 0.4317391, 0.6242091, -0.28284225, -0.6645945, -0.81607085, 0.1507634, 0.95619625, 0.64590067, -0.12832072, 0.07324181, -0.44094422, -0.67386824, -0.035837684, -0.07299687, 0.043859906, 0.9056092, 0.2077906, 0.21154368, -0.7439505, 0.99297774, 0.5456899, 0.7544067, -0.17139918, 0.0042561917, 0.04416762, -0.6118109, 0.3789783, 0.80595344, -0.67258835, -0.82736343, 0.4764378, -0.45359632, 0.24772508, 0.3915167, -0.35617846, 0.6302892, 0.09997796, 0.73799884, 0.5265871, 0.73715127, -0.9596772, -0.5129875, -0.81998414, -0.11583397, 0.7799202, -0.06491948, 0.6994261, -0.34564352, -0.32085985, 0.79112345, -0.1483657, 0.57953095, -0.5267129, 0.89760166, 0.1491565, 0.51864713, -0.8209686, -0.014671548, 0.802077, 0.75407726, -0.9063721, -0.39260307, -0.11335999, -0.6554704]","[7.0, 0.0, -18.0, -7.0, -2.0, -9.0, 6.0, -12.0, -20.0, -11.0, -2.0, 22.0, 5.0, 0.0, -12.0, -1.0, -4.0, 1.0, -10.0, 0.0, -26.0, 5.0, 0.0, 1.0, -7.0, -14.0, -6.0, -24.0, -5.0, -20.0, -14.0, 7.0, 0.0, 14.0, -2.0, -11.0, -8.0, -12.0, 3.0, 1.0, 3.0, 14.0, -8.0, -6.0, -16.0, 11.0, -6.0, -9.0, 1.0, -5.0, -5.0, -3.0, 6.0, 3.0, -17.0, -11.0, -9.0, 13.0, 5.0, 4.0, -11.0, 2.0, -18.0, 5.0, -5.0, -1.0, -3.0, -8.0, 1.0, -2.0, -21.0, 17.0, -10.0, -19.0, -22.0, -6.0, -4.0, -12.0, -2.0, -10.0, 16.0, -10.0, 7.0, -23.0, -10.0, -11.0, 2.0, 8.0, -8.0, -6.0, -1.0, -18.0, -4.0, -4.0, 4.0, -8.0, -15.0, -5.0, -7.0, -5.0, -13.0, 1.0, -6.0, -3.0, 7.0, -19.0, 13.0, -14.0, -10.0, -13.0, -11.0, 5.0, 2.0, 2.0, 4.0, -14.0, -7.0, 4.0, -7.0, -11.0, -14.0, 4.0, 4.0, -13.0, -22.0, -16.0, -13.0, -3.0, -6.0, -1.0, -1.0, 6.0, 1.0, -5.0, -2.0, 0.0, -13.0, -14.0, -9.0, -9.0, 14.0, -10.0, -3.0, -10.0, 2.0, -10.0, -7.0, -7.0, -10.0, 9.0, -10.0, -17.0, -15.0, 0.0, 9.0, -4.0, -18.0, -6.0, 4.0, -3.0, -7.0, -6.0, -8.0, 8.0, -8.0, 0.0, 13.0, -16.0, -9.0, 0.0, -6.0, -4.0, -5.0, -24.0, -30.0, -10.0, -32.0, -5.0, 10.0, -25.0, -21.0, -5.0, -16.0, -9.0, -10.0, -15.0, 6.0, -4.0, -21.0, 12.0, -9.0, -1.0, 4.0, -4.0, -10.0, -1.0, -1.0, -11.0, -10.0, -6.0, -17.0, -3.0, -5.0, 6.0, -7.0, 2.0, -6.0, -3.0, -7.0, 9.0, -15.0, 0.0, -5.0, 2.0, -11.0, -11.0, -3.0, -9.0, -7.0, -1.0, -9.0, 5.0, -1.0, 0.0, -7.0, -5.0, -28.0, 4.0, -13.0, -3.0, 20.0, -7.0, -20.0, 1.0, -11.0, 1.0, -3.0, -7.0, -16.0, -11.0, 6.0, 8.0, -2.0, 11.0, 9.0, 2.0, 2.0, -18.0, -17.0, -10.0, -10.0, -6.0, 11.0, -8.0, -7.0, 2.0, 6.0, -9.0, -7.0, -3.0, -6.0, -14.0, -21.0, -1.0, -5.0, -14.0, -10.0, -27.0, -13.0, 1.0, 5.0, 0.0, -6.0, 9.0, -5.0, -4.0, -16.0, 1.0, -8.0, 6.0, -2.0, -6.0, -10.0, -1.0, 8.0, -6.0, 7.0, -5.0, 7.0, -1.0, 4.0, 10.0, 3.0, -15.0, 3.0, 4.0, 7.0, -6.0, 4.0, 2.0, -10.0, 0.0, -14.0, 9.0, 1.0, -6.0, -14.0, -6.0, -4.0, -11.0, 11.0, -8.0, 0.0, 5.0, -9.0, 0.0, -9.0, -1.0, 10.0, -10.0, -19.0, -21.0, -7.0, 7.0, 1.0, -10.0, -7.0, -3.0, 1.0, 0.0, 2.0, 8.0, -19.0, -9.0, -7.0, -15.0, -12.0, -5.0, -4.0, -33.0, 5.0, 5.0, -5.0, -16.0, -16.0, -4.0, -10.0, 4.0, -19.0, 5.0, -15.0, -4.0, 1.0, -6.0, -19.0, -23.0, 5.0, 8.0, -20.0, -13.0, 4.0, 6.0, -11.0, -5.0, -3.0, -7.0, -12.0, -3.0, 2.0, -17.0, -17.0, -10.0, -2.0, -17.0, -5.0, -16.0, 24.0, 14.0, -6.0, -18.0, -3.0, -2.0, 0.0, -1.0, 0.0, -16.0, -10.0, 1.0, -10.0, -25.0, -6.0, 2.0, -6.0, -13.0, 2.0, 29.0, 2.0, -4.0, -6.0, -5.0, -6.0, 7.0, -7.0, -6.0, 0.0, -4.0, -23.0, -33.0, 9.0, -10.0, -6.0, 2.0, -4.0, 5.0, -2.0, -6.0, -13.0, -11.0, -20.0, -1.0, 7.0, -14.0, -3.0, 20.0, 4.0, -19.0, 3.0, -20.0, -7.0, -10.0, -9.0, 8.0, 10.0, 4.0, -6.0, -6.0, 9.0, -7.0, 10.0, 7.0, -6.0, -5.0, -8.0, 4.0, -2.0, -35.0, 11.0, -15.0, -5.0, -4.0, -5.0, -2.0, -2.0, -21.0, -9.0, -5.0, -2.0, -11.0, -5.0, 2.0, 4.0, -16.0, -7.0, -16.0, -4.0, -12.0, 18.0, 2.0, -13.0, -10.0, -14.0, -1.0, -23.0, -15.0, -4.0, -5.0, -18.0, -4.0, 6.0, -12.0, -9.0, -4.0, -6.0, -20.0, 13.0, 3.0, -13.0, -6.0, 0.0, 3.0, 14.0, -6.0, -10.0, 2.0, -4.0, -7.0, -18.0, 9.0, -6.0, -27.0]",-54.9285266055146,0.0,0.0,0,0.003195047378540039
46,"[0.56582177, 0.9826257, -0.9878076, -0.043184783, -0.5722574, 0.8997993, 0.94871855, -0.055496164, 0.018851148, -0.6073247, -0.9395715, -0.97030467, -0.8980761, -0.9402548, 0.09097631, -0.46763206, 0.4158023, 0.07917418, -0.6601146, 0.4156225, -0.010593265, -0.5514333, -0.33139178, 0.9558114, 0.5603166, 0.84447354, -0.68064535, -0.7005378, -0.068891, -0.16693303, -0.22152725, 0.57697344, 0.6165203, -0.55098623, -0.8671135, 0.44005385, -0.96274143, 0.2135246, 0.21275304, 0.46886408, -0.8511358, -0.3057936, 0.8624433, -0.36603102, 0.82521003, -0.944831, -0.56036305, 0.46856868, -0.13682318, -0.23586355, 0.02239975, 0.6433195, -0.8551246, 0.19531788, -0.4938407, -0.49255654, 0.8624366, 0.96220577, 0.5889638, -0.25427973, 0.12367995, -0.09118081, 0.67981404, 0.91128165, -0.515389, -0.06874526, -0.3958479, 0.83707577, -0.36327067, -0.59416795, 0.44986358, 0.17193092, 0.76888585, -0.4646925, 0.5601906, 0.8421137, -0.18337016, -0.74387616, 0.6321759, 0.63463223, -0.81244236, 0.4216651, 0.31743702, 0.6528314, -0.5051688, -0.6477604, -0.40506718, -0.82797, 0.272585, 0.93767065, 0.6953424, -0.8638923, 0.77604276, 0.40291014, 0.57785225, 0.42010155, -0.46106732, 0.5094735, 0.8327409, 0.08980745, 0.14963156, -0.6586568, -0.29740074, -0.23186003, -0.7820508, -0.12518705, 0.49554425, 0.56163263, 0.65195197, 0.3178766, 0.29656458, -0.7356042, 0.59260464, -0.17614067, -0.69994056, -0.3534612, -0.13931824, -0.8179917, 0.033840366, 0.25566718, -0.021710997, -0.125989, -0.991863, 0.07072617, -0.7100149, -0.7653292, -0.25305185, 0.8165486, 0.30172575, 0.5117026, 0.07918341, -0.9520619, 0.35215074, -0.8124131, -0.01705702, -0.90729964, 0.5548374, -0.91491497, -0.8208574, -0.43132102, 0.16831248, -0.89658165, 0.39415842, -0.93250453, 0.50533074, 0.62107825, 0.72421134, 0.5872715, 0.2798085, 0.994528, 0.20917337, 0.56795347, 0.24222906, 0.1197896, -0.4533792, -0.6456182, -0.79119235, 0.97537005, -0.8022651, -0.98286647, -0.66042525, -0.7775927, 0.92407244, 0.44963503, -0.8102997, -0.14458032, 0.08312982, 0.5321444, 0.03859406, 0.0768904, 0.35094893, -0.21960756, 0.30228123, 0.4376171, -0.8106744, -0.46576414, -0.3634833, -0.6136278, -0.09299992, -0.3371673, -0.35394242, -0.69098383, 0.14552984, -0.7843819, 0.6705272, -0.77376807, 0.74425495, 0.9172723, 0.014793619, 0.8040954, 0.38622737, 0.8022986, 0.6981364, 0.7204381, -0.5923432, -0.62029195, 0.948413, -0.5520833, -0.06520917, -0.7416311, 0.7465218, 0.35467827, -0.046538025, 0.07904213, 0.7174594, -0.14477293, -0.09571358, 0.25059944, -0.77185017, -0.3721351, -0.586915, 0.75421697, 0.17627923, 0.5461924, -0.32905328, 0.08893345, 0.04670713, -0.22482665, 0.009331484, -0.6248727, 0.21461657, -0.9755625, -0.060775287, -0.45833284, -0.36632276, 0.6420271, -0.17658639, -0.76435256, 0.026400363, -0.4047945, 0.61420816, 0.69344187, -0.13976146, 0.25049272, -0.05532725, -0.21449076, -0.18232119, -0.0145257525, 0.58050525, -0.6638968, 0.22505091, 0.8840375, 0.6352109, -0.36412683, 0.04849972, 0.18564051, 0.3542587, -0.49604332, -0.16909836, 0.36654577, -0.77214104, 0.14196458, -0.7112943, 0.8311389, -0.014149307, -0.9232724, 0.012605062, -0.09672242, -0.13897496, 0.0018032747, 0.5732258, 0.2632458, 0.44384733, -0.20885831, 0.68367, 0.8574315, -0.5940517, 0.051496003, 0.7054457, -0.6999886, -0.5678405, -0.7436619, 0.088924974, 0.2397125, -0.6390234, 0.12828912, 0.32487598, -0.7564133, -0.08398631, -0.9731886, 0.60338086, -0.50202376, 0.19931011, 0.10305349, 0.6406552, -0.76863635, 0.6523951, 0.7581967, 0.009670648, 0.730001, -0.061868574, -0.86638135, -0.9562966, -0.3949979, -0.60067415, 0.82505435, 0.2504616, 0.6287351, 0.36868316, -0.09336626, 0.9758016, 0.81297904, 0.6092776, 0.7498643, -0.05617024, -0.21307081, 0.35743487, 0.29642594, 0.1758563, 0.0021395476, -0.71864396, 0.2326239, 0.27255926, 0.47084445, -0.39967135, 0.7277497, -0.44760376, 0.675825, -0.52580774, 0.8124725, -0.23044899, 0.54203355, -0.36550874, 0.2782658, 0.8748293, -0.41948915, -0.040254258, 0.86464703, 0.40314808, -0.577358, 0.055643886, 0.70050585, 0.90182495, -0.16873123, -0.67602164, -0.8553953, -0.62791365, -0.7249259, 0.24007714, -0.32007015, -0.065334305, 0.19159898, -0.9834895, -0.034814395, -0.40673864, 0.5740313, 0.20771141, -0.9014391, -0.5277324, -0.43530792, -0.9880825, -0.17301497, 0.8437239, 0.15577324, 0.086874716, 0.5857269, -0.96447855, 0.4665615, -0.4536888, 0.22869672, 0.5138664, 0.5941017, -0.08686617, 0.637012, 0.6950556, 0.71246105, 0.3750978, -0.52028245, -0.83997345, 0.11174283, 0.51448405, -0.30832016, 0.21051975, 0.6115631, -0.58310443, 0.60720414, 0.7548781, 0.045493, -0.9918481, -0.3949464, 0.3719127, -0.06507156, -0.9328419, -0.18315582, 0.13765496, -0.55097425, -0.39639646, 0.4711376, 0.8128263, -0.37948605, 0.84972894, -0.05146617, -0.26302192, 0.93031615, 0.08493093, 0.5298324, -0.16340701, 0.5034842, 0.25332594, -0.78581095, 0.63556725, 0.88135517, -0.48617578, 0.9553777, 0.85230476, 0.03951828, -0.8562447, -0.07323217, 0.037752114, -0.65435284, 0.046962697, -0.14656581, 0.7511244, 0.019143825, 0.32287577, -0.78379303, 0.45082468, -0.5933577, 0.93621516, -0.2745076, -0.18165588, 0.31374213, 0.21158114, -0.54421926, 0.94192576, 0.6277833, 0.32354045, -0.57672846, 0.8574896, 0.19353995, -0.08077135, 0.1280019, -0.3342142, -0.8673457, -0.48764196, 0.40721288, -0.18537846, 0.32573336, 0.47550958, 0.77042407, 0.41440856, -0.088371426, -0.69258976, 0.116593346, -0.5326053, 0.14201248, 0.60023123, -0.25540403, -0.59028745, -0.36171907, 0.872887, -0.27691936, 0.63000554, 0.46269763, 0.3564666, -0.9930626, -0.3831004, 0.8645154, 0.79420626, -0.43004146, 0.69691247, 0.16036889, 0.6134585, -0.843045, -0.28057516, -0.72147, 0.7067057, 0.44318482, 0.10759771, 0.8284467, 0.58539116, -0.82504535, -0.66890025, -0.065962106, 0.5320668, -0.47294587, 0.7123262, -0.011566979, 0.53383887, 0.70600677, 0.37869817, 0.11972876, 0.4868457, 0.37422758, -0.19611222, -0.549789, 0.7533114, -0.7736827, 0.31013796, -0.829194, 0.14137371, -0.22629371, 0.7310318, -0.3909278, -0.5156441, -0.10319829, 0.48648506, 0.30492243, 0.60259527, 0.7614417]","[7.0, 0.0, -18.0, -7.0, -2.0, -9.0, 6.0, -12.0, -20.0, -11.0, -2.0, 22.0, 5.0, 0.0, -12.0, -1.0, -4.0, 1.0, -10.0, 0.0, -26.0, 5.0, 0.0, 1.0, -7.0, -14.0, -6.0, -24.0, -5.0, -20.0, -14.0, 7.0, 0.0, 14.0, -2.0, -11.0, -8.0, -12.0, 3.0, 1.0, 3.0, 14.0, -8.0, -6.0, -16.0, 11.0, -6.0, -9.0, 1.0, -5.0, -5.0, -3.0, 6.0, 3.0, -17.0, -11.0, -9.0, 13.0, 5.0, 4.0, -11.0, 2.0, -18.0, 5.0, -5.0, -1.0, -3.0, -8.0, 1.0, -2.0, -21.0, 17.0, -10.0, -19.0, -22.0, -6.0, -4.0, -12.0, -2.0, -10.0, 16.0, -10.0, 7.0, -23.0, -10.0, -11.0, 2.0, 8.0, -8.0, -6.0, -1.0, -18.0, -4.0, -4.0, 4.0, -8.0, -15.0, -5.0, -7.0, -5.0, -13.0, 1.0, -6.0, -3.0, 7.0, -19.0, 13.0, -14.0, -10.0, -13.0, -11.0, 5.0, 2.0, 2.0, 4.0, -14.0, -7.0, 4.0, -7.0, -11.0, -14.0, 4.0, 4.0, -13.0, -22.0, -16.0, -13.0, -3.0, -6.0, -1.0, -1.0, 6.0, 1.0, -5.0, -2.0, 0.0, -13.0, -14.0, -9.0, -9.0, 14.0, -10.0, -3.0, -10.0, 2.0, -10.0, -7.0, -7.0, -10.0, 9.0, -10.0, -17.0, -15.0, 0.0, 9.0, -4.0, -18.0, -6.0, 4.0, -3.0, -7.0, -6.0, -8.0, 8.0, -8.0, 0.0, 13.0, -16.0, -9.0, 0.0, -6.0, -4.0, -5.0, -24.0, -30.0, -10.0, -32.0, -5.0, 10.0, -25.0, -21.0, -5.0, -16.0, -9.0, -10.0, -15.0, 6.0, -4.0, -21.0, 12.0, -9.0, -1.0, 4.0, -4.0, -10.0, -1.0, -1.0, -11.0, -10.0, -6.0, -17.0, -3.0, -5.0, 6.0, -7.0, 2.0, -6.0, -3.0, -7.0, 9.0, -15.0, 0.0, -5.0, 2.0, -11.0, -11.0, -3.0, -9.0, -7.0, -1.0, -9.0, 5.0, -1.0, 0.0, -7.0, -5.0, -28.0, 4.0, -13.0, -3.0, 20.0, -7.0, -20.0, 1.0, -11.0, 1.0, -3.0, -7.0, -16.0, -11.0, 6.0, 8.0, -2.0, 11.0, 9.0, 2.0, 2.0, -18.0, -17.0, -10.0, -10.0, -6.0, 11.0, -8.0, -7.0, 2.0, 6.0, -9.0, -7.0, -3.0, -6.0, -14.0, -21.0, -1.0, -5.0, -14.0, -10.0, -27.0, -13.0, 1.0, 5.0, 0.0, -6.0, 9.0, -5.0, -4.0, -16.0, 1.0, -8.0, 6.0, -2.0, -6.0, -10.0, -1.0, 8.0, -6.0, 7.0, -5.0, 7.0, -1.0, 4.0, 10.0, 3.0, -15.0, 3.0, 4.0, 7.0, -6.0, 4.0, 2.0, -10.0, 0.0, -14.0, 9.0, 1.0, -6.0, -14.0, -6.0, -4.0, -11.0, 11.0, -8.0, 0.0, 5.0, -9.0, 0.0, -9.0, -1.0, 10.0, -10.0, -19.0, -21.0, -7.0, 7.0, 1.0, -10.0, -7.0, -3.0, 1.0, 0.0, 2.0, 8.0, -19.0, -9.0, -7.0, -15.0, -12.0, -5.0, -4.0, -33.0, 5.0, 5.0, -5.0, -16.0, -16.0, -4.0, -10.0, 4.0, -19.0, 5.0, -15.0, -4.0, 1.0, -6.0, -19.0, -23.0, 5.0, 8.0, -20.0, -13.0, 4.0, 6.0, -11.0, -5.0, -3.0, -7.0, -12.0, -3.0, 2.0, -17.0, -17.0, -10.0, -2.0, -17.0, -5.0, -16.0, 24.0, 14.0, -6.0, -18.0, -3.0, -2.0, 0.0, -1.0, 0.0, -16.0, -10.0, 1.0, -10.0, -25.0, -6.0, 2.0, -6.0, -13.0, 2.0, 29.0, 2.0, -4.0, -6.0, -5.0, -6.0, 7.0, -7.0, -6.0, 0.0, -4.0, -23.0, -33.0, 9.0, -10.0, -6.0, 2.0, -4.0, 5.0, -2.0, -6.0, -13.0, -11.0, -20.0, -1.0, 7.0, -14.0, -3.0, 20.0, 4.0, -19.0, 3.0, -20.0, -7.0, -10.0, -9.0, 8.0, 10.0, 4.0, -6.0, -6.0, 9.0, -7.0, 10.0, 7.0, -6.0, -5.0, -8.0, 4.0, -2.0, -35.0, 11.0, -15.0, -5.0, -4.0, -5.0, -2.0, -2.0, -21.0, -9.0, -5.0, -2.0, -11.0, -5.0, 2.0, 4.0, -16.0, -7.0, -16.0, -4.0, -12.0, 18.0, 2.0, -13.0, -10.0, -14.0, -1.0, -23.0, -15.0, -4.0, -5.0, -18.0, -4.0, 6.0, -12.0, -9.0, -4.0, -6.0, -20.0, 13.0, 3.0, -13.0, -6.0, 0.0, 3.0, 14.0, -6.0, -10.0, 2.0, -4.0, -7.0, -18.0, 9.0, -6.0, -27.0]",-54.9285266055146,0.0,0.0,0,0.003156900405883789
47,"[0.17923638, -0.21081692, -0.7344488, -0.41437936, 0.12350968, 0.6927669, -0.5120273, -0.76791066, -0.18888468, 0.75351024, -0.78438914, 0.51783246, -0.20445216, -0.23869197, 0.8483478, -0.8994715, -0.42465764, -0.2170673, 0.9911143, 0.9531493, -0.9919291, -0.9769801, 0.12284464, -0.6934825, 0.8084649, -0.024890175, 0.8184877, 0.40707406, -0.24437867, -0.5686515, 0.94746065, 0.8164869, 0.30336124, -0.42323944, 0.09903978, -0.72056556, 0.59944844, -0.8537254, -0.5119423, -0.3411466, -0.8097291, -0.9593591, -0.583525, 0.4296558, -0.9244787, 0.27787217, 0.673785, 0.23401955, 0.21097209, 0.1451936, 0.03487623, -0.1414385, -0.24155499, -0.58457303, 0.33232224, -0.6509764, 0.8847754, -0.3839331, -0.8387095, 0.28887957, -0.7873324, 0.8704214, -0.5846809, 0.4197405, -0.6499917, 0.64031816, 0.5395944, -0.6785593, 0.64130914, 0.8218452, -0.94018143, 0.82432824, -0.7582661, 0.61909705, -0.40008092, 0.43241122, -0.8127175, -0.70699155, 0.16982158, -0.6508063, 0.22669894, 0.41808516, -0.5238096, -0.25910348, 0.4932125, 0.36130038, -0.9197527, -0.56264806, 0.9504359, -0.6979189, 0.578563, -0.14733101, -0.48147818, -0.058734268, 0.39349043, 0.8449727, -0.74066246, -0.5847184, -0.73155093, -0.5284714, 0.23753174, -0.61118895, 0.71803784, -0.27105135, -0.57339054, 0.634074, -0.47737223, 0.6977039, -0.1282351, -0.6573957, -0.40333584, -0.7015933, 0.16465254, -0.46755925, -0.5149628, -0.9022163, -0.64958483, 0.27243996, 0.7191063, -0.3778316, 0.8147131, -0.50491554, -0.33932287, -0.8629223, 0.74596006, 0.391165, -0.28418425, 0.7168354, -0.6834072, -0.18471594, -0.90023685, -0.62754697, 0.414145, 0.083170764, -0.50535005, 0.7370718, 0.35086545, 0.4147618, -0.5459226, -0.7560965, 0.92286676, 0.6047937, -0.32309914, -0.25002843, 0.15073106, -0.13937923, 0.51403236, -0.8323223, 0.922988, -0.6224296, 0.8512152, -0.058257826, -0.2583121, 0.38531056, 0.9471268, -0.50876564, -0.9298764, 0.7758559, 0.41131613, 0.90278214, -0.03390675, -0.8960339, -0.33015633, 0.011744489, 0.25567666, 0.06512423, -0.47891438, 0.074336395, -0.1693223, -0.0014046098, 0.87028295, -0.17642075, -0.11551409, -0.75131303, 0.8925437, 0.52256805, 0.5327536, -0.23542313, 0.47474965, -0.6640572, 0.96153086, 0.6764689, -0.48374534, -0.6488442, 0.381965, -0.92609274, -0.8740638, -0.6877775, 0.689713, -0.20852078, -0.1940302, -0.8408081, -0.7995455, 0.62327725, -0.6507608, 0.3690867, 0.2329299, 0.18586884, -0.25719848, -0.035928342, 0.18462132, 0.063026994, 0.6227973, 0.11346897, 0.9361776, -0.582005, 0.7566887, 0.12554367, 0.5120731, -0.30978748, -0.34389338, 0.4508011, -0.39513415, -0.8512288, 0.032190572, 0.6577279, -0.66867036, -0.4892806, -0.21266831, -0.22717294, 0.69695866, 0.83828586, 0.7923171, 0.67074007, -0.71269417, -0.08703353, 0.5652385, 0.2706756, -0.8096733, 0.08686637, -0.89129823, -0.13340308, 0.41000754, 0.88872606, 0.30021977, -0.53299165, 0.35953468, 0.9228403, 0.58608526, 0.18000065, -0.18743834, -0.2012482, 0.7920973, -0.8514539, 0.29716492, 0.7997088, 0.24227794, -0.87077874, 0.48333964, 0.18004303, 0.8339107, -0.87517095, -0.12708373, -0.95898014, 0.08031936, 0.58100325, 0.69386137, -0.77619445, -0.5321075, 0.8231097, -0.9143016, 0.8099018, -0.14954513, 0.12678307, 0.76133865, -0.01592573, -0.71637845, 0.02412452, 0.41081986, -0.7479949, -0.53684056, 0.3574357, -0.1886572, 0.27721655, -0.018724533, 0.9412501, -0.044164144, -0.7788558, 0.054877277, -0.6831787, -0.5857606, 0.1761979, -0.51557976, -0.75299186, -0.03349102, -0.27833086, -0.5635068, -0.662585, 0.815987, -0.6530283, -0.47318655, 0.6729689, -0.4900868, -0.43819776, -0.5146516, -0.9178874, -0.18433504, 0.15131244, -0.2940399, -0.9492445, 0.6906118, -0.46595624, 0.18857735, 0.1381415, 0.0777071, 0.9243849, -0.66621786, 0.5520442, -0.41065398, 0.72430694, 0.46453583, 0.22476533, -0.55822474, -0.5816753, 0.95199865, 0.371728, 0.17846869, 0.17487472, 0.2713758, 0.7516607, -0.53781486, -0.89501584, 0.7225426, 0.7433214, -0.21112052, -0.012139443, -0.862705, 0.8716184, -0.5238079, -0.037340954, 0.03422632, -0.80226773, -0.55233955, 0.058734186, 0.53572637, 0.485996, 0.49763763, -0.13242231, -0.55075467, 0.13279785, -0.65091634, 0.11669968, 0.15228538, -0.59312123, 0.7980238, -0.42792898, 0.8015938, 0.6353155, -0.119665414, -0.46770823, 0.34846777, 0.9563235, -0.35223895, -0.4904029, 0.8603741, 0.2172383, 0.20052087, -0.07516127, 0.7076634, 0.89095014, -0.4224976, 0.15781377, 0.076484516, -0.09859902, -0.506956, 0.07489193, 0.22786088, 0.95655894, -0.114365295, 0.077051625, 0.78095496, 0.86827254, -0.8885383, -0.43103424, 0.782617, -0.9298739, 0.7992912, -0.6331801, -0.97774357, 0.15455373, -0.69290906, 0.3194833, 0.17131634, 0.95381516, -0.6788979, 0.0038969894, 0.7104557, 0.21387662, 0.32499534, -0.9548834, 0.37096304, -0.91093576, 0.08963405, 0.053399358, 0.65090543, 0.8699895, 0.846125, 0.63760567, -0.44870725, 0.53372926, -0.67012095, -0.06936315, -0.059704065, -0.41872725, 0.69781464, 0.17552145, -0.6653972, -0.15675491, -0.96822125, 0.14081235, 0.70664614, 0.12376481, -0.31065953, 0.071145415, 0.2596023, -0.72158283, 0.3099552, 0.66110075, 0.9318837, 0.23157452, 0.3792386, 0.11782296, 0.034314513, -0.17549248, 0.37628886, 0.30128893, 0.75674164, -0.6187184, 0.6588918, -0.56020063, 0.035007223, -0.117458574, 0.5643272, -0.9918998, 0.50739825, -0.21296671, -0.5349781, 0.12877618, -0.9210835, 0.5060908, -0.1775546, 0.83103037, -0.45023867, 0.9068203, -0.9561905, -0.17713007, -0.10509588, 0.65892726, -0.25146255, 0.26747537, 0.22392295, -0.86267096, 0.23683551, 0.7219162, 0.63967115, 0.0886254, -0.17196245, -0.40449566, 0.84738225, 0.7992167, -0.5817127, -0.7217425, 0.8048231, 0.66264534, 0.28415507, -0.8433397, 0.65738994, -0.4057929, 0.6625825, 0.34915477, 0.053232867, -0.7204666, -0.8383969, 0.86754096, 0.0598745, 0.11186583, 0.7607541, 0.8492986, -0.7975825, 0.90898526, 0.4661373, 0.3935381, 0.36044216, -0.3285339, -0.2778188, -0.96569526, 0.6069087, -0.5087674, -0.3486519, -0.91410995, 0.13830137, 0.7994732, -0.35978407, -0.61996686, 0.06533861, 0.65342504, 0.22206503, 0.792609, -0.13544114, -0.60862935]","[7.0, 0.0, -18.0, -7.0, -2.0, -9.0, 6.0, -12.0, -20.0, -11.0, -2.0, 22.0, 5.0, 0.0, -12.0, -1.0, -4.0, 1.0, -10.0, 0.0, -26.0, 5.0, 0.0, 1.0, -7.0, -14.0, -6.0, -24.0, -5.0, -20.0, -14.0, 7.0, 0.0, 14.0, -2.0, -11.0, -8.0, -12.0, 3.0, 1.0, 3.0, 14.0, -8.0, -6.0, -16.0, 11.0, -6.0, -9.0, 1.0, -5.0, -5.0, -3.0, 6.0, 3.0, -17.0, -11.0, -9.0, 13.0, 5.0, 4.0, -11.0, 2.0, -18.0, 5.0, -5.0, -1.0, -3.0, -8.0, 1.0, -2.0, -21.0, 17.0, -10.0, -19.0, -22.0, -6.0, -4.0, -12.0, -2.0, -10.0, 16.0, -10.0, 7.0, -23.0, -10.0, -11.0, 2.0, 8.0, -8.0, -6.0, -1.0, -18.0, -4.0, -4.0, 4.0, -8.0, -15.0, -5.0, -7.0, -5.0, -13.0, 1.0, -6.0, -3.0, 7.0, -19.0, 13.0, -14.0, -10.0, -13.0, -11.0, 5.0, 2.0, 2.0, 4.0, -14.0, -7.0, 4.0, -7.0, -11.0, -14.0, 4.0, 4.0, -13.0, -22.0, -16.0, -13.0, -3.0, -6.0, -1.0, -1.0, 6.0, 1.0, -5.0, -2.0, 0.0, -13.0, -14.0, -9.0, -9.0, 14.0, -10.0, -3.0, -10.0, 2.0, -10.0, -7.0, -7.0, -10.0, 9.0, -10.0, -17.0, -15.0, 0.0, 9.0, -4.0, -18.0, -6.0, 4.0, -3.0, -7.0, -6.0, -8.0, 8.0, -8.0, 0.0, 13.0, -16.0, -9.0, 0.0, -6.0, -4.0, -5.0, -24.0, -30.0, -10.0, -32.0, -5.0, 10.0, -25.0, -21.0, -5.0, -16.0, -9.0, -10.0, -15.0, 6.0, -4.0, -21.0, 12.0, -9.0, -1.0, 4.0, -4.0, -10.0, -1.0, -1.0, -11.0, -10.0, -6.0, -17.0, -3.0, -5.0, 6.0, -7.0, 2.0, -6.0, -3.0, -7.0, 9.0, -15.0, 0.0, -5.0, 2.0, -11.0, -11.0, -3.0, -9.0, -7.0, -1.0, -9.0, 5.0, -1.0, 0.0, -7.0, -5.0, -28.0, 4.0, -13.0, -3.0, 20.0, -7.0, -20.0, 1.0, -11.0, 1.0, -3.0, -7.0, -16.0, -11.0, 6.0, 8.0, -2.0, 11.0, 9.0, 2.0, 2.0, -18.0, -17.0, -10.0, -10.0, -6.0, 11.0, -8.0, -7.0, 2.0, 6.0, -9.0, -7.0, -3.0, -6.0, -14.0, -21.0, -1.0, -5.0, -14.0, -10.0, -27.0, -13.0, 1.0, 5.0, 0.0, -6.0, 9.0, -5.0, -4.0, -16.0, 1.0, -8.0, 6.0, -2.0, -6.0, -10.0, -1.0, 8.0, -6.0, 7.0, -5.0, 7.0, -1.0, 4.0, 10.0, 3.0, -15.0, 3.0, 4.0, 7.0, -6.0, 4.0, 2.0, -10.0, 0.0, -14.0, 9.0, 1.0, -6.0, -14.0, -6.0, -4.0, -11.0, 11.0, -8.0, 0.0, 5.0, -9.0, 0.0, -9.0, -1.0, 10.0, -10.0, -19.0, -21.0, -7.0, 7.0, 1.0, -10.0, -7.0, -3.0, 1.0, 0.0, 2.0, 8.0, -19.0, -9.0, -7.0, -15.0, -12.0, -5.0, -4.0, -33.0, 5.0, 5.0, -5.0, -16.0, -16.0, -4.0, -10.0, 4.0, -19.0, 5.0, -15.0, -4.0, 1.0, -6.0, -19.0, -23.0, 5.0, 8.0, -20.0, -13.0, 4.0, 6.0, -11.0, -5.0, -3.0, -7.0, -12.0, -3.0, 2.0, -17.0, -17.0, -10.0, -2.0, -17.0, -5.0, -16.0, 24.0, 14.0, -6.0, -18.0, -3.0, -2.0, 0.0, -1.0, 0.0, -16.0, -10.0, 1.0, -10.0, -25.0, -6.0, 2.0, -6.0, -13.0, 2.0, 29.0, 2.0, -4.0, -6.0, -5.0, -6.0, 7.0, -7.0, -6.0, 0.0, -4.0, -23.0, -33.0, 9.0, -10.0, -6.0, 2.0, -4.0, 5.0, -2.0, -6.0, -13.0, -11.0, -20.0, -1.0, 7.0, -14.0, -3.0, 20.0, 4.0, -19.0, 3.0, -20.0, -7.0, -10.0, -9.0, 8.0, 10.0, 4.0, -6.0, -6.0, 9.0, -7.0, 10.0, 7.0, -6.0, -5.0, -8.0, 4.0, -2.0, -35.0, 11.0, -15.0, -5.0, -4.0, -5.0, -2.0, -2.0, -21.0, -9.0, -5.0, -2.0, -11.0, -5.0, 2.0, 4.0, -16.0, -7.0, -16.0, -4.0, -12.0, 18.0, 2.0, -13.0, -10.0, -14.0, -1.0, -23.0, -15.0, -4.0, -5.0, -18.0, -4.0, 6.0, -12.0, -9.0, -4.0, -6.0, -20.0, 13.0, 3.0, -13.0, -6.0, 0.0, 3.0, 14.0, -6.0, -10.0, 2.0, -4.0, -7.0, -18.0, 9.0, -6.0, -27.0]",-54.9285266055146,0.0,0.0,0,0.003193378448486328
48,"[0.4786801, 0.65723854, 0.44684306, -0.33063656, -0.95080376, 0.6187302, 0.83389544, 0.45655626, -0.9374656, -0.85266936, 0.43413132, 0.20972075, -0.45989218, -0.7220283, -0.017540898, -0.056608487, -0.09063959, 0.7321616, -0.9598644, -0.05862383, -0.51308334, -0.12890977, 0.28512168, 0.09757516, 0.64889044, 0.24080926, -0.43672636, 0.0074248784, -0.02737176, 0.036781255, -0.23959306, 0.60953856, -0.49991506, -0.37577417, 0.016679008, -0.21004447, 0.52117896, 0.7302229, -0.29206043, 0.41545647, 0.79334086, 0.95736414, -0.60547686, -0.45903495, -0.58376384, 0.22690186, 0.49011558, -0.39560232, -0.85244274, 0.9651072, -0.57281625, 0.9419674, -0.35096616, 0.5918522, -0.11732584, 0.030236216, -0.51885676, 0.679489, 0.8551907, -0.18653038, -0.14158574, 0.74497074, 0.40192857, -0.9044569, -0.11863078, -0.10084829, 0.91784054, 0.3206127, -0.6883988, 0.96567065, 0.15303396, 0.21261406, -0.59525794, 0.7616856, -0.97648054, 0.95402575, -0.89588, 0.40385643, -0.09415595, 0.41981155, -0.028419102, 0.74211305, 0.9217147, -0.42291966, 0.9875557, 0.43260825, 0.28451374, 0.7605858, 0.059357725, -0.017029978, 0.77542955, 0.8931419, -0.590752, 0.34055755, -0.52985513, -0.41913724, -0.67169446, 0.12259033, 0.986901, -0.47728014, -0.16750401, -0.71650124, 0.70867556, -0.58148354, 0.6707144, 0.7619739, 0.29657292, 0.016546393, 0.5832105, 0.18012454, -0.57727975, -0.92812765, 0.36989918, 0.8830181, -0.6309119, -0.6604215, 0.02738298, 0.055343132, 0.50055, -0.49078012, -0.4319316, 0.522634, 0.71854055, 0.54767, -0.99510336, 0.992142, 0.39064997, -0.85262007, 0.26949233, -0.27324495, -0.42725167, 0.3645756, -0.17318241, -0.37933683, 0.61394405, -0.0969979, -0.74456435, 0.4311192, 0.39435738, 0.97778237, -0.73839897, -0.3178356, 0.57470447, -0.22498067, -0.9219172, 0.34137523, -0.45438492, -0.22427262, -0.99142313, 0.059444632, 0.9646907, -0.14639166, 0.5108305, 0.5898156, 0.74560016, 0.03794542, -0.06720761, -0.4422858, -0.75932044, 0.6494964, 0.71135944, -0.3247996, -0.6260487, 0.47499618, -0.023833117, 0.84857285, 0.7355237, -0.32572454, -0.44572562, -0.49278742, -0.19338374, -0.13709338, -0.5373035, 0.8677014, 0.72336054, -0.999528, 0.20677787, -0.35149518, 0.69936574, -0.96902263, 0.59018695, 0.39557707, -0.43675813, 0.8122478, -0.9521439, 0.93158543, -0.053961195, 0.7257841, -0.81813735, 0.26139402, -0.95356715, -0.7855427, 0.4688371, -0.12671995, 0.54207623, -0.09356312, -0.39709738, -0.81903046, -0.42520532, 0.011941896, 0.42260578, -0.47610486, -0.15557708, 0.81000733, -0.32440525, 0.22093403, 0.64525855, -0.14860609, 0.77602977, -0.99909097, 0.7216532, 0.15972485, 0.9637896, -0.040803913, -0.13312025, -0.2527561, -0.9975043, -0.9478638, 0.65550184, 0.61818796, 0.59786725, 0.6467257, -0.8849636, 0.2533754, -0.47671625, -0.15761456, -0.17320259, -0.6139881, 0.6182118, -0.437332, 0.18670067, 0.04510294, -0.46046093, 0.47440216, 0.3974395, -0.22359996, 0.9987929, 0.1936139, -0.5158104, 0.16171469, -0.9210429, 0.22427242, -0.42955926, -0.98636115, 0.13319476, -0.18022408, -0.63543457, -0.71522516, -0.6248173, 0.50644183, 0.9113807, -0.77611876, 0.011018845, -0.051236544, 0.24866474, 0.054698415, 0.6654482, 0.7654778, 0.39391458, 0.61635405, -0.7717493, 0.93550664, -0.008250156, -0.7374704, 0.7115483, 0.9308539, -0.5154927, 0.82364976, -0.4568978, 0.870629, 0.9828873, -0.86512786, 0.94576913, 0.8035205, 0.47792056, 0.08701461, -0.7980264, 0.6643349, -0.47503418, 0.963671, -0.0034436747, 0.43941692, -0.60732293, -0.18492469, 0.7424542, 0.9407628, -0.5457758, -0.2753961, -0.92041385, -0.91250825, 0.31976017, 0.44090676, -0.92376256, 0.016425095, 0.16098474, 0.54152936, 0.7633199, 0.5376967, 0.19066, 0.19387768, -0.5649059, 0.5749036, 0.39833057, 0.4859569, -0.7716902, -0.94151473, -0.4570653, 0.9609822, 0.6818474, -0.5788024, -0.10733212, 0.9914207, 0.20994075, 0.54248285, -0.3610293, 0.8068197, -0.1844391, -0.4783179, -0.44790584, 0.3106383, -0.38354057, 0.7007951, 0.50227875, 0.84320104, -0.37552035, 0.5932845, 0.62937325, 0.093043886, 0.56874424, 0.21579938, 0.2164548, -0.7341571, -0.28661147, 0.33034444, -0.6045782, -0.78972274, 0.16891955, -0.6635389, 0.8815226, 0.7917476, 0.27517506, -0.5029124, 0.112111315, 0.006198847, 0.42517114, -0.2811401, -0.24105732, -0.7888063, 0.34281957, -0.9481214, -0.74026674, -0.40954843, -0.8324357, -0.13564257, 0.34199938, -0.24995163, 0.5985165, 0.055375278, -0.6755283, -0.5349275, 0.8841709, -0.19760258, -0.91406006, 0.37544447, 0.8757343, 0.38529196, -0.22051859, -0.11398549, 0.39989126, 0.01760641, -0.9053291, -0.6918884, -0.13379854, -0.9776678, 0.39770165, 0.278418, -0.3703981, -0.3410528, -0.5973284, -0.7362971, 0.08715384, 0.023333317, 0.11730166, 0.40609893, 0.42197767, -0.815247, 0.05043164, 0.07530453, 0.2109888, -0.08924167, -0.6626009, 0.26379248, 0.2406007, -0.7573084, 0.5436981, -0.2215213, 0.55754745, 0.8291984, 0.23797926, 0.71371865, 0.31141827, -0.46394473, 0.40967473, -0.98975927, -0.4130279, 0.8183776, 0.4016442, 0.7737621, 0.59654754, 0.9749327, -0.6652721, 0.48155987, 0.07275788, 0.97600186, -0.9400636, 0.41920954, -0.1643933, 0.24717936, 0.7702949, 0.1193313, -0.35529983, 0.9232299, -0.74698734, -0.69385993, 0.74088556, 0.7545548, 0.63284165, 0.44521117, 0.83102226, 0.37697974, -0.20056908, -0.7923861, -0.59527284, -0.78801197, 0.43922964, 0.6110684, 0.414715, -0.683014, 0.49100497, 0.005135131, -0.8505449, 0.5098298, -0.074286155, -0.50014883, 0.68061376, 0.15774867, 0.6500211, -0.5121147, 0.9026251, 0.7710991, 0.2046761, 0.90799975, 0.5061784, -0.18700437, 0.341609, -0.7951645, 0.09682856, -0.52212775, 0.16055022, -0.39703158, 0.27138323, 0.41736016, 0.15528345, 0.47730336, -0.52106655, 0.32568595, -0.61367935, 0.012888439, 0.9577122, -0.88494885, -0.6506344, -0.002500265, -0.6112923, -0.87405044, -0.41974053, -0.23065361, -0.8144732, 0.3067491, -0.78401273, 0.12644894, 0.8557629, 0.30027092, 0.4470113, -0.22118874, 0.94325125, 0.41323942, 0.116996795, -0.4253404, -0.01595591, -0.10221718, -0.9548636, -0.003279482, -0.041043255, 0.92807364, -0.9158926, 0.89386743, 0.6687767, -0.42318946, 0.22968239, 0.046163514]","[7.0, 0.0, -18.0, -7.0, -2.0, -9.0, 6.0, -12.0, -20.0, -11.0, -2.0, 22.0, 5.0, 0.0, -12.0, -1.0, -4.0, 1.0, -10.0, 0.0, -26.0, 5.0, 0.0, 1.0, -7.0, -14.0, -6.0, -24.0, -5.0, -20.0, -14.0, 7.0, 0.0, 14.0, -2.0, -11.0, -8.0, -12.0, 3.0, 1.0, 3.0, 14.0, -8.0, -6.0, -16.0, 11.0, -6.0, -9.0, 1.0, -5.0, -5.0, -3.0, 6.0, 3.0, -17.0, -11.0, -9.0, 13.0, 5.0, 4.0, -11.0, 2.0, -18.0, 5.0, -5.0, -1.0, -3.0, -8.0, 1.0, -2.0, -21.0, 17.0, -10.0, -19.0, -22.0, -6.0, -4.0, -12.0, -2.0, -10.0, 16.0, -10.0, 7.0, -23.0, -10.0, -11.0, 2.0, 8.0, -8.0, -6.0, -1.0, -18.0, -4.0, -4.0, 4.0, -8.0, -15.0, -5.0, -7.0, -5.0, -13.0, 1.0, -6.0, -3.0, 7.0, -19.0, 13.0, -14.0, -10.0, -13.0, -11.0, 5.0, 2.0, 2.0, 4.0, -14.0, -7.0, 4.0, -7.0, -11.0, -14.0, 4.0, 4.0, -13.0, -22.0, -16.0, -13.0, -3.0, -6.0, -1.0, -1.0, 6.0, 1.0, -5.0, -2.0, 0.0, -13.0, -14.0, -9.0, -9.0, 14.0, -10.0, -3.0, -10.0, 2.0, -10.0, -7.0, -7.0, -10.0, 9.0, -10.0, -17.0, -15.0, 0.0, 9.0, -4.0, -18.0, -6.0, 4.0, -3.0, -7.0, -6.0, -8.0, 8.0, -8.0, 0.0, 13.0, -16.0, -9.0, 0.0, -6.0, -4.0, -5.0, -24.0, -30.0, -10.0, -32.0, -5.0, 10.0, -25.0, -21.0, -5.0, -16.0, -9.0, -10.0, -15.0, 6.0, -4.0, -21.0, 12.0, -9.0, -1.0, 4.0, -4.0, -10.0, -1.0, -1.0, -11.0, -10.0, -6.0, -17.0, -3.0, -5.0, 6.0, -7.0, 2.0, -6.0, -3.0, -7.0, 9.0, -15.0, 0.0, -5.0, 2.0, -11.0, -11.0, -3.0, -9.0, -7.0, -1.0, -9.0, 5.0, -1.0, 0.0, -7.0, -5.0, -28.0, 4.0, -13.0, -3.0, 20.0, -7.0, -20.0, 1.0, -11.0, 1.0, -3.0, -7.0, -16.0, -11.0, 6.0, 8.0, -2.0, 11.0, 9.0, 2.0, 2.0, -18.0, -17.0, -10.0, -10.0, -6.0, 11.0, -8.0, -7.0, 2.0, 6.0, -9.0, -7.0, -3.0, -6.0, -14.0, -21.0, -1.0, -5.0, -14.0, -10.0, -27.0, -13.0, 1.0, 5.0, 0.0, -6.0, 9.0, -5.0, -4.0, -16.0, 1.0, -8.0, 6.0, -2.0, -6.0, -10.0, -1.0, 8.0, -6.0, 7.0, -5.0, 7.0, -1.0, 4.0, 10.0, 3.0, -15.0, 3.0, 4.0, 7.0, -6.0, 4.0, 2.0, -10.0, 0.0, -14.0, 9.0, 1.0, -6.0, -14.0, -6.0, -4.0, -11.0, 11.0, -8.0, 0.0, 5.0, -9.0, 0.0, -9.0, -1.0, 10.0, -10.0, -19.0, -21.0, -7.0, 7.0, 1.0, -10.0, -7.0, -3.0, 1.0, 0.0, 2.0, 8.0, -19.0, -9.0, -7.0, -15.0, -12.0, -5.0, -4.0, -33.0, 5.0, 5.0, -5.0, -16.0, -16.0, -4.0, -10.0, 4.0, -19.0, 5.0, -15.0, -4.0, 1.0, -6.0, -19.0, -23.0, 5.0, 8.0, -20.0, -13.0, 4.0, 6.0, -11.0, -5.0, -3.0, -7.0, -12.0, -3.0, 2.0, -17.0, -17.0, -10.0, -2.0, -17.0, -5.0, -16.0, 24.0, 14.0, -6.0, -18.0, -3.0, -2.0, 0.0, -1.0, 0.0, -16.0, -10.0, 1.0, -10.0, -25.0, -6.0, 2.0, -6.0, -13.0, 2.0, 29.0, 2.0, -4.0, -6.0, -5.0, -6.0, 7.0, -7.0, -6.0, 0.0, -4.0, -23.0, -33.0, 9.0, -10.0, -6.0, 2.0, -4.0, 5.0, -2.0, -6.0, -13.0, -11.0, -20.0, -1.0, 7.0, -14.0, -3.0, 20.0, 4.0, -19.0, 3.0, -20.0, -7.0, -10.0, -9.0, 8.0, 10.0, 4.0, -6.0, -6.0, 9.0, -7.0, 10.0, 7.0, -6.0, -5.0, -8.0, 4.0, -2.0, -35.0, 11.0, -15.0, -5.0, -4.0, -5.0, -2.0, -2.0, -21.0, -9.0, -5.0, -2.0, -11.0, -5.0, 2.0, 4.0, -16.0, -7.0, -16.0, -4.0, -12.0, 18.0, 2.0, -13.0, -10.0, -14.0, -1.0, -23.0, -15.0, -4.0, -5.0, -18.0, -4.0, 6.0, -12.0, -9.0, -4.0, -6.0, -20.0, 13.0, 3.0, -13.0, -6.0, 0.0, 3.0, 14.0, -6.0, -10.0, 2.0, -4.0, -7.0, -18.0, 9.0, -6.0, -27.0]",-54.9285266055146,0.0,0.0,0,0.0031871795654296875
49,"[-0.87442255, 0.6827772, 0.037475504, 0.875113, -0.5824128, 0.48061684, -0.48718467, -0.4793016, -0.92464495, -0.42476392, -0.31570584, 0.7716152, -0.75949055, -0.16124012, -0.04701532, 0.17116083, -0.3675649, 0.32977968, -0.86613035, 0.43794468, 0.0577011, 0.16087824, -0.23196416, -0.4312664, 0.89337033, 0.4917466, 0.84760344, 0.96148276, 0.88509583, -0.25660545, -0.46694174, -0.42964828, 0.9490885, 0.8604416, 0.91028243, -0.08568745, 0.22298431, 0.90583, -0.74399215, -0.87431556, 0.4446548, -0.36131284, -0.5886417, -0.48709482, 0.4512002, -0.3475861, -0.78278345, 0.4321732, -0.018927716, 0.1305174, 0.2813876, -0.15464257, -0.07914467, 0.556411, -0.23127614, -0.41387329, -0.21747474, 0.60479, 0.5662205, 0.14941508, 0.5801903, 0.39046198, -0.28800252, -0.77473944, 0.28716055, -0.8270381, -0.9951661, 0.73184544, -0.49957442, -0.78087914, -0.7277095, -0.116576694, -0.52613884, -0.4487832, 0.94025093, -0.28233954, 0.9015015, -0.28977123, -0.32378772, -0.7315431, 0.60250276, 0.5651968, 0.21704847, 0.0069170925, 0.087822385, 0.15515637, 0.057992686, -0.53064746, 0.1516718, -0.61945343, 0.8912598, 0.53120923, -0.3920431, -0.5215386, -0.7370972, 0.24485268, -0.5715414, -0.8538198, -0.26425, 0.18760677, -0.747226, -0.5292329, 0.8298513, -0.9226265, -0.26848, 0.2880654, 0.20480034, 0.42587847, 0.8857173, -0.8725412, 0.38097107, -0.3120721, -0.65681046, 0.29872084, 0.7147072, -0.16818254, 0.61893445, 0.7215372, -0.4420952, -0.06878242, -0.93205124, -0.69952554, 0.90517336, -0.87465686, 0.028665228, -0.4604668, -0.29820696, -0.5825965, 0.081677824, 0.9155685, 0.36714724, 0.37070793, -0.5215397, -0.31436527, 0.3200951, -0.27786252, -0.82079154, 0.43069464, -0.14528175, 0.43368897, 0.25624093, 0.41401973, -0.6542787, 0.8433397, -0.5703338, 0.79346985, 0.13949515, 0.042319976, 0.9997396, 0.090980195, 0.3843996, 0.5312671, 0.9384369, 0.16573505, -0.2080445, 0.61843914, 0.76818097, -0.65988195, 0.16109103, -0.32971913, 0.78252393, 0.528537, 0.27993676, 0.1000213, 0.38749567, 0.92945683, -0.42337954, 0.2648558, 0.21773596, 0.9481194, -0.35505247, 0.8762891, 0.21758845, 0.7215145, 0.51085764, 0.90673697, 0.22734475, -0.66863877, 0.5883295, 0.08008344, 0.54120815, 0.22921287, -0.94115984, 0.40066385, -0.97103703, 0.53194827, 0.7069897, -0.22850487, 0.9139877, 0.41405407, -0.87917113, -0.08164086, -0.5172911, 0.62107205, -0.5729174, -0.555977, 0.82222056, -0.9768931, 0.5233079, -0.3734077, 0.3288315, -0.16051848, 0.7663965, 0.7009378, 0.23434742, 0.8916853, -0.14743534, 0.08817506, 0.30906656, -0.29214066, 0.76756185, 0.89123046, -0.94371384, 0.46429724, 0.43810907, 0.5654445, -0.53907377, -0.72022605, -0.92467225, -0.82232296, 0.42524073, -0.14731492, 0.7617213, 0.7165599, 0.7452894, -0.51041275, 0.44986877, -0.42984584, -0.8304583, -0.57672954, 0.48691437, -0.25801426, 0.6649288, 0.558375, -0.945934, -0.42045867, 0.66365504, 0.88173926, -0.36848876, 0.5368374, -0.5065236, 0.47634616, 0.80996156, -0.69806963, 0.51896936, 0.618667, -0.33565828, 0.54529, -0.20901637, -0.47151098, -0.21031547, 0.7142374, 0.3589096, -0.57996964, 0.036533065, 0.56377643, 0.8643767, 0.3549786, 0.7083821, 0.81394356, -0.39971653, -0.96218914, 0.9798337, 0.3366818, -0.59452677, -0.7984846, -0.2905488, 0.8996926, 0.99519944, 0.1539251, -0.14898169, -0.1984671, 0.59398955, 0.52265245, -0.17863931, -0.24474442, -0.8522325, -0.7783154, 0.4893675, 0.667283, -0.70471954, 0.9346804, 0.7939232, 0.97161514, -0.39980897, -0.93675995, 0.5983308, 0.4326704, 0.38571614, -0.8089826, -0.7446314, -0.4892825, 0.7541363, 0.5831023, -0.099619776, 0.9157268, -0.09828869, -0.68544894, -0.92573905, -0.44288644, 0.0067863856, -0.03649456, 0.9289991, 0.3165545, -0.07452007, 0.6830677, 0.67654705, 0.5166912, -0.03749535, -0.5549226, -0.72623587, -0.5829465, 0.093058586, 0.92534983, -0.5782898, 0.7951168, 0.51516426, 0.13721007, -0.6110399, 0.79575205, 0.88106006, -0.915037, -0.6812736, 0.75241214, -0.8530684, -0.18509355, -0.68355083, 0.57174915, 0.72823876, -0.015926082, -0.25191173, 0.29914674, 0.26303574, 0.12320066, 0.27812374, -0.538196, 0.86264837, 0.08148844, -0.63648415, 0.26014182, -0.7817949, 0.1017385, 0.79495794, -0.49307024, -0.69239575, -0.8635579, 0.55598986, -0.053845156, -0.64987963, 0.1928473, -0.25643605, 0.2895956, 0.7460599, 0.9718226, -0.5917281, -0.22495031, -0.9273773, 0.20112228, 0.59730446, -0.3624676, -0.5789659, -0.79719365, 0.00631736, 0.5663411, -0.55460286, -0.14490494, 0.4506239, 0.68356866, 0.27779606, 0.2112929, 0.8186221, 0.61934537, -0.94124156, 0.33044884, 0.24096052, 0.54801416, -0.0195098, 0.6067286, -0.5041454, 0.5265637, -0.09975394, -0.8371069, 0.8707638, 0.4309199, 0.38711998, -0.40888655, -0.8447194, -0.26945853, -0.52774715, -0.15389858, -0.28678524, -0.92888373, 0.16352555, -0.5156119, 0.9637905, -0.0346977, -0.9174745, 0.91113836, 0.631469, 0.9003868, -0.14781143, 0.079372875, 0.14706904, 0.91475844, -0.9001983, 0.4540912, 0.549752, 0.6654456, -0.49390146, 0.14009146, 0.33889803, 0.00021587434, -0.8516809, 0.6988308, 0.7120874, 0.6243601, -0.09908798, 0.5774739, -0.90967643, -0.85995185, 0.6012764, -0.3703301, -0.93822277, 0.069404, -0.30417177, 0.4865284, 0.78564656, 0.6677325, 0.19614664, 0.122381516, -0.40481612, -0.04392802, 0.63086885, 0.5394926, 0.29726264, 0.103241496, 0.4019249, -0.46587017, -0.09219973, 0.60559493, 0.91667086, 0.04539083, -0.901058, 0.15869398, 0.8162357, 0.80928904, -0.43483934, -0.04860439, -0.90697813, 0.8203104, 0.47720942, 0.56816435, -0.83429694, 0.5029007, 0.64307654, -0.7636499, -0.5470697, 0.56689334, -0.8530758, -0.896566, -0.526813, 0.12926498, 0.544692, 0.42867547, -0.85988426, 0.9953037, -0.21775201, 0.28452915, 0.90443563, 0.03652834, 0.7948082, -0.41584417, -0.85843027, 0.7716921, -0.5574575, 0.62409437, 0.97049546, -0.24354775, 0.020504037, -0.5385985, 0.0025518371, -0.9992984, -0.267452, -0.35003743, 0.018681925, 0.22347566, 0.8667995, -0.6266502, -0.046933845, -0.37752664, -0.2841755, 0.7639527, -0.03287054, -0.39233163, 0.87639636, -0.04026572, 0.7893328, 0.16140613, -0.17859416, 0.6069311]","[7.0, 0.0, -18.0, -7.0, -2.0, -9.0, 6.0, -12.0, -20.0, -11.0, -2.0, 22.0, 5.0, 0.0, -12.0, -1.0, -4.0, 1.0, -10.0, 0.0, -26.0, 5.0, 0.0, 1.0, -7.0, -14.0, -6.0, -24.0, -5.0, -20.0, -14.0, 7.0, 0.0, 14.0, -2.0, -11.0, -8.0, -12.0, 3.0, 1.0, 3.0, 14.0, -8.0, -6.0, -16.0, 11.0, -6.0, -9.0, 1.0, -5.0, -5.0, -3.0, 6.0, 3.0, -17.0, -11.0, -9.0, 13.0, 5.0, 4.0, -11.0, 2.0, -18.0, 5.0, -5.0, -1.0, -3.0, -8.0, 1.0, -2.0, -21.0, 17.0, -10.0, -19.0, -22.0, -6.0, -4.0, -12.0, -2.0, -10.0, 16.0, -10.0, 7.0, -23.0, -10.0, -11.0, 2.0, 8.0, -8.0, -6.0, -1.0, -18.0, -4.0, -4.0, 4.0, -8.0, -15.0, -5.0, -7.0, -5.0, -13.0, 1.0, -6.0, -3.0, 7.0, -19.0, 13.0, -14.0, -10.0, -13.0, -11.0, 5.0, 2.0, 2.0, 4.0, -14.0, -7.0, 4.0, -7.0, -11.0, -14.0, 4.0, 4.0, -13.0, -22.0, -16.0, -13.0, -3.0, -6.0, -1.0, -1.0, 6.0, 1.0, -5.0, -2.0, 0.0, -13.0, -14.0, -9.0, -9.0, 14.0, -10.0, -3.0, -10.0, 2.0, -10.0, -7.0, -7.0, -10.0, 9.0, -10.0, -17.0, -15.0, 0.0, 9.0, -4.0, -18.0, -6.0, 4.0, -3.0, -7.0, -6.0, -8.0, 8.0, -8.0, 0.0, 13.0, -16.0, -9.0, 0.0, -6.0, -4.0, -5.0, -24.0, -30.0, -10.0, -32.0, -5.0, 10.0, -25.0, -21.0, -5.0, -16.0, -9.0, -10.0, -15.0, 6.0, -4.0, -21.0, 12.0, -9.0, -1.0, 4.0, -4.0, -10.0, -1.0, -1.0, -11.0, -10.0, -6.0, -17.0, -3.0, -5.0, 6.0, -7.0, 2.0, -6.0, -3.0, -7.0, 9.0, -15.0, 0.0, -5.0, 2.0, -11.0, -11.0, -3.0, -9.0, -7.0, -1.0, -9.0, 5.0, -1.0, 0.0, -7.0, -5.0, -28.0, 4.0, -13.0, -3.0, 20.0, -7.0, -20.0, 1.0, -11.0, 1.0, -3.0, -7.0, -16.0, -11.0, 6.0, 8.0, -2.0, 11.0, 9.0, 2.0, 2.0, -18.0, -17.0, -10.0, -10.0, -6.0, 11.0, -8.0, -7.0, 2.0, 6.0, -9.0, -7.0, -3.0, -6.0, -14.0, -21.0, -1.0, -5.0, -14.0, -10.0, -27.0, -13.0, 1.0, 5.0, 0.0, -6.0, 9.0, -5.0, -4.0, -16.0, 1.0, -8.0, 6.0, -2.0, -6.0, -10.0, -1.0, 8.0, -6.0, 7.0, -5.0, 7.0, -1.0, 4.0, 10.0, 3.0, -15.0, 3.0, 4.0, 7.0, -6.0, 4.0, 2.0, -10.0, 0.0, -14.0, 9.0, 1.0, -6.0, -14.0, -6.0, -4.0, -11.0, 11.0, -8.0, 0.0, 5.0, -9.0, 0.0, -9.0, -1.0, 10.0, -10.0, -19.0, -21.0, -7.0, 7.0, 1.0, -10.0, -7.0, -3.0, 1.0, 0.0, 2.0, 8.0, -19.0, -9.0, -7.0, -15.0, -12.0, -5.0, -4.0, -33.0, 5.0, 5.0, -5.0, -16.0, -16.0, -4.0, -10.0, 4.0, -19.0, 5.0, -15.0, -4.0, 1.0, -6.0, -19.0, -23.0, 5.0, 8.0, -20.0, -13.0, 4.0, 6.0, -11.0, -5.0, -3.0, -7.0, -12.0, -3.0, 2.0, -17.0, -17.0, -10.0, -2.0, -17.0, -5.0, -16.0, 24.0, 14.0, -6.0, -18.0, -3.0, -2.0, 0.0, -1.0, 0.0, -16.0, -10.0, 1.0, -10.0, -25.0, -6.0, 2.0, -6.0, -13.0, 2.0, 29.0, 2.0, -4.0, -6.0, -5.0, -6.0, 7.0, -7.0, -6.0, 0.0, -4.0, -23.0, -33.0, 9.0, -10.0, -6.0, 2.0, -4.0, 5.0, -2.0, -6.0, -13.0, -11.0, -20.0, -1.0, 7.0, -14.0, -3.0, 20.0, 4.0, -19.0, 3.0, -20.0, -7.0, -10.0, -9.0, 8.0, 10.0, 4.0, -6.0, -6.0, 9.0, -7.0, 10.0, 7.0, -6.0, -5.0, -8.0, 4.0, -2.0, -35.0, 11.0, -15.0, -5.0, -4.0, -5.0, -2.0, -2.0, -21.0, -9.0, -5.0, -2.0, -11.0, -5.0, 2.0, 4.0, -16.0, -7.0, -16.0, -4.0, -12.0, 18.0, 2.0, -13.0, -10.0, -14.0, -1.0, -23.0, -15.0, -4.0, -5.0, -18.0, -4.0, 6.0, -12.0, -9.0, -4.0, -6.0, -20.0, 13.0, 3.0, -13.0, -6.0, 0.0, 3.0, 14.0, -6.0, -10.0, 2.0, -4.0, -7.0, -18.0, 9.0, -6.0, -27.0]",-54.9285266055146,0.0,0.0,0,0.0031838417053222656
50,"[0.5290737, 0.367686, 0.09885867, 0.8629172, -0.9363186, -0.9504048, 0.20428997, 0.17322893, 0.6696478, -0.5236772, 0.03491721, 0.22880633, -0.52205837, -0.030298188, -0.0060278764, 0.8856829, 0.15115365, 0.70516974, -0.062495697, 0.502134, 0.65952635, -0.77195096, -0.40085992, -0.9151562, 0.078183405, -0.20180473, 0.48696128, 0.83436394, -0.72341186, 0.59889215, 0.07045237, 0.5431983, -0.34675786, 0.76970965, 0.57818407, 0.23633346, -0.14431153, 0.32134432, 0.23804604, -0.3531391, 0.49428988, 0.5430019, -0.44609576, -0.16767631, 0.25253266, -0.9315932, 0.14156099, -0.03441618, -0.8430707, 0.21514127, -0.26488653, 0.13592044, 0.5127424, 0.22718282, -0.93564117, -0.21118356, 0.28627908, -0.82212174, -0.7479958, -0.21431023, -0.23347591, -0.21396932, -0.12687321, 0.13236816, -0.4180648, 0.2887079, 0.9303911, -0.9692262, -0.6018667, 0.61045474, -0.6613724, 0.27093443, -0.09304994, -0.83258414, 0.11471792, -0.0484844, 0.08298559, 0.19133538, 0.73214275, -0.08247815, -0.8655254, -0.106244825, -0.35070148, 0.10346932, 0.6038613, -0.48888516, 0.1307378, 0.65700996, 0.32688403, 0.04729623, 0.45642194, 0.13932267, 0.8513262, 0.28517517, 0.021491397, -0.4888318, 0.9088468, -0.032865215, 0.7142107, 0.23123316, -0.6675689, -0.86828744, -0.4792345, 0.93020153, 0.43330756, 0.84966135, 0.8624312, 0.9072376, 0.25439864, -0.9813307, -0.14459342, -0.97083056, 0.7948528, 0.4661296, -0.40925357, -0.103768006, 0.4011611, 0.59371954, -0.7486597, -0.9892661, -0.8588741, -0.3566724, -0.091860965, -0.7218522, -0.36794823, -0.94422543, 0.70899963, 0.33958274, -0.93387896, 0.7378135, 0.33946943, -0.19958468, 0.35331947, 0.07724735, 0.83026284, 0.5379974, -0.21716574, 0.53425187, 0.77444607, -0.33513317, -0.29873544, 0.42816228, 0.2152215, -0.51339895, -0.5645528, 0.43623224, 0.3640097, 0.22510532, -0.4315089, 0.33793104, -0.4212314, -0.10983602, -0.3208699, -0.7717305, -0.37543753, -0.06203088, -0.041844968, -0.9418672, 0.08903521, -0.2638713, -0.82201314, 0.1576629, 0.20934658, -0.93012726, -0.9319165, -0.092095174, 0.7651604, -0.7272256, 0.22979926, 0.5288263, 0.69640183, -0.40223625, 0.24432267, -0.44533092, 0.2724162, 0.16315255, -0.13523874, -0.10878654, 0.5892031, -0.00090000883, -0.78550094, 0.62565404, 0.83363104, -0.5730518, -0.5478181, 0.57063127, 0.5210431, -0.1981859, -0.68834716, -0.6824934, -0.99924684, 0.039551012, 0.74000734, -0.7642864, 0.65452904, 0.7616653, 0.8577837, -0.5744472, -0.37318704, 0.71343416, 0.471448, -0.39614007, 0.34402034, -0.15704244, 0.5555717, 0.02925522, 0.03617879, -0.19192529, -0.4420675, -0.8532951, 0.8371667, 0.1895015, 0.45359415, 0.24605495, 0.5439093, -0.23841485, -0.28421536, 0.84631044, 0.45250472, -0.2302516, -0.25200164, 0.98791146, -0.23301643, 0.11030603, 0.8866446, 0.23446074, -0.9618643, -0.48563695, -0.27215523, 0.77010363, 0.06317585, -0.68143713, 0.63528085, 0.9286715, 0.34548903, -0.8311227, -0.56600803, 0.14974289, -0.2023786, -0.6838146, 0.68867296, 0.501118, -0.21535993, 0.061549578, -0.69249177, 0.42408937, 0.91094124, 0.20380391, 0.955124, 0.9491876, -0.608475, -0.5108999, -0.25674683, -0.03026929, -0.14108628, 0.5829968, 0.60748047, 0.23044349, -0.7927893, 0.57615626, -0.9053661, 0.9219667, -0.07847096, -0.1210455, 0.18777008, -0.98380154, 0.13758586, -0.9069426, -0.05275304, -0.75759095, -0.1364462, -0.5329551, 0.01583749, -0.55039924, 0.91277784, -0.16313595, 0.60506094, -0.49086833, 0.41577345, 0.040056214, 0.53224057, 0.06892846, -0.34907216, -0.7225059, 0.5542292, -0.34261772, -0.1010136, -0.5077593, -0.96375054, -0.029041445, -0.29714373, -0.7105871, -0.7185182, 0.9190693, 0.28988412, -0.17847449, 0.59470296, 0.16898538, 0.06355568, 0.4230502, -0.0024635957, -0.3347035, -0.2421107, -0.6281696, 0.60080403, -0.2578351, 0.8248011, 0.8262349, -0.72945786, -0.41552684, -0.07193301, 0.45818576, -0.16257375, 0.9905553, 0.41491467, -0.98703414, 0.28473797, -0.23275678, -0.696436, 0.5234302, -0.7729956, -0.07144726, -0.6964355, -0.35909194, 0.3724788, 0.89773256, 0.123790786, -0.20771275, -0.09984468, 0.18745573, 0.17796883, 0.45446765, 0.4955744, -0.6432526, -0.57729775, -0.7556154, 0.22280808, 0.85701025, 0.37360016, 0.9454587, 0.23995222, -0.7162345, -0.76723546, -0.57639974, -0.08747406, -0.70434713, 0.752699, -0.69284177, 0.5411442, 0.26289287, 0.6916222, -0.21428503, 0.09924554, -0.32939383, -0.99955714, 0.26080436, -0.9683143, 0.4106734, -0.4481781, -0.090103544, -0.29580176, 0.11267194, 0.51678133, 0.69617945, 0.86427855, 0.0513467, 0.86663264, -0.021399444, -0.43967268, 0.49012986, 0.9027812, 0.16619037, 0.8943072, 0.08215944, -0.44720432, 0.75968444, 0.14765207, -0.5716117, 0.37202448, -0.73902327, 0.72016215, 0.056226667, -0.8421412, 0.16869944, -0.11870305, -0.6201513, 0.96380925, 0.32785442, 0.40530014, -0.27183986, 0.6481774, -0.9817479, 0.013622772, 0.43832195, 0.11567671, 0.6894284, -0.9358418, 0.024896927, 0.5861727, -0.42055383, 0.23940733, -0.79445875, -0.1842212, 0.7774493, -0.066907085, 0.6561867, -0.86761874, -0.5352351, -0.74989295, 0.34151086, -0.031107027, -0.86281925, -0.3828312, 0.70143664, 0.99108845, 0.32106435, 0.22862431, 0.9323884, 0.9297473, -0.1657069, 0.33310306, -0.94659805, -0.7710734, 0.816353, 0.7520937, 0.6165729, 0.44918916, -0.06750543, -0.7626528, 0.22226195, 0.4925832, -0.55491894, -0.59298146, 0.03314107, 0.922569, -0.9023888, -0.5419943, -0.17008714, -0.02358429, -0.644908, 0.86411536, 0.21880095, -0.6679639, 0.57328916, 0.12590466, 0.8960132, 0.5650966, -0.41569903, -0.80955625, 0.5600806, -0.60608006, -0.097836524, 0.25907794, 0.49055418, -0.43591678, -0.5989475, -0.21940412, 0.810906, 0.5570178, -0.46201602, -0.08786268, 0.29118115, 0.23343924, 0.18308087, 0.72478276, -0.24948332, 0.9111945, 0.3672626, 0.022007836, -0.2521161, 0.8017081, 0.058850158, -0.6068663, -0.23082176, -0.15985134, -0.07084918, 0.55401874, -0.6377869, 0.35872176, 0.5544079, -0.5255547, 0.3739274, -0.3918133, -0.9657003, 0.53545314, 0.4700045, 0.8553577, 0.78180116, -0.52358216, -0.8034285, -0.35064274, -0.7830494, -0.051316697, 0.5791573, 0.662978, 0.062175974, -0.8283364, -0.62561715, 0.76778704, 0.31778908]","[7.0, 0.0, -18.0, -7.0, -2.0, -9.0, 6.0, -12.0, -20.0, -11.0, -2.0, 22.0, 5.0, 0.0, -12.0, -1.0, -4.0, 1.0, -10.0, 0.0, -26.0, 5.0, 0.0, 1.0, -7.0, -14.0, -6.0, -24.0, -5.0, -20.0, -14.0, 7.0, 0.0, 14.0, -2.0, -11.0, -8.0, -12.0, 3.0, 1.0, 3.0, 14.0, -8.0, -6.0, -16.0, 11.0, -6.0, -9.0, 1.0, -5.0, -5.0, -3.0, 6.0, 3.0, -17.0, -11.0, -9.0, 13.0, 5.0, 4.0, -11.0, 2.0, -18.0, 5.0, -5.0, -1.0, -3.0, -8.0, 1.0, -2.0, -21.0, 17.0, -10.0, -19.0, -22.0, -6.0, -4.0, -12.0, -2.0, -10.0, 16.0, -10.0, 7.0, -23.0, -10.0, -11.0, 2.0, 8.0, -8.0, -6.0, -1.0, -18.0, -4.0, -4.0, 4.0, -8.0, -15.0, -5.0, -7.0, -5.0, -13.0, 1.0, -6.0, -3.0, 7.0, -19.0, 13.0, -14.0, -10.0, -13.0, -11.0, 5.0, 2.0, 2.0, 4.0, -14.0, -7.0, 4.0, -7.0, -11.0, -14.0, 4.0, 4.0, -13.0, -22.0, -16.0, -13.0, -3.0, -6.0, -1.0, -1.0, 6.0, 1.0, -5.0, -2.0, 0.0, -13.0, -14.0, -9.0, -9.0, 14.0, -10.0, -3.0, -10.0, 2.0, -10.0, -7.0, -7.0, -10.0, 9.0, -10.0, -17.0, -15.0, 0.0, 9.0, -4.0, -18.0, -6.0, 4.0, -3.0, -7.0, -6.0, -8.0, 8.0, -8.0, 0.0, 13.0, -16.0, -9.0, 0.0, -6.0, -4.0, -5.0, -24.0, -30.0, -10.0, -32.0, -5.0, 10.0, -25.0, -21.0, -5.0, -16.0, -9.0, -10.0, -15.0, 6.0, -4.0, -21.0, 12.0, -9.0, -1.0, 4.0, -4.0, -10.0, -1.0, -1.0, -11.0, -10.0, -6.0, -17.0, -3.0, -5.0, 6.0, -7.0, 2.0, -6.0, -3.0, -7.0, 9.0, -15.0, 0.0, -5.0, 2.0, -11.0, -11.0, -3.0, -9.0, -7.0, -1.0, -9.0, 5.0, -1.0, 0.0, -7.0, -5.0, -28.0, 4.0, -13.0, -3.0, 20.0, -7.0, -20.0, 1.0, -11.0, 1.0, -3.0, -7.0, -16.0, -11.0, 6.0, 8.0, -2.0, 11.0, 9.0, 2.0, 2.0, -18.0, -17.0, -10.0, -10.0, -6.0, 11.0, -8.0, -7.0, 2.0, 6.0, -9.0, -7.0, -3.0, -6.0, -14.0, -21.0, -1.0, -5.0, -14.0, -10.0, -27.0, -13.0, 1.0, 5.0, 0.0, -6.0, 9.0, -5.0, -4.0, -16.0, 1.0, -8.0, 6.0, -2.0, -6.0, -10.0, -1.0, 8.0, -6.0, 7.0, -5.0, 7.0, -1.0, 4.0, 10.0, 3.0, -15.0, 3.0, 4.0, 7.0, -6.0, 4.0, 2.0, -10.0, 0.0, -14.0, 9.0, 1.0, -6.0, -14.0, -6.0, -4.0, -11.0, 11.0, -8.0, 0.0, 5.0, -9.0, 0.0, -9.0, -1.0, 10.0, -10.0, -19.0, -21.0, -7.0, 7.0, 1.0, -10.0, -7.0, -3.0, 1.0, 0.0, 2.0, 8.0, -19.0, -9.0, -7.0, -15.0, -12.0, -5.0, -4.0, -33.0, 5.0, 5.0, -5.0, -16.0, -16.0, -4.0, -10.0, 4.0, -19.0, 5.0, -15.0, -4.0, 1.0, -6.0, -19.0, -23.0, 5.0, 8.0, -20.0, -13.0, 4.0, 6.0, -11.0, -5.0, -3.0, -7.0, -12.0, -3.0, 2.0, -17.0, -17.0, -10.0, -2.0, -17.0, -5.0, -16.0, 24.0, 14.0, -6.0, -18.0, -3.0, -2.0, 0.0, -1.0, 0.0, -16.0, -10.0, 1.0, -10.0, -25.0, -6.0, 2.0, -6.0, -13.0, 2.0, 29.0, 2.0, -4.0, -6.0, -5.0, -6.0, 7.0, -7.0, -6.0, 0.0, -4.0, -23.0, -33.0, 9.0, -10.0, -6.0, 2.0, -4.0, 5.0, -2.0, -6.0, -13.0, -11.0, -20.0, -1.0, 7.0, -14.0, -3.0, 20.0, 4.0, -19.0, 3.0, -20.0, -7.0, -10.0, -9.0, 8.0, 10.0, 4.0, -6.0, -6.0, 9.0, -7.0, 10.0, 7.0, -6.0, -5.0, -8.0, 4.0, -2.0, -35.0, 11.0, -15.0, -5.0, -4.0, -5.0, -2.0, -2.0, -21.0, -9.0, -5.0, -2.0, -11.0, -5.0, 2.0, 4.0, -16.0, -7.0, -16.0, -4.0, -12.0, 18.0, 2.0, -13.0, -10.0, -14.0, -1.0, -23.0, -15.0, -4.0, -5.0, -18.0, -4.0, 6.0, -12.0, -9.0, -4.0, -6.0, -20.0, 13.0, 3.0, -13.0, -6.0, 0.0, 3.0, 14.0, -6.0, -10.0, 2.0, -4.0, -7.0, -18.0, 9.0, -6.0, -27.0]",-54.9285266055146,0.0,0.0,0,0.0034601688385009766
51,"[-0.4232944, -0.38798717, -0.9415513, 0.71274143, 0.8402502, 0.047995, -0.80008173, -0.62936264, -0.9594016, -0.58612293, 0.7521249, -0.80847937, -0.8374007, 0.9168949, -0.70088965, 0.12352181, 0.27927765, -0.699378, -0.43507078, -0.8981939, -0.31995317, 0.014623462, -0.68466294, -0.99880254, 0.064629994, -0.74066824, -0.3449568, -0.16465558, 0.8290679, -0.05035, 0.02128366, -0.6779466, -0.49643105, -0.41851294, 0.76387674, 0.80558836, 0.18830232, 0.31932333, -0.34655514, 0.29718322, 0.6659049, -0.9994949, 0.012729982, 0.11286718, -0.54979044, 0.34342813, 0.7639457, -0.28867483, -0.17129548, 0.4704583, 0.15989313, -0.86036175, 0.7579516, 0.06894063, 0.6402281, 0.720582, -0.96602625, 0.772409, -0.46540105, 0.41405758, -0.6637932, -0.2985756, 0.031795327, -0.263981, 0.3260734, 0.288946, 0.9117029, -0.4143339, 0.5987426, -0.87275845, -0.5480518, 0.17103626, -0.9982975, 0.22553824, -0.12953673, -0.84872293, 0.38351744, -0.8762291, 0.5796536, 0.39966816, 0.6029725, 0.16066924, 0.98984426, 0.9259, -0.78925514, 0.15684049, -0.17314279, 0.22408995, -0.005406299, 0.5305247, 0.39055675, 0.3514532, -0.3315086, -0.443889, -0.83945984, 0.1855494, -0.6535455, 0.9579349, 0.92356443, 0.0005758411, 0.652326, 0.9902188, 0.6199304, 0.9409785, -0.9591594, -0.1085901, -0.7087284, -0.66623366, -0.3983116, 0.29031926, 0.4897658, 0.5538385, 0.68928117, -0.2805484, -0.28545514, 0.76912373, 0.66123176, 0.22788292, -0.46859947, -0.49721584, 0.22099958, 0.59772766, -0.9705532, -0.50761694, 0.25536227, -0.30216807, 0.57183003, 0.8860315, 0.24212442, -0.3305803, -0.13186306, 0.19453926, 0.10076588, -0.65043783, -0.78639686, 0.4349426, 0.3985533, 0.6117967, 0.092433736, -0.47307462, 0.68492085, -0.45989165, 0.22005498, -0.07036749, 0.22216095, -0.04647736, 0.68225455, -0.36290547, -0.16149889, 0.75426465, -0.38891286, -0.21711726, -0.7948035, -0.8960368, -0.5688485, 0.49819118, -0.494121, -0.13364227, -0.44092694, 0.3128666, 0.77064973, -0.8674378, 0.57311076, 0.64398414, 0.72518766, 0.85413706, 0.34181088, 0.623902, 0.57988375, -0.6548219, 0.9493523, 0.13773882, 0.4998576, 0.7742527, -0.12296632, 0.8896115, 0.010711387, 0.9637301, -0.28129068, -0.5714491, -0.15962915, 0.19272107, -0.43707693, -0.32466248, -0.07280482, 0.3874152, -0.13123478, 0.9376709, -0.56813705, 0.2970627, -0.33432683, 0.21403255, 0.69159615, -0.8603749, 0.035610996, 0.9596287, -0.965372, 0.8479682, 0.75254476, -0.25613567, 0.062458538, -0.9844716, 0.91875505, 0.5870761, -0.74175733, -0.72274995, -0.6023457, 0.37737682, 0.42095318, 0.46527243, 0.103531346, 0.16154021, 0.85406655, 0.3832493, -0.26940292, 0.27050287, -0.78987116, 0.91009724, -0.57308555, 0.044768747, 0.14865486, 0.661514, -0.63882357, -0.7013762, -0.566125, 0.57569057, 0.082821816, 0.73406994, 0.3927027, 0.42328212, 0.83259016, 0.19006296, -0.6393975, -0.5562737, 0.22027968, 0.85085404, 0.2913247, -0.45291123, 0.037373118, 0.39546832, -0.65235466, 0.5208986, 0.46493238, 0.7706611, 0.27070025, -0.72252107, 0.09867987, 0.56500083, 0.3473315, -0.691266, 0.1580353, -0.42643282, 0.81949264, -0.049528036, 0.02219658, -0.36614785, 0.81111324, -0.7718533, 0.16046102, -0.7846905, 0.77337533, -0.536655, -0.557278, -0.21816865, -0.43885693, 0.785959, -0.6264129, 0.35891017, 0.8709111, 0.11389827, -0.7988501, 0.6292518, -0.7262625, -0.18388571, 0.67317337, -0.56882983, 0.8963723, 0.37821883, -0.19793983, 0.82719475, 0.4641276, 0.68303925, 0.080890685, 0.069471724, -0.8024588, 0.8958394, 0.0013990039, 0.4977412, -0.8317988, -0.76521075, -0.6252127, 0.21771626, -0.9292577, 0.10619784, -0.154579, -0.29347083, 0.33951843, -0.40749714, -0.057784066, 0.039958913, -0.411213, 0.18166739, 0.5400197, -0.76408833, -0.94996136, 0.834908, -0.122028776, -0.7473609, -0.21368052, 0.49403098, 0.95811564, 0.19646631, 0.6815359, -0.916097, -0.14452256, 0.40594652, -0.98508054, 0.41450277, -0.5807752, 0.17971797, 0.8871513, 0.5615707, 0.7711558, -0.52609265, -0.43810695, 0.5381731, 0.20115799, 0.89314604, 0.19025065, -0.29753792, -0.2924925, -0.663743, -0.8600667, -0.61626095, 0.8664976, -0.81745505, 0.43710133, 0.8479572, -0.21863842, 0.81163806, -0.5965742, 0.08043669, -0.6742675, 0.20956762, 0.17655711, 0.19582926, 0.45770994, 0.6995792, -0.019237725, 0.6067083, -0.30820665, 0.025660299, -0.9318298, 0.124586895, 0.4968729, 0.74786586, -0.46796748, 0.2471804, 0.15187992, -0.17682226, -0.8591687, 0.28583327, -0.860946, 0.68148047, 0.7347085, 0.39193025, -0.37743837, 0.3727379, -0.060548034, 0.5744261, -0.4409114, -0.8615998, -0.34640065, 0.19199611, 0.57982236, -0.621797, -0.5521569, 0.643142, -0.5154741, -0.48517346, -0.32169518, -0.6315905, -0.68682003, 0.24080303, -0.8036597, -0.6017291, -0.7156438, -0.45650673, -0.27653453, -0.8991963, 0.7297804, -0.070717044, -0.0003190858, 0.61758715, 0.97650087, 0.2561408, 0.7180641, 0.8180639, -0.75397813, 0.7027406, -0.8964555, -0.2605056, -0.31838477, -0.1450153, -0.745742, -0.6369337, 0.5268834, 0.03254909, 0.89969206, -0.38262174, 0.64430755, 0.31675994, 0.6470808, 0.15427473, 0.50228155, 0.77834195, 0.9013712, 0.6839144, 0.4106402, -0.06898959, 0.9036244, -0.031024853, -0.0024769567, 0.03679716, 0.68157446, 0.36575648, -0.6561027, 0.36199734, -0.9486334, -0.2562107, 0.40202063, -0.42225856, 0.93230826, -0.19407423, 0.6602527, 0.19347747, 0.7102433, -0.117973275, -0.20597726, 0.91971266, -0.5767848, 0.8501638, 0.5688614, 0.03882744, -0.8865768, 0.37782997, -0.60116535, 0.46928307, 0.32528841, 0.73797756, 0.2773251, -0.017735608, -0.7935721, -0.6742698, 0.6530921, 0.69879895, -0.7229893, 0.110622615, 0.23395488, -0.7992903, 0.46206892, -0.67812985, -0.7149187, -0.4843133, 0.21418273, -0.11031128, -0.6288733, 0.02914778, -0.7534743, -0.3462653, 0.41868532, -0.19937736, 0.6025571, 0.1856712, 0.5759032, 0.46494713, 0.23826365, 0.7607297, -0.7184881, 0.7382796, -0.6189622, 0.7114579, -0.312511, -0.26311913, -0.7593727, -0.21729515, 0.13821541, 0.14296204, -0.27792436, 0.5882892, -0.7474358, -0.90494823, -0.27736992, -0.2870353, 0.87729955, -0.5101851, -0.9640397, 0.90171546, 0.60906136, 0.8103843]","[7.0, 0.0, -18.0, -7.0, -2.0, -9.0, 6.0, -12.0, -20.0, -11.0, -2.0, 22.0, 5.0, 0.0, -12.0, -1.0, -4.0, 1.0, -10.0, 0.0, -26.0, 5.0, 0.0, 1.0, -7.0, -14.0, -6.0, -24.0, -5.0, -20.0, -14.0, 7.0, 0.0, 14.0, -2.0, -11.0, -8.0, -12.0, 3.0, 1.0, 3.0, 14.0, -8.0, -6.0, -16.0, 11.0, -6.0, -9.0, 1.0, -5.0, -5.0, -3.0, 6.0, 3.0, -17.0, -11.0, -9.0, 13.0, 5.0, 4.0, -11.0, 2.0, -18.0, 5.0, -5.0, -1.0, -3.0, -8.0, 1.0, -2.0, -21.0, 17.0, -10.0, -19.0, -22.0, -6.0, -4.0, -12.0, -2.0, -10.0, 16.0, -10.0, 7.0, -23.0, -10.0, -11.0, 2.0, 8.0, -8.0, -6.0, -1.0, -18.0, -4.0, -4.0, 4.0, -8.0, -15.0, -5.0, -7.0, -5.0, -13.0, 1.0, -6.0, -3.0, 7.0, -19.0, 13.0, -14.0, -10.0, -13.0, -11.0, 5.0, 2.0, 2.0, 4.0, -14.0, -7.0, 4.0, -7.0, -11.0, -14.0, 4.0, 4.0, -13.0, -22.0, -16.0, -13.0, -3.0, -6.0, -1.0, -1.0, 6.0, 1.0, -5.0, -2.0, 0.0, -13.0, -14.0, -9.0, -9.0, 14.0, -10.0, -3.0, -10.0, 2.0, -10.0, -7.0, -7.0, -10.0, 9.0, -10.0, -17.0, -15.0, 0.0, 9.0, -4.0, -18.0, -6.0, 4.0, -3.0, -7.0, -6.0, -8.0, 8.0, -8.0, 0.0, 13.0, -16.0, -9.0, 0.0, -6.0, -4.0, -5.0, -24.0, -30.0, -10.0, -32.0, -5.0, 10.0, -25.0, -21.0, -5.0, -16.0, -9.0, -10.0, -15.0, 6.0, -4.0, -21.0, 12.0, -9.0, -1.0, 4.0, -4.0, -10.0, -1.0, -1.0, -11.0, -10.0, -6.0, -17.0, -3.0, -5.0, 6.0, -7.0, 2.0, -6.0, -3.0, -7.0, 9.0, -15.0, 0.0, -5.0, 2.0, -11.0, -11.0, -3.0, -9.0, -7.0, -1.0, -9.0, 5.0, -1.0, 0.0, -7.0, -5.0, -28.0, 4.0, -13.0, -3.0, 20.0, -7.0, -20.0, 1.0, -11.0, 1.0, -3.0, -7.0, -16.0, -11.0, 6.0, 8.0, -2.0, 11.0, 9.0, 2.0, 2.0, -18.0, -17.0, -10.0, -10.0, -6.0, 11.0, -8.0, -7.0, 2.0, 6.0, -9.0, -7.0, -3.0, -6.0, -14.0, -21.0, -1.0, -5.0, -14.0, -10.0, -27.0, -13.0, 1.0, 5.0, 0.0, -6.0, 9.0, -5.0, -4.0, -16.0, 1.0, -8.0, 6.0, -2.0, -6.0, -10.0, -1.0, 8.0, -6.0, 7.0, -5.0, 7.0, -1.0, 4.0, 10.0, 3.0, -15.0, 3.0, 4.0, 7.0, -6.0, 4.0, 2.0, -10.0, 0.0, -14.0, 9.0, 1.0, -6.0, -14.0, -6.0, -4.0, -11.0, 11.0, -8.0, 0.0, 5.0, -9.0, 0.0, -9.0, -1.0, 10.0, -10.0, -19.0, -21.0, -7.0, 7.0, 1.0, -10.0, -7.0, -3.0, 1.0, 0.0, 2.0, 8.0, -19.0, -9.0, -7.0, -15.0, -12.0, -5.0, -4.0, -33.0, 5.0, 5.0, -5.0, -16.0, -16.0, -4.0, -10.0, 4.0, -19.0, 5.0, -15.0, -4.0, 1.0, -6.0, -19.0, -23.0, 5.0, 8.0, -20.0, -13.0, 4.0, 6.0, -11.0, -5.0, -3.0, -7.0, -12.0, -3.0, 2.0, -17.0, -17.0, -10.0, -2.0, -17.0, -5.0, -16.0, 24.0, 14.0, -6.0, -18.0, -3.0, -2.0, 0.0, -1.0, 0.0, -16.0, -10.0, 1.0, -10.0, -25.0, -6.0, 2.0, -6.0, -13.0, 2.0, 29.0, 2.0, -4.0, -6.0, -5.0, -6.0, 7.0, -7.0, -6.0, 0.0, -4.0, -23.0, -33.0, 9.0, -10.0, -6.0, 2.0, -4.0, 5.0, -2.0, -6.0, -13.0, -11.0, -20.0, -1.0, 7.0, -14.0, -3.0, 20.0, 4.0, -19.0, 3.0, -20.0, -7.0, -10.0, -9.0, 8.0, 10.0, 4.0, -6.0, -6.0, 9.0, -7.0, 10.0, 7.0, -6.0, -5.0, -8.0, 4.0, -2.0, -35.0, 11.0, -15.0, -5.0, -4.0, -5.0, -2.0, -2.0, -21.0, -9.0, -5.0, -2.0, -11.0, -5.0, 2.0, 4.0, -16.0, -7.0, -16.0, -4.0, -12.0, 18.0, 2.0, -13.0, -10.0, -14.0, -1.0, -23.0, -15.0, -4.0, -5.0, -18.0, -4.0, 6.0, -12.0, -9.0, -4.0, -6.0, -20.0, 13.0, 3.0, -13.0, -6.0, 0.0, 3.0, 14.0, -6.0, -10.0, 2.0, -4.0, -7.0, -18.0, 9.0, -6.0, -27.0]",-54.9285266055146,0.0,0.0,0,0.0031957626342773438
52,"[0.1334031, -0.21219406, -0.3484325, -0.16602884, -0.5702061, -0.36791623, -0.20337209, -0.07918448, 0.8592958, -0.34613478, 0.6322138, 0.7497025, 0.029738462, -0.29339865, -0.13221505, 0.68786144, -0.1029043, -0.36860073, -0.20656975, 0.59793943, 0.12800723, 0.22450925, 0.6942435, -0.15075618, -0.5988238, -0.8209034, -0.5490083, 0.9486408, -0.7468739, 0.38228664, -0.12697616, -0.081779145, -0.042642936, 0.5679341, 0.9980539, 0.81500494, 0.39329544, 0.50813687, -0.8855578, 0.11117492, -0.64857906, 0.3734392, 0.51984894, 0.10891955, -0.024572898, 0.17806835, 0.5128739, -0.19702819, -0.27711424, 0.44219053, -0.03714504, 0.6189052, 0.84250206, 0.83634394, 0.010297348, -0.94278294, 0.013861657, 0.9095561, -0.91318667, 0.6123518, 0.16975069, -0.52636725, -0.81923336, 0.9604443, -0.7669657, -0.8858548, 0.89893097, -0.91034395, 0.7070776, -0.23741855, 0.81821865, 0.056337986, 0.9108041, 0.29167548, -0.5980191, -0.43795523, 0.452589, -0.9774094, -0.38760546, 0.29199454, -0.5533914, 0.08702416, -0.4021268, -0.41740423, 0.21017899, 0.98455024, 0.06533554, 0.095509775, 0.38978586, 0.62345415, -0.64638734, 0.09094701, -0.68322986, -0.40523642, -0.27274308, 0.568727, -0.17430039, -0.45724097, 0.34619874, 0.75998414, -0.022549653, 0.8254807, 0.2029507, 0.6298451, -0.280199, -0.43753517, 0.5096745, 0.3046098, -0.18324038, 0.6834059, 0.8585364, 0.09236233, 0.09684719, -0.34783006, -0.9131315, -0.20048904, 0.99523896, 0.9840411, -0.3635904, -0.19514273, 0.5139805, 0.84251994, 0.98971593, -0.6426587, 0.79415435, 0.3746618, 0.8065376, 0.95632535, -0.35975745, 0.05004557, -0.95367175, 0.06155034, 0.2991691, 0.042095795, 0.96882474, -0.31719375, 0.6019007, -0.95800656, -0.15255138, 0.954758, -0.48874378, -0.07765853, -0.44499114, 0.6085449, 0.19316608, 0.10413357, 0.35202596, -0.2333459, -0.10975437, 0.5770799, 0.11654293, 0.44434905, -0.87697005, 0.60145885, -0.67686915, 0.3206626, -0.76254475, 0.55649734, 0.8789157, 0.64219373, 0.112838395, -0.76703995, -0.76404643, 0.0500123, -0.7959382, 0.50259227, -0.83093774, 0.15350564, 0.87003493, 0.76742256, -0.6376665, 0.9971298, 0.18221392, -0.4818011, 0.47167867, 0.41527843, 0.84131235, 0.5968059, -0.3737814, 0.16063154, 0.2695207, 0.5112441, -0.66343963, 0.6331027, -0.59853685, -0.7576899, 0.9086358, 0.14535709, -0.50291866, 0.34647188, -0.8695757, 0.8494911, 0.691845, -0.17071791, 0.41638365, -0.23424509, -0.6342579, 0.082704164, 0.01573241, -0.51422095, -0.36716607, 0.46007907, -0.71659017, -0.99291253, -0.16878624, 0.59801024, 0.9203822, 0.035030637, 0.74887985, 0.3659442, 0.58261037, -0.09919006, -0.44385186, 0.31820247, -0.40956458, 0.44242746, -0.2814835, -0.7625845, 0.261573, -0.035657104, -0.30754367, -0.09153516, -0.96595865, -0.96736634, 0.19989268, -0.75182086, 0.28861144, 0.42799413, 0.4746255, 0.41534933, -0.8635881, -0.19171454, -0.75850636, -0.42971537, 0.6350158, 0.7717668, 0.31486645, 0.75444764, -0.23157905, -0.83997124, 0.7760577, -0.4795975, 0.00570091, 0.64890593, -0.4033871, -0.45857316, -0.009103259, 0.91643554, 0.8630253, -0.70818704, -0.72590667, 0.9043374, -0.12630357, 0.36123613, -0.18610841, -0.9775821, 0.3607104, -0.3739099, -0.11323721, 0.13746709, 0.44114968, -0.85435086, 0.7578412, 0.053134028, 0.025221132, 0.78026164, -0.0062951236, -0.6861852, -0.2834924, 0.49703142, 0.28819698, -0.6957253, 0.76669073, -0.56033796, -0.31993878, -0.41332996, 0.7213512, -0.92180705, -0.4506015, 0.17313679, 0.04618712, 0.80389893, 0.014476672, -0.40843666, -0.34610435, 0.95226085, -0.6730748, 0.77057797, 0.68382955, -0.11009435, -0.09516009, -0.63586944, -0.52055687, 0.797298, -0.1467698, 0.5798828, -0.3526362, 0.1903885, 0.8768754, -0.5789111, -0.39050874, 0.30241972, 0.5718821, 0.04995418, -0.4491391, 0.2276042, -0.8103106, -0.370177, -0.43960983, -0.87124753, -0.6034647, 0.959605, -0.3532926, -0.7602128, 0.43933058, 0.858276, -0.19563518, -0.112945296, -0.7812869, 0.8751426, -0.42910737, -0.020614339, -0.6310669, 0.34520802, 0.19425659, 0.75664216, 0.3683671, -0.56580734, -0.15720166, 0.7182397, -0.47302526, -0.53357804, 0.70243317, -0.062246952, 0.826958, 0.19023816, -0.94906276, 0.059509236, -0.3617559, 0.022352602, 0.808607, -0.4397713, -0.18264608, -0.26165375, -0.44608435, -0.7024754, 0.8437841, 0.032708008, -0.16368008, -0.7506778, 0.87323123, -0.30449283, -0.1313416, -0.65694845, -0.5952463, -0.3879562, 0.8352329, -0.19589722, 0.8368488, -0.2188554, 0.78625715, -0.74192, 0.9168592, 0.35995248, 0.5336794, 0.7614908, -0.22478068, -0.11957786, 0.80909395, 0.43835416, 0.52186626, -0.8212536, 0.40011317, 0.3548221, 0.36905435, 0.33244506, -0.77710074, -0.09796542, -0.45249817, 0.3882584, -0.23689991, 0.49784958, -0.2948466, -0.31358713, 0.92085356, -0.23555437, 0.34761846, 0.8115907, -0.54692316, 0.19147608, -0.3136206, 0.851723, -0.13661002, 0.045877665, -0.39453086, 0.7317826, -0.6865215, 0.26930884, 0.025603002, 0.14034565, 0.16807699, -0.9141193, -0.9863929, -0.09398261, 0.82778424, -0.98188365, 0.8016223, 0.12998335, -0.763357, 0.6527232, 0.809589, 0.83272743, 0.28744054, 0.6579238, -0.68211704, -0.5395077, 0.45067006, -0.7513037, -0.85614794, -0.102196395, 0.7232861, 0.8767698, -0.7243631, 0.45351163, 0.08379379, 0.039471913, 0.13842386, 0.64409614, 0.5344596, 0.18302256, 0.6369916, 0.62579834, 0.44207343, 0.5867497, -0.08458718, 0.21942233, 0.80790675, -0.40708598, -0.42726922, -0.30823943, -0.061615996, -0.6841352, -0.8373793, 0.2467574, 0.81771696, -0.46711618, -0.2537566, 0.4548411, 0.024821237, 0.84300745, -0.9985458, 0.4949001, -0.6758734, 0.90228474, 0.89920133, -0.7821412, 0.5449771, -0.9658144, 0.39809188, -0.1376648, -0.84702075, 0.8221472, 0.11395172, -0.89935493, -0.81598765, 0.05371658, -0.7365046, 0.45853087, 0.89443755, 0.7671604, -0.8917629, -0.07867751, 0.909509, -0.011069284, 0.5353117, 0.55540866, -0.7202975, -0.30301127, 0.35370225, 0.9642145, 0.8638634, -0.2571081, 0.6856395, -0.058641117, 0.78693664, 0.43625745, -0.53247434, 0.47834185, -0.50829417, 0.1228762, 0.16081879, 0.33694214, -0.35732883, -0.9866348, 0.7617636, -0.40746692, 0.20262721, 0.99981374, 0.5873681, -0.71278125]","[7.0, 0.0, -18.0, -7.0, -2.0, -9.0, 6.0, -12.0, -20.0, -11.0, -2.0, 22.0, 5.0, 0.0, -12.0, -1.0, -4.0, 1.0, -10.0, 0.0, -26.0, 5.0, 0.0, 1.0, -7.0, -14.0, -6.0, -24.0, -5.0, -20.0, -14.0, 7.0, 0.0, 14.0, -2.0, -11.0, -8.0, -12.0, 3.0, 1.0, 3.0, 14.0, -8.0, -6.0, -16.0, 11.0, -6.0, -9.0, 1.0, -5.0, -5.0, -3.0, 6.0, 3.0, -17.0, -11.0, -9.0, 13.0, 5.0, 4.0, -11.0, 2.0, -18.0, 5.0, -5.0, -1.0, -3.0, -8.0, 1.0, -2.0, -21.0, 17.0, -10.0, -19.0, -22.0, -6.0, -4.0, -12.0, -2.0, -10.0, 16.0, -10.0, 7.0, -23.0, -10.0, -11.0, 2.0, 8.0, -8.0, -6.0, -1.0, -18.0, -4.0, -4.0, 4.0, -8.0, -15.0, -5.0, -7.0, -5.0, -13.0, 1.0, -6.0, -3.0, 7.0, -19.0, 13.0, -14.0, -10.0, -13.0, -11.0, 5.0, 2.0, 2.0, 4.0, -14.0, -7.0, 4.0, -7.0, -11.0, -14.0, 4.0, 4.0, -13.0, -22.0, -16.0, -13.0, -3.0, -6.0, -1.0, -1.0, 6.0, 1.0, -5.0, -2.0, 0.0, -13.0, -14.0, -9.0, -9.0, 14.0, -10.0, -3.0, -10.0, 2.0, -10.0, -7.0, -7.0, -10.0, 9.0, -10.0, -17.0, -15.0, 0.0, 9.0, -4.0, -18.0, -6.0, 4.0, -3.0, -7.0, -6.0, -8.0, 8.0, -8.0, 0.0, 13.0, -16.0, -9.0, 0.0, -6.0, -4.0, -5.0, -24.0, -30.0, -10.0, -32.0, -5.0, 10.0, -25.0, -21.0, -5.0, -16.0, -9.0, -10.0, -15.0, 6.0, -4.0, -21.0, 12.0, -9.0, -1.0, 4.0, -4.0, -10.0, -1.0, -1.0, -11.0, -10.0, -6.0, -17.0, -3.0, -5.0, 6.0, -7.0, 2.0, -6.0, -3.0, -7.0, 9.0, -15.0, 0.0, -5.0, 2.0, -11.0, -11.0, -3.0, -9.0, -7.0, -1.0, -9.0, 5.0, -1.0, 0.0, -7.0, -5.0, -28.0, 4.0, -13.0, -3.0, 20.0, -7.0, -20.0, 1.0, -11.0, 1.0, -3.0, -7.0, -16.0, -11.0, 6.0, 8.0, -2.0, 11.0, 9.0, 2.0, 2.0, -18.0, -17.0, -10.0, -10.0, -6.0, 11.0, -8.0, -7.0, 2.0, 6.0, -9.0, -7.0, -3.0, -6.0, -14.0, -21.0, -1.0, -5.0, -14.0, -10.0, -27.0, -13.0, 1.0, 5.0, 0.0, -6.0, 9.0, -5.0, -4.0, -16.0, 1.0, -8.0, 6.0, -2.0, -6.0, -10.0, -1.0, 8.0, -6.0, 7.0, -5.0, 7.0, -1.0, 4.0, 10.0, 3.0, -15.0, 3.0, 4.0, 7.0, -6.0, 4.0, 2.0, -10.0, 0.0, -14.0, 9.0, 1.0, -6.0, -14.0, -6.0, -4.0, -11.0, 11.0, -8.0, 0.0, 5.0, -9.0, 0.0, -9.0, -1.0, 10.0, -10.0, -19.0, -21.0, -7.0, 7.0, 1.0, -10.0, -7.0, -3.0, 1.0, 0.0, 2.0, 8.0, -19.0, -9.0, -7.0, -15.0, -12.0, -5.0, -4.0, -33.0, 5.0, 5.0, -5.0, -16.0, -16.0, -4.0, -10.0, 4.0, -19.0, 5.0, -15.0, -4.0, 1.0, -6.0, -19.0, -23.0, 5.0, 8.0, -20.0, -13.0, 4.0, 6.0, -11.0, -5.0, -3.0, -7.0, -12.0, -3.0, 2.0, -17.0, -17.0, -10.0, -2.0, -17.0, -5.0, -16.0, 24.0, 14.0, -6.0, -18.0, -3.0, -2.0, 0.0, -1.0, 0.0, -16.0, -10.0, 1.0, -10.0, -25.0, -6.0, 2.0, -6.0, -13.0, 2.0, 29.0, 2.0, -4.0, -6.0, -5.0, -6.0, 7.0, -7.0, -6.0, 0.0, -4.0, -23.0, -33.0, 9.0, -10.0, -6.0, 2.0, -4.0, 5.0, -2.0, -6.0, -13.0, -11.0, -20.0, -1.0, 7.0, -14.0, -3.0, 20.0, 4.0, -19.0, 3.0, -20.0, -7.0, -10.0, -9.0, 8.0, 10.0, 4.0, -6.0, -6.0, 9.0, -7.0, 10.0, 7.0, -6.0, -5.0, -8.0, 4.0, -2.0, -35.0, 11.0, -15.0, -5.0, -4.0, -5.0, -2.0, -2.0, -21.0, -9.0, -5.0, -2.0, -11.0, -5.0, 2.0, 4.0, -16.0, -7.0, -16.0, -4.0, -12.0, 18.0, 2.0, -13.0, -10.0, -14.0, -1.0, -23.0, -15.0, -4.0, -5.0, -18.0, -4.0, 6.0, -12.0, -9.0, -4.0, -6.0, -20.0, 13.0, 3.0, -13.0, -6.0, 0.0, 3.0, 14.0, -6.0, -10.0, 2.0, -4.0, -7.0, -18.0, 9.0, -6.0, -27.0]",-54.9285266055146,0.0,0.0,0,0.003301382064819336
53,"[0.0031313081, 0.98005533, 0.35471874, -0.095865436, 0.6302579, -0.37592828, 0.73134726, -0.62400126, 0.013964591, -0.71901816, -0.81620294, -0.13306896, -0.7874804, 0.2572355, -0.34844485, 0.66585284, -0.32382345, 0.41914174, -0.3144398, -0.75965464, 0.5776536, 0.22529621, 0.83090234, -0.36583674, -0.0417004, 0.35313243, -0.9505528, -0.84975356, -0.34878656, -0.38696405, -0.42555058, 0.013872036, 0.19027841, -0.6642953, -0.13590257, 0.4478696, -0.2728395, 0.6354017, 0.45680732, 0.007935202, 0.66488403, -0.7128589, -0.054016896, -0.2241813, -0.12420975, 0.07229442, -0.35483396, 0.8901312, -0.53897697, -0.062672846, 0.48067746, 0.2065455, 0.40319628, -0.11509386, 0.08573147, 0.75408435, -0.36795256, -0.097250156, 0.25546283, -0.04606109, 0.24402894, 0.35171935, 0.51789266, -0.2490308, -0.4276637, -0.5234108, 0.95364165, -0.57759017, 0.10356604, 0.14388041, -0.6302752, 0.72168905, -0.7627792, 0.9610095, -0.44067922, -0.26372913, -0.5932181, -0.0023739205, 0.5027663, -0.23286885, 0.3448172, 0.20270522, 0.26729226, 0.4403492, 0.8188821, -0.9343218, -0.35745564, 0.5803891, 0.019556863, -0.84004134, -0.2528153, 0.26589587, -0.1678932, -0.58669025, -0.18759824, -0.08228164, 0.41295117, -0.7901225, -0.35046387, 0.27282634, -0.43959072, -0.68510926, 0.78240687, 0.18216988, -0.48668015, 0.55706364, -0.14422704, 0.23150826, -0.38517463, 0.92044395, 0.4754396, 0.82625955, -0.39499903, -0.6391547, -0.4878, -0.42271832, -0.036702752, 0.37727883, 0.72823423, -0.6017526, -0.7323508, -0.3261329, 0.46396822, -0.1861733, 0.714398, 0.36003825, 0.37338385, -0.6322969, -0.9044786, -0.36998633, 0.47516057, -0.6188975, -0.17314066, 0.3600237, -0.413384, -0.19996159, 0.9770836, 0.8577499, 0.69179976, 0.6710201, 0.7813777, -0.048192617, 0.19392313, 0.63276815, 0.6843852, -0.62712586, -0.09798177, 0.5696233, 0.43929324, 0.4555484, -0.47434002, 0.7337894, -0.68233794, 0.19731635, 0.877988, 0.5597389, 0.022643821, -0.9468846, -0.06539772, 0.547751, -0.33754045, 0.47319257, 0.45169976, -0.6122681, -0.38908458, 0.79792786, 0.6738342, -0.34683862, 0.81940794, 0.24291955, 0.8568691, 0.54940426, 0.6246385, -0.4093448, 0.5474024, -0.8300219, 0.96797633, 0.5723017, 0.48596594, 0.5801013, -0.19063814, 0.9186618, -0.5320655, 0.7206281, 0.52261984, -0.5002674, 0.68780416, -0.039086763, -0.77610624, 0.5084132, -0.59910196, -0.96871364, -0.1243073, -0.6990706, 0.75742644, -0.74514407, -0.6235932, -0.27261436, 0.8350084, 0.16382033, -0.9547446, 0.8775393, 0.13622183, -0.9121831, -0.40556917, -0.76978725, -0.49647212, -0.81434894, -0.70101124, -0.39154294, 0.40715075, -0.53378665, 0.062366024, -0.6556163, -0.09587398, -0.15363383, 0.62941194, -0.9033345, -0.49394098, 0.15066245, 0.8940515, 0.40386176, 0.28307554, 0.2562396, 0.33495194, 0.10290275, -0.8294351, -0.02010372, -0.5906815, -0.38763335, -0.68788356, 0.53219146, -0.7164901, 0.101245254, -0.1990019, -0.69856274, -0.42024726, 0.28515512, -0.1373098, -0.40262106, -0.14306156, -0.27526626, 0.91691107, -0.719634, 0.553006, 0.5446799, -0.042862423, -0.40361005, -0.45532092, 0.39854905, 0.62468314, 0.36608773, -0.97588235, -0.10366539, -0.30632144, 0.011899899, 0.5253134, -0.2686032, -0.38939956, 0.7571781, 0.5080797, -0.50599, 0.9529013, -0.69336987, 0.3337312, -0.517155, 0.97440326, -0.56545776, -0.7038089, 0.5211877, 0.6565481, -0.70936316, -0.06136835, -0.68817735, -0.95385045, -0.8142074, 0.82890236, -0.560478, -0.8603236, 0.3261997, 0.8256572, 0.22185758, 0.06382242, 0.30522156, 0.862171, 0.5734873, -0.45965642, -0.8948194, -0.39572498, 0.5825727, -0.19970939, 0.7095734, 0.3457475, 0.31280762, -0.7144584, -0.78150153, -0.2877589, 0.5789701, 0.99088377, 0.08164759, 0.6070551, -0.9654949, 0.5848642, -0.6772951, -0.7056158, 0.7820726, 0.85458034, -0.9079576, -0.5694233, 0.6687051, 0.6600396, -0.79336786, -0.5584935, -0.78791595, 0.74868864, 0.04772849, -0.25280395, -0.17736714, 0.36252794, -0.1091034, -0.13084577, -0.38759366, 0.92758816, -0.6683965, -0.6083567, 0.3499338, -0.21026833, 0.09322874, 0.26383364, 0.47468904, -0.31145775, -0.560966, -0.60578513, 0.4366919, 0.65761554, 0.46822903, 0.2291474, 0.7011283, -0.9403565, -0.35155225, -0.07478954, -0.30312183, 0.70553416, -0.7111778, 0.30566213, 0.64796174, 0.31616238, 0.57208097, -0.95041996, 0.517586, -0.08598532, -0.4058743, -0.921426, 0.13323717, 0.05060337, -0.47086298, 0.0035481844, 0.5673127, -0.37934282, -0.19807424, 0.28685555, 0.09662529, -0.64106613, 0.13467775, 0.4751125, 0.16227728, 0.22936107, -0.8117833, 0.2560709, 0.114089526, -0.03366816, -0.20664069, 0.65442103, 0.40258002, -0.59273595, 0.5202879, 0.253456, -0.51693857, 0.5431727, -0.10945038, 0.38402545, -0.37656102, -0.29420334, -0.3548544, -0.29840267, -0.13362914, 0.5074666, -0.7111213, 0.4717257, -0.76236254, -0.8966525, -0.8708343, 0.7925205, 0.49118027, 0.898963, -0.02370596, 0.16037132, -0.085350856, -0.68348163, 0.78372186, -0.8024627, 0.91877294, 0.32170036, 0.8649546, 0.74132425, 0.45318082, -0.62852645, -0.17421462, 0.10018277, 0.31174543, -0.7991128, -0.8283564, 0.7113748, -0.34165126, -0.48586145, 0.5731373, -0.5037113, -0.77152276, 0.65281755, 0.6354973, 0.44725284, -0.22831404, -0.88769317, 0.5924211, 0.5594245, 0.07850487, -0.30620226, -0.30514294, 0.8212916, 0.21778521, 0.47966126, -0.39360446, -0.21151495, -0.7332893, 0.08675983, 0.08661139, -0.7192919, -0.050673258, 0.68059, 0.792708, 0.619205, 0.87752295, -0.6408929, 0.015174183, 0.5504243, 0.2448302, 0.6882259, 0.1305574, -0.58182305, -0.7374874, -0.87237257, 0.87037647, -0.3875726, -0.48740035, -0.21989886, -0.24337502, 0.0055930982, -0.19042362, 0.44591093, 0.6183377, 0.26532754, 0.55576533, 0.009552676, 0.496863, -0.50144315, -0.91425186, -0.83345914, -0.28293866, 0.8186923, 0.5690749, 0.80725056, 0.71345323, -0.47251874, -0.18034612, -0.96072394, 0.60383576, 0.11101711, -0.19189139, -0.87452716, -0.23544148, -0.0071720984, 0.06284428, -0.7644312, 0.46516964, 0.78246456, 0.33084324, -0.17056525, 0.14212136, -0.7060777, 0.4363699, 0.9784738, 0.33435032, 0.67130506, -0.70654845, -0.47665942, -0.560849, 0.759817, -0.009513882, 0.8664218, 0.78392833]","[7.0, 0.0, -18.0, -7.0, -2.0, -9.0, 6.0, -12.0, -20.0, -11.0, -2.0, 22.0, 5.0, 0.0, -12.0, -1.0, -4.0, 1.0, -10.0, 0.0, -26.0, 5.0, 0.0, 1.0, -7.0, -14.0, -6.0, -24.0, -5.0, -20.0, -14.0, 7.0, 0.0, 14.0, -2.0, -11.0, -8.0, -12.0, 3.0, 1.0, 3.0, 14.0, -8.0, -6.0, -16.0, 11.0, -6.0, -9.0, 1.0, -5.0, -5.0, -3.0, 6.0, 3.0, -17.0, -11.0, -9.0, 13.0, 5.0, 4.0, -11.0, 2.0, -18.0, 5.0, -5.0, -1.0, -3.0, -8.0, 1.0, -2.0, -21.0, 17.0, -10.0, -19.0, -22.0, -6.0, -4.0, -12.0, -2.0, -10.0, 16.0, -10.0, 7.0, -23.0, -10.0, -11.0, 2.0, 8.0, -8.0, -6.0, -1.0, -18.0, -4.0, -4.0, 4.0, -8.0, -15.0, -5.0, -7.0, -5.0, -13.0, 1.0, -6.0, -3.0, 7.0, -19.0, 13.0, -14.0, -10.0, -13.0, -11.0, 5.0, 2.0, 2.0, 4.0, -14.0, -7.0, 4.0, -7.0, -11.0, -14.0, 4.0, 4.0, -13.0, -22.0, -16.0, -13.0, -3.0, -6.0, -1.0, -1.0, 6.0, 1.0, -5.0, -2.0, 0.0, -13.0, -14.0, -9.0, -9.0, 14.0, -10.0, -3.0, -10.0, 2.0, -10.0, -7.0, -7.0, -10.0, 9.0, -10.0, -17.0, -15.0, 0.0, 9.0, -4.0, -18.0, -6.0, 4.0, -3.0, -7.0, -6.0, -8.0, 8.0, -8.0, 0.0, 13.0, -16.0, -9.0, 0.0, -6.0, -4.0, -5.0, -24.0, -30.0, -10.0, -32.0, -5.0, 10.0, -25.0, -21.0, -5.0, -16.0, -9.0, -10.0, -15.0, 6.0, -4.0, -21.0, 12.0, -9.0, -1.0, 4.0, -4.0, -10.0, -1.0, -1.0, -11.0, -10.0, -6.0, -17.0, -3.0, -5.0, 6.0, -7.0, 2.0, -6.0, -3.0, -7.0, 9.0, -15.0, 0.0, -5.0, 2.0, -11.0, -11.0, -3.0, -9.0, -7.0, -1.0, -9.0, 5.0, -1.0, 0.0, -7.0, -5.0, -28.0, 4.0, -13.0, -3.0, 20.0, -7.0, -20.0, 1.0, -11.0, 1.0, -3.0, -7.0, -16.0, -11.0, 6.0, 8.0, -2.0, 11.0, 9.0, 2.0, 2.0, -18.0, -17.0, -10.0, -10.0, -6.0, 11.0, -8.0, -7.0, 2.0, 6.0, -9.0, -7.0, -3.0, -6.0, -14.0, -21.0, -1.0, -5.0, -14.0, -10.0, -27.0, -13.0, 1.0, 5.0, 0.0, -6.0, 9.0, -5.0, -4.0, -16.0, 1.0, -8.0, 6.0, -2.0, -6.0, -10.0, -1.0, 8.0, -6.0, 7.0, -5.0, 7.0, -1.0, 4.0, 10.0, 3.0, -15.0, 3.0, 4.0, 7.0, -6.0, 4.0, 2.0, -10.0, 0.0, -14.0, 9.0, 1.0, -6.0, -14.0, -6.0, -4.0, -11.0, 11.0, -8.0, 0.0, 5.0, -9.0, 0.0, -9.0, -1.0, 10.0, -10.0, -19.0, -21.0, -7.0, 7.0, 1.0, -10.0, -7.0, -3.0, 1.0, 0.0, 2.0, 8.0, -19.0, -9.0, -7.0, -15.0, -12.0, -5.0, -4.0, -33.0, 5.0, 5.0, -5.0, -16.0, -16.0, -4.0, -10.0, 4.0, -19.0, 5.0, -15.0, -4.0, 1.0, -6.0, -19.0, -23.0, 5.0, 8.0, -20.0, -13.0, 4.0, 6.0, -11.0, -5.0, -3.0, -7.0, -12.0, -3.0, 2.0, -17.0, -17.0, -10.0, -2.0, -17.0, -5.0, -16.0, 24.0, 14.0, -6.0, -18.0, -3.0, -2.0, 0.0, -1.0, 0.0, -16.0, -10.0, 1.0, -10.0, -25.0, -6.0, 2.0, -6.0, -13.0, 2.0, 29.0, 2.0, -4.0, -6.0, -5.0, -6.0, 7.0, -7.0, -6.0, 0.0, -4.0, -23.0, -33.0, 9.0, -10.0, -6.0, 2.0, -4.0, 5.0, -2.0, -6.0, -13.0, -11.0, -20.0, -1.0, 7.0, -14.0, -3.0, 20.0, 4.0, -19.0, 3.0, -20.0, -7.0, -10.0, -9.0, 8.0, 10.0, 4.0, -6.0, -6.0, 9.0, -7.0, 10.0, 7.0, -6.0, -5.0, -8.0, 4.0, -2.0, -35.0, 11.0, -15.0, -5.0, -4.0, -5.0, -2.0, -2.0, -21.0, -9.0, -5.0, -2.0, -11.0, -5.0, 2.0, 4.0, -16.0, -7.0, -16.0, -4.0, -12.0, 18.0, 2.0, -13.0, -10.0, -14.0, -1.0, -23.0, -15.0, -4.0, -5.0, -18.0, -4.0, 6.0, -12.0, -9.0, -4.0, -6.0, -20.0, 13.0, 3.0, -13.0, -6.0, 0.0, 3.0, 14.0, -6.0, -10.0, 2.0, -4.0, -7.0, -18.0, 9.0, -6.0, -27.0]",-54.9285266055146,0.0,0.0,0,0.003218412399291992
54,"[-0.43646187, 0.7310806, 0.012806037, -0.8502348, -0.38117892, 0.60630834, 0.7473055, 0.3187861, 0.49154997, -0.17404716, 0.031250626, 0.8103284, -0.14753363, -0.24941048, 0.69460255, 0.7187514, 0.28288713, -0.9493113, -0.14059895, -0.05613857, 0.856192, -0.24162407, -0.5788373, -0.5170274, -0.262957, -0.6344058, 0.42266908, -0.045207288, 0.8930486, 0.9338423, 0.073720485, -0.7177901, -0.38359222, 0.44888508, 0.2760333, -0.67315274, 0.113678314, 0.6853214, 0.89105564, 0.7216022, 0.5402289, -0.62506473, -0.68137634, 0.31630105, 0.9932822, -0.7430546, -0.92434734, 0.10620384, 0.9438912, 0.5817654, -0.827502, -0.9436518, 0.04984386, -0.48160318, 0.64424664, -0.9468328, -0.91230446, 0.108430296, 0.70721257, -0.84299415, 0.6353657, -0.57877743, 0.463429, 0.99041885, 0.45613772, -0.16563855, 0.7189575, 0.36323443, -0.85157025, -0.49090615, 0.50101554, 0.24419309, -0.9162659, 0.24311009, 0.4491499, -0.024893824, -0.6344218, 0.32734057, -0.29668057, 0.59890395, 0.6369213, 0.85670084, 0.08248448, -0.81430644, 0.1646508, -0.7198393, 0.53611904, 0.67704, -0.17407198, -0.7614134, 0.2784204, 0.32624805, -0.13664947, -0.8060476, 0.22532421, -0.46539247, 0.29859328, -0.4457396, 0.21051653, 0.32237536, 0.2729816, -0.8258465, 0.23323005, 0.91170377, 0.036983486, -0.99474496, 0.5090868, 0.73521775, -0.20204218, -0.33284178, -0.58526343, -0.18928021, 0.94562584, 0.8726397, 0.34915575, -0.96012294, 0.1216483, -0.057142176, 0.35354015, 0.83399594, 0.5604701, 0.61501414, 0.21856031, -0.032951962, 0.5966544, 0.62594515, -0.01815788, -0.42293367, 0.5988006, -0.3822928, 0.6078064, -0.27318454, -0.20386028, 0.5809066, 0.6624501, -0.2980088, 0.39751735, -0.28278407, 0.1203614, -0.52464193, 0.6866542, 0.58664066, -0.6817001, -0.9228515, -0.71929824, -0.43232632, -0.042919077, 0.9502023, -0.23107637, 0.8687099, -0.37479743, 0.04039211, 0.67723966, 0.3712116, -0.47550133, 0.52352095, -0.2691109, -0.41258773, -0.9082547, -0.34228322, 0.8364027, 0.8958736, -0.7418073, -0.36166206, -0.17267098, -0.9690046, 0.62314934, -0.5919238, 0.019708645, 0.75795174, -0.5604441, 0.7313336, 0.44031098, 0.039621573, 0.909355, 0.92755514, -0.9993052, 0.80121225, -0.35110837, 0.83420146, 0.6635673, 0.05113715, 0.16753025, 0.13969725, -0.88800496, -0.09968912, -0.5907487, 0.80423874, 0.17409475, -0.70970815, -0.7766136, 0.99291563, 0.26841846, 0.5077492, 0.46657455, 0.76757145, -0.8524726, 0.7127188, -0.94902605, 0.47737917, -0.0072196242, -0.1883627, -0.54994655, -0.9815673, 0.55486584, 0.43248883, -0.4995073, -0.40718982, -0.21776898, -0.8771316, -0.8949477, 0.30258733, -0.70627844, -0.82787377, -0.11045819, -0.7607951, -0.42322513, -0.9350484, 0.87841874, 0.00060674583, -0.0028018295, -0.1069535, -0.48173118, -0.9836502, 0.009452924, -0.33831328, -0.35019773, 0.81879807, -0.34296754, 0.9386465, -0.6840757, 0.588185, -0.81025654, -0.81926334, 0.19249246, 0.4590957, -0.6588192, 0.22047003, 0.04461047, -0.0639452, 0.08405205, -0.82065517, -0.18575248, -0.9978724, -0.34599188, 0.29074395, -0.06382768, -0.41782022, 0.08131248, 0.4005085, -0.5953268, 0.06269747, 0.56713873, 0.25111783, -0.16016643, 0.58002585, -0.8852793, 0.8461747, -0.6457963, -0.06366078, -0.51310486, 0.28503844, 0.32194608, 0.5484434, 0.7536512, 0.84824044, -0.31838903, -0.49141157, -0.39495277, 0.25139058, -0.62920076, -0.5511871, -0.1454301, 0.50023293, -0.04039819, -0.40478545, -0.71092397, 0.46986833, -0.06440326, -0.085290134, -0.93098605, -0.1618096, 0.8462034, 0.37025675, 0.35387063, -0.5291852, -0.5764563, 0.7217465, 0.3188308, 0.69883996, 0.1590254, 0.66279763, -0.023985554, -0.8169715, -0.62165624, -0.5701534, 0.16933042, -0.8158711, -0.2962264, -0.03896367, 0.5726708, -0.70033574, -0.71082914, -0.7991414, -0.6078881, -0.26917908, -0.42976296, 0.097330794, 0.68448186, -0.19101489, -0.9264995, 0.33923122, -0.4986159, 0.80799943, -0.37817112, -0.63019466, -0.5970783, 0.6501262, 0.17227158, 0.8011289, -0.19773889, -0.44249016, -0.6565207, 0.34579623, 0.7494448, 0.94262344, -0.53649396, 0.6070913, 0.7711876, -0.35955742, 0.8650359, 0.6967676, 0.12247371, -0.17691372, -0.6569583, 0.7463593, 0.98422295, -0.8295019, -0.5817427, 0.6501783, 0.8261408, -0.93404925, 0.7424278, -0.6703837, 0.54970276, 0.15907866, -0.49286333, 0.29298735, -0.056485455, -0.03513318, 0.7528732, -0.2966964, -0.93405384, 0.51843417, -0.5310844, 0.6088133, 0.65875906, -0.7317883, 0.8873414, -0.61154765, 0.68812317, 0.44867516, 0.6527991, -0.15647115, 0.7060728, -0.4971799, 0.33086804, 0.2731751, -0.815076, 0.7584137, -0.9465189, -0.7232272, 0.21643236, 0.8401528, -0.55376345, -0.15113097, -0.24381675, -0.91647184, -0.21593343, 0.8934822, 0.06179087, 0.10673419, -0.9984856, 0.61311495, 0.4844267, -0.21419726, 0.34108275, 0.9273056, -0.7429219, 0.31738773, -0.8393023, -0.22768128, 0.3544539, 0.7567101, -0.29684156, -0.37526676, 0.0425451, -0.6889822, -0.18057297, 0.94275135, 0.966205, -0.35450166, -0.14539185, 0.18431157, 0.78033, 0.77162874, 0.786615, 0.43799788, -0.9675967, -0.2480033, -0.5670695, -0.17508954, -0.36704683, 0.62934124, -0.5649843, 0.81002766, -0.41842043, -0.9602871, -0.1203309, -0.12715967, -0.38223997, -0.40759438, -0.20686696, 0.5963469, -0.25916517, -0.76201487, 0.5403447, 0.17756128, -0.7738447, -0.16009691, -0.2345924, 0.032449864, 0.87093896, -0.690123, -0.3200094, 0.48029798, 0.26837403, 0.6829524, -0.99116164, -0.7995276, 0.9315965, 0.9048988, 0.9307563, -0.28876004, -0.8095615, -0.06918308, -0.93863064, 0.9261735, -0.6832475, -0.6443614, 0.1252304, -0.8028882, -0.5886803, -0.38478237, -0.7056546, -0.8242866, 0.08498581, 0.7821029, 0.23126933, 0.4301683, 0.76965815, -0.50772923, -0.99395, -0.56232554, -0.5130208, 0.7514503, 0.2519587, -0.4409452, 0.01125478, -0.19534414, -0.009549339, 0.8976223, -0.9630639, -0.34101468, 0.04095364, -0.06590713, 0.9997693, -0.7379568, -0.34634194, 0.36310256, -0.012237784, -0.31093815, -0.5201158, -0.4988201, 0.24937536, 0.5427413, 0.29373738, 0.45672703, -0.015117944, 0.40651157, 0.23933038, 0.5508133, 0.48084715, 0.21611595, 0.03140835, 0.12009008, 0.18979184, 0.29058278, -0.8255459, -0.18676513]","[7.0, 0.0, -18.0, -7.0, -2.0, -9.0, 6.0, -12.0, -20.0, -11.0, -2.0, 22.0, 5.0, 0.0, -12.0, -1.0, -4.0, 1.0, -10.0, 0.0, -26.0, 5.0, 0.0, 1.0, -7.0, -14.0, -6.0, -24.0, -5.0, -20.0, -14.0, 7.0, 0.0, 14.0, -2.0, -11.0, -8.0, -12.0, 3.0, 1.0, 3.0, 14.0, -8.0, -6.0, -16.0, 11.0, -6.0, -9.0, 1.0, -5.0, -5.0, -3.0, 6.0, 3.0, -17.0, -11.0, -9.0, 13.0, 5.0, 4.0, -11.0, 2.0, -18.0, 5.0, -5.0, -1.0, -3.0, -8.0, 1.0, -2.0, -21.0, 17.0, -10.0, -19.0, -22.0, -6.0, -4.0, -12.0, -2.0, -10.0, 16.0, -10.0, 7.0, -23.0, -10.0, -11.0, 2.0, 8.0, -8.0, -6.0, -1.0, -18.0, -4.0, -4.0, 4.0, -8.0, -15.0, -5.0, -7.0, -5.0, -13.0, 1.0, -6.0, -3.0, 7.0, -19.0, 13.0, -14.0, -10.0, -13.0, -11.0, 5.0, 2.0, 2.0, 4.0, -14.0, -7.0, 4.0, -7.0, -11.0, -14.0, 4.0, 4.0, -13.0, -22.0, -16.0, -13.0, -3.0, -6.0, -1.0, -1.0, 6.0, 1.0, -5.0, -2.0, 0.0, -13.0, -14.0, -9.0, -9.0, 14.0, -10.0, -3.0, -10.0, 2.0, -10.0, -7.0, -7.0, -10.0, 9.0, -10.0, -17.0, -15.0, 0.0, 9.0, -4.0, -18.0, -6.0, 4.0, -3.0, -7.0, -6.0, -8.0, 8.0, -8.0, 0.0, 13.0, -16.0, -9.0, 0.0, -6.0, -4.0, -5.0, -24.0, -30.0, -10.0, -32.0, -5.0, 10.0, -25.0, -21.0, -5.0, -16.0, -9.0, -10.0, -15.0, 6.0, -4.0, -21.0, 12.0, -9.0, -1.0, 4.0, -4.0, -10.0, -1.0, -1.0, -11.0, -10.0, -6.0, -17.0, -3.0, -5.0, 6.0, -7.0, 2.0, -6.0, -3.0, -7.0, 9.0, -15.0, 0.0, -5.0, 2.0, -11.0, -11.0, -3.0, -9.0, -7.0, -1.0, -9.0, 5.0, -1.0, 0.0, -7.0, -5.0, -28.0, 4.0, -13.0, -3.0, 20.0, -7.0, -20.0, 1.0, -11.0, 1.0, -3.0, -7.0, -16.0, -11.0, 6.0, 8.0, -2.0, 11.0, 9.0, 2.0, 2.0, -18.0, -17.0, -10.0, -10.0, -6.0, 11.0, -8.0, -7.0, 2.0, 6.0, -9.0, -7.0, -3.0, -6.0, -14.0, -21.0, -1.0, -5.0, -14.0, -10.0, -27.0, -13.0, 1.0, 5.0, 0.0, -6.0, 9.0, -5.0, -4.0, -16.0, 1.0, -8.0, 6.0, -2.0, -6.0, -10.0, -1.0, 8.0, -6.0, 7.0, -5.0, 7.0, -1.0, 4.0, 10.0, 3.0, -15.0, 3.0, 4.0, 7.0, -6.0, 4.0, 2.0, -10.0, 0.0, -14.0, 9.0, 1.0, -6.0, -14.0, -6.0, -4.0, -11.0, 11.0, -8.0, 0.0, 5.0, -9.0, 0.0, -9.0, -1.0, 10.0, -10.0, -19.0, -21.0, -7.0, 7.0, 1.0, -10.0, -7.0, -3.0, 1.0, 0.0, 2.0, 8.0, -19.0, -9.0, -7.0, -15.0, -12.0, -5.0, -4.0, -33.0, 5.0, 5.0, -5.0, -16.0, -16.0, -4.0, -10.0, 4.0, -19.0, 5.0, -15.0, -4.0, 1.0, -6.0, -19.0, -23.0, 5.0, 8.0, -20.0, -13.0, 4.0, 6.0, -11.0, -5.0, -3.0, -7.0, -12.0, -3.0, 2.0, -17.0, -17.0, -10.0, -2.0, -17.0, -5.0, -16.0, 24.0, 14.0, -6.0, -18.0, -3.0, -2.0, 0.0, -1.0, 0.0, -16.0, -10.0, 1.0, -10.0, -25.0, -6.0, 2.0, -6.0, -13.0, 2.0, 29.0, 2.0, -4.0, -6.0, -5.0, -6.0, 7.0, -7.0, -6.0, 0.0, -4.0, -23.0, -33.0, 9.0, -10.0, -6.0, 2.0, -4.0, 5.0, -2.0, -6.0, -13.0, -11.0, -20.0, -1.0, 7.0, -14.0, -3.0, 20.0, 4.0, -19.0, 3.0, -20.0, -7.0, -10.0, -9.0, 8.0, 10.0, 4.0, -6.0, -6.0, 9.0, -7.0, 10.0, 7.0, -6.0, -5.0, -8.0, 4.0, -2.0, -35.0, 11.0, -15.0, -5.0, -4.0, -5.0, -2.0, -2.0, -21.0, -9.0, -5.0, -2.0, -11.0, -5.0, 2.0, 4.0, -16.0, -7.0, -16.0, -4.0, -12.0, 18.0, 2.0, -13.0, -10.0, -14.0, -1.0, -23.0, -15.0, -4.0, -5.0, -18.0, -4.0, 6.0, -12.0, -9.0, -4.0, -6.0, -20.0, 13.0, 3.0, -13.0, -6.0, 0.0, 3.0, 14.0, -6.0, -10.0, 2.0, -4.0, -7.0, -18.0, 9.0, -6.0, -27.0]",-54.9285266055146,0.0,0.0,0,0.0031960010528564453
55,"[0.4729091, -0.28222573, -0.06985915, -0.5119366, 0.24138609, -0.461284, -0.27180493, -0.5322031, 0.6441118, 0.03125102, -0.2396778, 0.20123076, -0.08413156, 0.31262535, 0.62018305, 0.9593124, -0.13666098, -0.070258334, -0.5436823, 0.6018136, -0.5335405, -0.13012, 0.4308309, 0.28228718, 0.81466526, -0.6596811, -0.65365267, 0.0712609, 0.46018574, 0.9177002, 0.92989016, -0.3329189, 0.15594466, 0.01507067, -0.53621334, -0.13025379, 0.20019993, -0.64976704, 0.62051374, -0.5262666, -0.40930113, 0.6576963, -0.26444536, -0.70883876, -0.049531605, -0.3702113, 0.50803834, -0.11129565, 0.2929229, -0.3636734, 0.6640026, 0.40748343, -0.7847153, 0.87863714, 0.32095355, 0.3840516, 0.6796557, 0.42609015, -0.5724049, -0.6097778, 0.19797195, 0.30411062, 0.69838583, -0.84282845, 0.6866886, 0.8711942, 0.6943948, -0.88254166, 0.64200306, 0.38749167, -0.5765814, -0.73603946, -0.44155195, -0.6360981, 0.36486733, 0.6475488, -0.50271785, 0.47005635, 0.8780066, 0.14060822, 0.17737383, -0.9059896, 0.4798436, -0.5611577, -0.45532987, -0.040516507, 0.32371727, -0.49290422, 0.22309612, 0.28600547, 0.14898598, 0.3907197, -0.4889277, 0.044427376, -0.1337333, -0.43721074, 0.74591655, -0.3543464, 0.13941996, 0.6845057, -0.5108125, -0.10595905, 0.0754595, 0.5259186, -0.537358, 0.43817416, -0.5251721, -0.50066, -0.32026878, 0.75678194, 0.8279106, -0.6000328, -0.9623278, -0.5273835, -0.51092684, -0.72693264, -0.83617765, 0.74450797, 0.32055345, -0.3029164, -0.46879727, -0.7177054, 0.8606209, 0.07943277, -0.76079905, 0.066505246, 0.9930025, -0.31424016, 0.9733333, -0.87640613, -0.0367509, -0.92871004, -0.2782103, 0.6250523, 0.6401692, -0.59723914, 0.7681168, 0.33146816, -0.608947, 0.40393385, 0.15769641, 0.99124515, 0.32544932, -0.047778383, 0.96086407, 0.16748649, -0.9375448, 0.07891963, 0.5516956, 0.70948595, -0.41172805, -0.7084086, -0.19921045, 0.96745634, 0.124801755, -0.52343935, 0.7920632, -0.100788794, 0.8701974, 0.4560286, 0.44717047, 0.7670532, -0.883128, 0.6299495, 0.27531576, 0.14997165, 0.4674027, 0.60337895, -0.55128366, 0.26392362, -0.35609224, 0.13985632, -0.4565482, -0.49702764, 0.53360236, 0.8931989, 0.49384642, -0.6087788, -0.49028316, -0.4870707, 0.076944605, -0.73655635, -0.3702356, 0.8443388, -0.38625795, -0.0747753, 0.8604362, 0.98346376, 0.6920914, 0.19778924, -0.88897496, -0.9493826, 0.3170003, 0.92656296, 0.8835373, -0.8712685, -0.21305889, 0.46005645, -0.8682875, -0.29093355, -0.192873, 0.9806198, 0.2487705, 0.66458184, -0.16796991, -0.6196533, -0.33918422, -0.2682412, 0.27500293, 0.10151195, -0.7095313, 0.26491717, 0.10831475, -0.87801737, 0.93771803, -0.82300884, 0.88018423, -0.52051497, -0.8919971, -0.7655565, -0.94771844, 0.2666257, 0.052815918, 0.66953504, -0.8095914, -0.505735, -0.12853657, -0.1211817, -0.9817297, 0.92897516, -0.08889621, -0.5637659, 0.15179686, 0.43690473, -0.54616535, -0.67720795, 0.9297007, 0.47809657, 0.27649245, 0.29589725, -0.29601535, -0.55228394, 0.41390446, -0.7456395, 0.2805944, 0.26634297, 0.13487692, -0.18792816, -0.6110853, -0.16878395, -0.2215135, 0.70986354, -0.5367086, -0.54231596, 0.24941076, -0.7862068, -0.88515556, 0.19708516, 0.21695687, -0.47243756, 0.31555656, -0.5334956, -0.9599783, 0.2446098, -0.82620865, 0.7566888, 0.8008294, 0.54073673, 0.6718133, 0.50840235, -0.7322687, 0.3612288, 0.91730815, 0.73373944, -0.095463656, -0.83251154, 0.7030305, -0.36406657, 0.12437008, -0.8040323, 0.8125126, 0.78770196, 0.15438746, -0.99726015, 0.7158631, 0.3217196, 0.22964397, 0.7906046, -0.8471984, -0.6348215, 0.89341664, -0.26828802, 0.6668389, -0.12109649, -0.6241528, 0.8815819, -0.7644194, -0.5823807, -0.2886029, -0.23687088, -0.86736673, 0.255913, 0.56449574, 0.42322367, 0.4344315, -0.51435834, -0.93827695, -0.095642656, 0.59248966, -0.16712967, 0.8622833, 0.5218139, -0.0029471614, 0.5777139, -0.2569875, -0.56537133, 0.5278377, -0.47523597, -0.45837888, 0.45415685, 0.33809626, 0.9948551, -0.59015626, -0.5254767, -0.9278686, -0.08686515, 0.7954151, -0.2460439, 0.9121904, 0.32822594, -0.8956165, 0.29470274, -0.65840155, 0.6375164, -0.3182766, -0.22423892, -0.24208263, 0.58521926, -0.03328232, -0.20315829, -0.5733592, 0.74303466, -0.7273335, -0.61917907, 0.35740948, -0.18761967, -0.3075526, 0.86107445, -0.86353827, 0.94836324, -0.13135754, 0.8829904, 0.9730254, -0.52538705, 0.98099536, 0.76958454, 0.5537742, -0.8251589, 0.92956054, 0.47564226, -0.19776465, -0.5876707, -0.6619364, 0.77208245, 0.07608783, -0.8556612, 0.8322186, 0.8408434, 0.71170545, 0.30703387, -0.0056297528, -0.5741354, 0.09496686, -0.27240446, -0.8202444, -0.97923523, 0.82086855, 0.8707928, 0.81003064, 0.07257603, -0.613301, -0.44080615, -0.8057233, -0.9814501, -0.7954678, 0.43003985, -0.619036, -0.9989877, 0.38903525, -0.5110552, 0.68700874, 0.20376648, 0.21447039, -0.34489235, -0.85110027, -0.47515386, 0.45271796, -0.18397251, 0.42337662, -0.9016335, -0.6558863, 0.44119042, -0.55492383, -0.6256552, -0.041874934, -0.7743378, -0.33332896, 0.9626103, -0.63272196, 0.64649487, 0.21625954, 0.53673023, 0.2780906, 0.2946049, -0.04937676, 0.47842988, 0.29467997, 0.71066594, 0.08960766, -0.46041948, -0.011225772, -0.4810419, 0.48591986, -0.66021127, 0.119302474, 0.7750508, -0.35970724, -0.052055344, -0.7439777, 0.5127651, -0.46494955, 0.063797936, 0.032577768, 0.16393903, 0.87507564, 0.87206256, -0.0066309003, -0.71533185, 0.34953725, -0.096294895, 0.189263, 0.14196621, 0.5396693, -0.87102944, -0.5239324, 0.3569279, -0.46060592, -0.37019342, 0.04949148, 0.082793854, 0.76132447, 0.40187976, 0.8626633, -0.7730574, -0.22549924, 0.18646777, -0.66849893, -0.09723967, 0.17707907, -0.6610134, 0.059704427, 0.3267075, 0.9971257, -0.64849544, 0.3207839, 0.6443629, 0.56057477, -0.35967547, -0.28542367, 0.9176923, -0.51909727, 0.61307955, -0.8871513, -0.66268414, 0.35604092, 0.18500657, -0.7318241, 0.71384865, 0.35944653, 0.9120225, -0.045429505, -0.29484722, -0.7833239, -0.17998534, 0.31267953, 0.22483768, -0.6231029, -0.36955655, 0.6520069, -0.42194363, -0.6192436, 0.2807735, 0.27522033, -0.60306334, 0.7380727, 0.37275115, 0.7026563, 0.7432318, -0.5585709, -0.6399537]","[7.0, 0.0, -18.0, -7.0, -2.0, -9.0, 6.0, -12.0, -20.0, -11.0, -2.0, 22.0, 5.0, 0.0, -12.0, -1.0, -4.0, 1.0, -10.0, 0.0, -26.0, 5.0, 0.0, 1.0, -7.0, -14.0, -6.0, -24.0, -5.0, -20.0, -14.0, 7.0, 0.0, 14.0, -2.0, -11.0, -8.0, -12.0, 3.0, 1.0, 3.0, 14.0, -8.0, -6.0, -16.0, 11.0, -6.0, -9.0, 1.0, -5.0, -5.0, -3.0, 6.0, 3.0, -17.0, -11.0, -9.0, 13.0, 5.0, 4.0, -11.0, 2.0, -18.0, 5.0, -5.0, -1.0, -3.0, -8.0, 1.0, -2.0, -21.0, 17.0, -10.0, -19.0, -22.0, -6.0, -4.0, -12.0, -2.0, -10.0, 16.0, -10.0, 7.0, -23.0, -10.0, -11.0, 2.0, 8.0, -8.0, -6.0, -1.0, -18.0, -4.0, -4.0, 4.0, -8.0, -15.0, -5.0, -7.0, -5.0, -13.0, 1.0, -6.0, -3.0, 7.0, -19.0, 13.0, -14.0, -10.0, -13.0, -11.0, 5.0, 2.0, 2.0, 4.0, -14.0, -7.0, 4.0, -7.0, -11.0, -14.0, 4.0, 4.0, -13.0, -22.0, -16.0, -13.0, -3.0, -6.0, -1.0, -1.0, 6.0, 1.0, -5.0, -2.0, 0.0, -13.0, -14.0, -9.0, -9.0, 14.0, -10.0, -3.0, -10.0, 2.0, -10.0, -7.0, -7.0, -10.0, 9.0, -10.0, -17.0, -15.0, 0.0, 9.0, -4.0, -18.0, -6.0, 4.0, -3.0, -7.0, -6.0, -8.0, 8.0, -8.0, 0.0, 13.0, -16.0, -9.0, 0.0, -6.0, -4.0, -5.0, -24.0, -30.0, -10.0, -32.0, -5.0, 10.0, -25.0, -21.0, -5.0, -16.0, -9.0, -10.0, -15.0, 6.0, -4.0, -21.0, 12.0, -9.0, -1.0, 4.0, -4.0, -10.0, -1.0, -1.0, -11.0, -10.0, -6.0, -17.0, -3.0, -5.0, 6.0, -7.0, 2.0, -6.0, -3.0, -7.0, 9.0, -15.0, 0.0, -5.0, 2.0, -11.0, -11.0, -3.0, -9.0, -7.0, -1.0, -9.0, 5.0, -1.0, 0.0, -7.0, -5.0, -28.0, 4.0, -13.0, -3.0, 20.0, -7.0, -20.0, 1.0, -11.0, 1.0, -3.0, -7.0, -16.0, -11.0, 6.0, 8.0, -2.0, 11.0, 9.0, 2.0, 2.0, -18.0, -17.0, -10.0, -10.0, -6.0, 11.0, -8.0, -7.0, 2.0, 6.0, -9.0, -7.0, -3.0, -6.0, -14.0, -21.0, -1.0, -5.0, -14.0, -10.0, -27.0, -13.0, 1.0, 5.0, 0.0, -6.0, 9.0, -5.0, -4.0, -16.0, 1.0, -8.0, 6.0, -2.0, -6.0, -10.0, -1.0, 8.0, -6.0, 7.0, -5.0, 7.0, -1.0, 4.0, 10.0, 3.0, -15.0, 3.0, 4.0, 7.0, -6.0, 4.0, 2.0, -10.0, 0.0, -14.0, 9.0, 1.0, -6.0, -14.0, -6.0, -4.0, -11.0, 11.0, -8.0, 0.0, 5.0, -9.0, 0.0, -9.0, -1.0, 10.0, -10.0, -19.0, -21.0, -7.0, 7.0, 1.0, -10.0, -7.0, -3.0, 1.0, 0.0, 2.0, 8.0, -19.0, -9.0, -7.0, -15.0, -12.0, -5.0, -4.0, -33.0, 5.0, 5.0, -5.0, -16.0, -16.0, -4.0, -10.0, 4.0, -19.0, 5.0, -15.0, -4.0, 1.0, -6.0, -19.0, -23.0, 5.0, 8.0, -20.0, -13.0, 4.0, 6.0, -11.0, -5.0, -3.0, -7.0, -12.0, -3.0, 2.0, -17.0, -17.0, -10.0, -2.0, -17.0, -5.0, -16.0, 24.0, 14.0, -6.0, -18.0, -3.0, -2.0, 0.0, -1.0, 0.0, -16.0, -10.0, 1.0, -10.0, -25.0, -6.0, 2.0, -6.0, -13.0, 2.0, 29.0, 2.0, -4.0, -6.0, -5.0, -6.0, 7.0, -7.0, -6.0, 0.0, -4.0, -23.0, -33.0, 9.0, -10.0, -6.0, 2.0, -4.0, 5.0, -2.0, -6.0, -13.0, -11.0, -20.0, -1.0, 7.0, -14.0, -3.0, 20.0, 4.0, -19.0, 3.0, -20.0, -7.0, -10.0, -9.0, 8.0, 10.0, 4.0, -6.0, -6.0, 9.0, -7.0, 10.0, 7.0, -6.0, -5.0, -8.0, 4.0, -2.0, -35.0, 11.0, -15.0, -5.0, -4.0, -5.0, -2.0, -2.0, -21.0, -9.0, -5.0, -2.0, -11.0, -5.0, 2.0, 4.0, -16.0, -7.0, -16.0, -4.0, -12.0, 18.0, 2.0, -13.0, -10.0, -14.0, -1.0, -23.0, -15.0, -4.0, -5.0, -18.0, -4.0, 6.0, -12.0, -9.0, -4.0, -6.0, -20.0, 13.0, 3.0, -13.0, -6.0, 0.0, 3.0, 14.0, -6.0, -10.0, 2.0, -4.0, -7.0, -18.0, 9.0, -6.0, -27.0]",-54.9285266055146,0.0,0.0,0,0.003172636032104492
56,"[-0.060047098, 0.137526, 0.92651373, -0.73606277, -0.9270053, 0.4869885, -0.42854598, -0.18548314, 0.41435713, 0.4719749, -0.54141706, 0.19483384, 0.44001466, -0.8748314, -0.5109909, 0.6337226, -0.65178055, -0.9441469, -0.6571821, -0.7065343, -0.13743801, 0.34988678, -0.9563601, -0.6445939, -0.28888538, 0.46067092, -0.14116757, -0.72353095, 0.42671055, -0.4967719, -0.41880438, 0.94423205, 0.3049679, 0.31036657, 0.7807576, -0.36323074, -0.642727, 0.111915976, -0.97527087, 0.11931165, -0.027383756, -0.54540247, -0.38774788, -0.57858247, 0.26710021, -0.58690995, -0.7618153, 0.3509928, 0.9258706, -0.98723966, -0.77210647, 0.9027623, 0.33116093, -0.64461374, 0.2590613, 0.664321, -0.17430562, 0.08985952, 0.71447825, -0.38330367, 0.63570684, 0.33317012, -0.95806783, -0.34027934, -0.9590147, -0.26457286, -0.31968325, 0.3533304, -0.35492697, -0.44746846, 0.787701, -0.7212694, 0.5020322, -0.43601274, 0.49827036, -0.67139685, -0.65375394, -0.8260653, 0.93720156, 0.09348978, -0.03516995, 0.63927907, -0.07737813, 0.7267096, 0.02315354, 0.47420287, -0.70917076, 0.38771617, -0.18513724, -0.47130623, -0.23383287, -0.29457337, -0.55141646, 0.5868843, -0.28550664, 0.43642235, -0.51994777, -0.9880588, 0.49991786, 0.6339195, -0.99818635, -0.56361496, -0.5718811, -0.28448054, -0.49946567, -0.7507848, -0.90218955, -0.5320185, 0.74188197, 0.68640333, 0.49588448, -0.4286431, 0.918294, -0.23135789, 0.978784, 0.013149472, -0.44877574, 0.7947474, 0.25013697, 0.7933124, -0.10994112, -0.1311066, -0.43047202, 0.12064774, 0.29799592, -0.28688544, 0.7796328, 0.18316837, -0.6136904, 0.111457445, 0.7563393, 0.14973605, -0.26509318, -0.85292834, 0.9158724, 0.16657531, 0.9719573, -0.2828981, 0.46952188, 0.39625987, -0.6567528, -0.71494144, -0.6263479, 0.01959423, -0.1339223, 0.9761053, 0.013239458, -0.9147659, -0.9191854, -0.15815754, -0.1092842, -0.36025384, -0.7968847, 0.50373995, -0.065461025, -0.18898882, 0.45655543, -0.9788263, 0.29687625, 0.93899167, 0.9706023, -0.633882, -0.6528045, 0.18685961, -0.6716706, -0.6082666, -0.63122034, 0.53058314, 0.6713036, 0.030355962, -0.08488332, -0.614054, -0.2511558, -0.6505, -0.012673654, -0.9841762, 0.40475523, -0.12530385, -0.6911761, -0.5051675, 0.6874652, -0.39421657, -0.31992984, -0.21549366, -0.08009484, 0.053896267, 0.109635495, 0.44757995, -0.36777896, -0.41761166, 0.8069624, 0.8505775, 0.24233432, -0.18181208, -0.8923273, -0.3978082, -0.2171631, -0.8090521, -0.041457284, 0.97441626, 0.2596121, 0.14693323, -0.47616512, -0.6369398, -0.023386752, 0.4997719, -0.46715274, -0.47919312, -0.36548525, -0.6212433, -0.6981198, 0.42143416, 0.6853017, 0.19412729, -0.81022024, 0.73253584, 0.80670464, 0.23439465, -0.7628337, 0.6357513, -0.20523669, -0.36413345, 0.2909759, -0.56681067, -0.08109193, 0.9230575, 0.4748655, 0.8228025, 0.49312827, -0.2444544, -0.26127258, -0.60509914, -0.5153967, -0.60896504, 0.65655166, -0.6164725, -0.22722161, -0.48182374, -0.9775097, 0.48665228, -0.4725278, -0.34499684, -0.27051383, -0.75507694, 0.21845876, 0.023682412, -0.6598191, 0.75398743, 0.7071078, -0.27012774, -0.011601322, -0.7029085, 0.3652308, 0.18189393, -0.60321575, 0.71511245, -0.48953348, 0.4462535, 0.12862137, -0.96838635, 0.91453844, -0.07416342, -0.72062516, -0.5450013, -0.45130947, -0.5526085, 0.10786662, -0.22636308, 0.37636945, 0.9629218, 0.5858556, 0.13870417, -0.37156865, 0.13187027, -0.9030112, 0.8455382, 0.5026018, -0.41352424, 0.5771247, -0.083415136, 0.043909587, 0.10073626, 0.8084103, 0.15887912, -0.9052584, 0.251115, 0.26553985, 0.15068126, -0.8759833, -0.50919145, -0.2926798, 0.2598332, -0.07636227, 0.63074917, 0.8568985, -0.47750628, 0.32190883, -0.24360782, 0.0075572464, 0.97687805, 0.72261643, 0.3563104, -0.5292135, -0.27614892, 0.26840666, 0.79270256, 0.58439344, 0.21865636, 0.82133025, 0.3767771, -0.19476184, 0.6294554, -0.5988691, -0.014406522, -0.016131448, -0.96458745, -0.85488296, -0.781816, -0.4136282, -0.74523914, 0.47568053, 0.3698942, -0.33486834, 0.7232544, -0.17307776, 0.25229388, 0.060338363, -0.30181032, -0.04725116, -0.43360683, -0.23163378, -0.6179855, -0.57229257, -0.99375826, -0.781585, -0.6408921, -0.85916364, 0.09624604, -0.69019103, 0.86900795, 0.5343361, 0.79797864, 0.1898509, 0.063676246, -0.8523467, -0.59789044, -0.3227925, -0.45289764, 0.38881305, -0.79104424, -0.25299388, 0.48157334, -0.915873, -0.2701076, 0.014925325, 0.61772263, -0.48677912, -0.7677552, 0.16190277, 0.13753492, 0.8296329, 0.2000915, -0.41820014, -0.2580583, -0.74048376, 0.91491634, -0.61590844, 0.8103922, -0.59789973, -0.37276316, 0.4642949, 0.29454938, 0.2340566, -0.11203632, 0.616929, 0.44139603, 0.8043931, -0.42426366, -0.44535702, -0.78038186, -0.2645075, -0.3325796, -0.5897306, -0.06677131, 0.14158125, 0.6942639, -0.3363806, -0.08192346, -0.6404533, 0.91647327, -0.12242487, -0.21332411, 0.61487067, 0.96328133, 0.269707, -0.9047248, -0.923601, 0.27360943, -0.8591917, -0.47996908, 0.48156375, -0.6047547, -0.24902482, -0.9966311, -0.69722813, -0.87837666, -0.18070059, 0.12232053, -0.6104539, -0.8532398, 0.3870498, -0.04590957, 0.5440922, -0.9647839, 0.73015493, -0.16251783, -0.051835682, -0.5255089, -0.66494656, -0.7787623, -0.90221786, -0.62743765, -0.37296852, 0.9879814, -0.4345583, -0.7159631, 0.42550498, 0.17256421, -0.73545766, -0.94140637, 0.3491946, -0.26717713, -0.33929238, 0.039658483, 0.33628663, -0.5534823, -0.391258, 0.38666284, 0.661843, -0.25548247, 0.055353977, 0.485928, 0.24965817, 0.7137791, 0.3667649, -0.73074085, 0.13340412, -0.9860919, -0.1620517, -0.481687, 0.9209007, -0.94387996, -0.31728664, -0.8253569, 0.39769518, -0.037876025, 0.05792947, 0.5178424, 0.88138413, 0.030514477, -0.4545528, 0.65204805, 0.995088, -0.61941415, 0.21397024, 0.67589206, -0.46205816, -0.17808318, -0.7138595, 0.16350624, -0.83639663, -0.6829347, -0.1984417, 0.79740274, 0.21189673, -0.24807057, -0.4842487, 0.64082533, 0.89986223, 0.8902762, -0.30578557, -0.120182775, 0.14757782, -0.595602, -0.9755506, -0.6783208, 0.73944813, 0.010185764, 0.6681922, 0.20564711, 0.99609995, -0.6094848, 0.42874968, 0.37751225, 0.17801484, 0.43380108, -0.91503423, -0.9748035, 0.024097698, -0.54483503]","[7.0, 0.0, -18.0, -7.0, -2.0, -9.0, 6.0, -12.0, -20.0, -11.0, -2.0, 22.0, 5.0, 0.0, -12.0, -1.0, -4.0, 1.0, -10.0, 0.0, -26.0, 5.0, 0.0, 1.0, -7.0, -14.0, -6.0, -24.0, -5.0, -20.0, -14.0, 7.0, 0.0, 14.0, -2.0, -11.0, -8.0, -12.0, 3.0, 1.0, 3.0, 14.0, -8.0, -6.0, -16.0, 11.0, -6.0, -9.0, 1.0, -5.0, -5.0, -3.0, 6.0, 3.0, -17.0, -11.0, -9.0, 13.0, 5.0, 4.0, -11.0, 2.0, -18.0, 5.0, -5.0, -1.0, -3.0, -8.0, 1.0, -2.0, -21.0, 17.0, -10.0, -19.0, -22.0, -6.0, -4.0, -12.0, -2.0, -10.0, 16.0, -10.0, 7.0, -23.0, -10.0, -11.0, 2.0, 8.0, -8.0, -6.0, -1.0, -18.0, -4.0, -4.0, 4.0, -8.0, -15.0, -5.0, -7.0, -5.0, -13.0, 1.0, -6.0, -3.0, 7.0, -19.0, 13.0, -14.0, -10.0, -13.0, -11.0, 5.0, 2.0, 2.0, 4.0, -14.0, -7.0, 4.0, -7.0, -11.0, -14.0, 4.0, 4.0, -13.0, -22.0, -16.0, -13.0, -3.0, -6.0, -1.0, -1.0, 6.0, 1.0, -5.0, -2.0, 0.0, -13.0, -14.0, -9.0, -9.0, 14.0, -10.0, -3.0, -10.0, 2.0, -10.0, -7.0, -7.0, -10.0, 9.0, -10.0, -17.0, -15.0, 0.0, 9.0, -4.0, -18.0, -6.0, 4.0, -3.0, -7.0, -6.0, -8.0, 8.0, -8.0, 0.0, 13.0, -16.0, -9.0, 0.0, -6.0, -4.0, -5.0, -24.0, -30.0, -10.0, -32.0, -5.0, 10.0, -25.0, -21.0, -5.0, -16.0, -9.0, -10.0, -15.0, 6.0, -4.0, -21.0, 12.0, -9.0, -1.0, 4.0, -4.0, -10.0, -1.0, -1.0, -11.0, -10.0, -6.0, -17.0, -3.0, -5.0, 6.0, -7.0, 2.0, -6.0, -3.0, -7.0, 9.0, -15.0, 0.0, -5.0, 2.0, -11.0, -11.0, -3.0, -9.0, -7.0, -1.0, -9.0, 5.0, -1.0, 0.0, -7.0, -5.0, -28.0, 4.0, -13.0, -3.0, 20.0, -7.0, -20.0, 1.0, -11.0, 1.0, -3.0, -7.0, -16.0, -11.0, 6.0, 8.0, -2.0, 11.0, 9.0, 2.0, 2.0, -18.0, -17.0, -10.0, -10.0, -6.0, 11.0, -8.0, -7.0, 2.0, 6.0, -9.0, -7.0, -3.0, -6.0, -14.0, -21.0, -1.0, -5.0, -14.0, -10.0, -27.0, -13.0, 1.0, 5.0, 0.0, -6.0, 9.0, -5.0, -4.0, -16.0, 1.0, -8.0, 6.0, -2.0, -6.0, -10.0, -1.0, 8.0, -6.0, 7.0, -5.0, 7.0, -1.0, 4.0, 10.0, 3.0, -15.0, 3.0, 4.0, 7.0, -6.0, 4.0, 2.0, -10.0, 0.0, -14.0, 9.0, 1.0, -6.0, -14.0, -6.0, -4.0, -11.0, 11.0, -8.0, 0.0, 5.0, -9.0, 0.0, -9.0, -1.0, 10.0, -10.0, -19.0, -21.0, -7.0, 7.0, 1.0, -10.0, -7.0, -3.0, 1.0, 0.0, 2.0, 8.0, -19.0, -9.0, -7.0, -15.0, -12.0, -5.0, -4.0, -33.0, 5.0, 5.0, -5.0, -16.0, -16.0, -4.0, -10.0, 4.0, -19.0, 5.0, -15.0, -4.0, 1.0, -6.0, -19.0, -23.0, 5.0, 8.0, -20.0, -13.0, 4.0, 6.0, -11.0, -5.0, -3.0, -7.0, -12.0, -3.0, 2.0, -17.0, -17.0, -10.0, -2.0, -17.0, -5.0, -16.0, 24.0, 14.0, -6.0, -18.0, -3.0, -2.0, 0.0, -1.0, 0.0, -16.0, -10.0, 1.0, -10.0, -25.0, -6.0, 2.0, -6.0, -13.0, 2.0, 29.0, 2.0, -4.0, -6.0, -5.0, -6.0, 7.0, -7.0, -6.0, 0.0, -4.0, -23.0, -33.0, 9.0, -10.0, -6.0, 2.0, -4.0, 5.0, -2.0, -6.0, -13.0, -11.0, -20.0, -1.0, 7.0, -14.0, -3.0, 20.0, 4.0, -19.0, 3.0, -20.0, -7.0, -10.0, -9.0, 8.0, 10.0, 4.0, -6.0, -6.0, 9.0, -7.0, 10.0, 7.0, -6.0, -5.0, -8.0, 4.0, -2.0, -35.0, 11.0, -15.0, -5.0, -4.0, -5.0, -2.0, -2.0, -21.0, -9.0, -5.0, -2.0, -11.0, -5.0, 2.0, 4.0, -16.0, -7.0, -16.0, -4.0, -12.0, 18.0, 2.0, -13.0, -10.0, -14.0, -1.0, -23.0, -15.0, -4.0, -5.0, -18.0, -4.0, 6.0, -12.0, -9.0, -4.0, -6.0, -20.0, 13.0, 3.0, -13.0, -6.0, 0.0, 3.0, 14.0, -6.0, -10.0, 2.0, -4.0, -7.0, -18.0, 9.0, -6.0, -27.0]",-54.9285266055146,0.0,0.0,0,0.0031845569610595703
57,"[0.8581545, -0.22773564, -0.3589704, 0.9601464, 0.116763845, -0.38350078, -0.1390668, -0.6400286, 0.5324976, -0.4393195, 0.15795453, 0.89245147, -0.4829657, 0.86391926, 0.2549395, -0.4256544, 0.21185465, -0.47122142, -0.1947934, 0.13461372, -0.26003718, -0.8427632, 0.7069726, -0.29049015, -0.75487936, 0.7341489, -0.8478961, 0.21882245, -0.7406175, 0.17961949, -0.51572734, 0.04101502, 0.14690176, -0.6703372, 0.3265786, -0.51395833, 0.72841066, 0.740511, -0.0321228, 0.02546571, -0.43906295, -0.3022811, -0.2114565, -0.7919528, 0.33569282, 0.5893078, 0.79623073, 0.117247604, 0.7006217, -0.508037, -0.08800065, 0.45061034, 0.7573362, 0.5398844, -0.47725073, 0.37640688, -0.67295897, 0.33655334, 0.022379136, -0.8705901, -0.110135674, -0.20833582, -0.49831998, 0.5372892, 0.45595956, -0.37357703, 0.70397, -0.26694658, 0.27924505, -0.9099063, 0.17328824, -0.3381082, 0.7277192, -0.39296392, 0.77275425, -0.2218509, 0.07044715, 0.13257559, 0.36096248, -0.4253399, 0.3852378, 0.025628455, 0.6502254, 0.5007248, -0.8697723, -0.35024783, -0.9811429, -0.32858586, -0.80747, 0.7592309, -0.1406868, 0.11912526, -0.54789275, -0.057165097, 0.72761905, -0.4694677, 0.66518044, -0.3465953, -0.8437961, -0.7188232, 0.3159763, 0.05405139, 0.9514927, -0.44028413, 0.88106614, 0.6480916, -0.92181844, -0.33618185, 0.063435525, 0.9715585, 0.15556508, 0.8554578, 0.7435648, 0.29615277, 0.57429194, -0.40944478, -0.3100241, -0.31216273, -0.26701048, -0.5798607, 0.8087496, 0.52775705, 0.93107015, 0.58332914, -0.4251188, 0.91447276, -0.43188968, -0.56541336, 0.35461137, -0.40088814, -0.96403784, -0.00979866, 0.24219878, 0.11519553, -0.19742899, -0.8911179, 0.7721863, -0.122435585, 0.2026699, 0.14878051, 0.8693822, 0.7390797, 0.38906685, -0.2969159, 0.091585904, -0.28620863, 0.505794, -0.36306152, -0.7496147, 0.38437238, -0.9691417, -0.58358943, -0.0734492, -0.43437773, -0.29359594, 0.5556407, 0.9696525, -0.84407246, 0.33110267, -0.5265635, 0.123122975, 0.30291858, 0.0791243, 0.585741, -0.32050043, 0.059639182, -0.7693371, -0.5216165, -0.9188644, -0.33205217, -0.007753517, 0.74197066, -0.6849868, 0.18958797, 0.095236115, -0.39038312, 0.8662049, 0.1437044, 0.27095062, 0.22684698, 0.6335446, 0.98097754, -0.4559988, 0.7484359, -0.59211546, 0.8381703, -0.58241755, -0.47955278, -0.8214668, 0.642162, -0.7936673, -0.46144497, 0.21198785, -0.7444181, 0.08401392, 0.66474825, -0.7272942, 0.35557577, 0.47771332, -0.22032619, 0.070787154, 0.37578583, -0.5705703, 0.44145942, 0.7403272, 0.58058286, 0.6674912, 0.7386646, 0.5003737, 0.6624972, -0.2357636, -0.8579605, -0.011307573, -0.618372, 0.5167392, -0.95967585, -0.11963372, 0.09416517, 0.3290412, -0.25335395, -0.68534654, 0.14444214, 0.18683033, -0.13699134, 0.091388114, 0.8067226, -0.800342, -0.6486935, 0.9449842, -0.35428065, -0.8196826, -0.3103748, 0.12253536, 0.7616248, -0.40085584, -0.3788653, -0.49160078, -0.17968945, -0.47564313, -0.40872857, -0.039134827, -0.10558813, -0.95653915, 0.51036495, -0.3320418, 0.7362452, -0.06565908, 0.19538294, -0.15185209, 0.8955831, -0.19325271, -0.7221857, -0.05633284, 0.82257015, 0.7934943, 0.55986696, -0.8100136, -0.040315147, 0.8810912, -0.40831277, -0.13456091, 0.077141955, -0.08278575, 0.79465646, -0.078651115, 0.18146701, -0.21390669, -0.16358536, -0.26118976, 0.09135473, -0.2772889, -0.9073029, -0.34996644, 0.19488555, 0.24716075, 0.05681436, 0.16258892, -0.57221925, 0.18489386, -0.64300627, -0.048375797, -0.5885315, 0.43251786, 0.67644453, 0.69511414, -0.4143115, -0.11739942, 0.7684531, 0.16501635, 0.79927295, -0.95705485, 0.4453918, 0.9718609, 0.087035246, -0.573541, 0.687063, 0.41476685, 0.7110788, -0.5559275, -0.19851759, -0.94589055, 0.34402648, 0.42757815, -0.35276645, 0.4741478, 0.96481556, 0.4761695, -0.24487594, -0.48053876, 0.6691513, 0.9130849, -0.41619927, 0.09605284, 0.86342657, -0.9961882, 0.8960219, -0.30058444, 0.83322424, 0.21102162, -0.38796926, -0.5637718, 0.53104395, 0.5604827, -0.14124328, -0.85399187, 0.4482471, 0.7999562, 0.4150981, -0.48217255, -0.09124176, -0.4364344, 0.46848437, -0.9871306, 0.9028253, -0.6664129, -0.2878286, 0.51445997, 0.93022203, 0.70741075, 0.18381876, 0.6997589, 0.49554294, 0.591655, 0.10251915, 0.99732035, -0.92856807, -0.46604308, 0.5647221, 0.47979742, 0.5114058, 0.34876794, 0.93170464, 0.12743852, 0.867071, 0.1298771, 0.13457143, -0.48930305, 0.619966, 0.851978, -0.8784529, 0.92904884, -0.47681326, 0.08514301, 0.8504236, -0.21283185, -0.27055147, 0.2693498, 0.68280196, -0.94204384, 0.062442433, 0.9707142, -0.351674, -0.76264745, -0.9431352, -0.93041843, -0.85617673, -0.020201566, -0.9919769, -0.932875, -0.95668364, -0.90461177, -0.5988866, 0.49225023, 0.23386963, -0.9434903, -0.96600056, -0.9651233, 0.1138501, -0.0666839, 0.65147924, -0.4009259, 0.83860105, 0.9076706, -0.33559448, -0.8172031, 0.27275082, -0.06660706, -0.6746085, -0.06500713, 0.71291775, 0.12770541, -0.1318198, 0.70725745, 0.15846036, 0.25998533, 0.043062035, -0.32737088, -0.74117863, -0.46865624, -0.9570432, 0.8355463, 0.63120824, 0.80098933, -0.41644028, -0.422417, 0.38169912, -0.25311562, 0.2057299, 0.8743188, -0.7907704, 0.19578381, -0.3733565, 0.35845226, -0.9413874, -0.90167916, 0.8302555, 0.28723252, -0.1921434, 0.7513079, 0.45095986, -0.67345446, 0.25164166, -0.2418903, -0.33507368, -0.71304214, -0.54310715, 0.79655194, 0.8697892, -0.16324826, -0.9260795, -0.4311923, -0.5490093, 0.015545566, -0.22192024, -0.8992545, -0.21876106, -0.9805137, 0.70161366, -0.08074337, 0.763501, 0.7356359, 0.41469333, 0.7550684, -0.5358933, -0.9652397, 0.70618635, -0.44400707, -0.771503, -0.035838705, -0.128282, 0.6174832, 0.24582139, 0.5736389, -0.30312178, -0.497286, 0.67472893, -0.65893614, -0.3361384, -0.99348843, -0.3713655, -0.5748267, -0.74040854, 0.8121802, 0.6933711, -0.037540566, 0.46122578, -0.5297305, 0.9770321, 0.079107985, -0.94463354, -0.71282053, -0.9560554, 0.099005885, -0.9031433, 0.5129559, -0.9565632, 0.7914452, -0.052629873, 0.37899396, 0.80373055, 0.37394914, 0.5079132, 0.8201351, -0.5132401, 0.9271297, 0.09838624, -0.08318405, 0.9521907, -0.6547671, -0.72516924]","[7.0, 0.0, -18.0, -7.0, -2.0, -9.0, 6.0, -12.0, -20.0, -11.0, -2.0, 22.0, 5.0, 0.0, -12.0, -1.0, -4.0, 1.0, -10.0, 0.0, -26.0, 5.0, 0.0, 1.0, -7.0, -14.0, -6.0, -24.0, -5.0, -20.0, -14.0, 7.0, 0.0, 14.0, -2.0, -11.0, -8.0, -12.0, 3.0, 1.0, 3.0, 14.0, -8.0, -6.0, -16.0, 11.0, -6.0, -9.0, 1.0, -5.0, -5.0, -3.0, 6.0, 3.0, -17.0, -11.0, -9.0, 13.0, 5.0, 4.0, -11.0, 2.0, -18.0, 5.0, -5.0, -1.0, -3.0, -8.0, 1.0, -2.0, -21.0, 17.0, -10.0, -19.0, -22.0, -6.0, -4.0, -12.0, -2.0, -10.0, 16.0, -10.0, 7.0, -23.0, -10.0, -11.0, 2.0, 8.0, -8.0, -6.0, -1.0, -18.0, -4.0, -4.0, 4.0, -8.0, -15.0, -5.0, -7.0, -5.0, -13.0, 1.0, -6.0, -3.0, 7.0, -19.0, 13.0, -14.0, -10.0, -13.0, -11.0, 5.0, 2.0, 2.0, 4.0, -14.0, -7.0, 4.0, -7.0, -11.0, -14.0, 4.0, 4.0, -13.0, -22.0, -16.0, -13.0, -3.0, -6.0, -1.0, -1.0, 6.0, 1.0, -5.0, -2.0, 0.0, -13.0, -14.0, -9.0, -9.0, 14.0, -10.0, -3.0, -10.0, 2.0, -10.0, -7.0, -7.0, -10.0, 9.0, -10.0, -17.0, -15.0, 0.0, 9.0, -4.0, -18.0, -6.0, 4.0, -3.0, -7.0, -6.0, -8.0, 8.0, -8.0, 0.0, 13.0, -16.0, -9.0, 0.0, -6.0, -4.0, -5.0, -24.0, -30.0, -10.0, -32.0, -5.0, 10.0, -25.0, -21.0, -5.0, -16.0, -9.0, -10.0, -15.0, 6.0, -4.0, -21.0, 12.0, -9.0, -1.0, 4.0, -4.0, -10.0, -1.0, -1.0, -11.0, -10.0, -6.0, -17.0, -3.0, -5.0, 6.0, -7.0, 2.0, -6.0, -3.0, -7.0, 9.0, -15.0, 0.0, -5.0, 2.0, -11.0, -11.0, -3.0, -9.0, -7.0, -1.0, -9.0, 5.0, -1.0, 0.0, -7.0, -5.0, -28.0, 4.0, -13.0, -3.0, 20.0, -7.0, -20.0, 1.0, -11.0, 1.0, -3.0, -7.0, -16.0, -11.0, 6.0, 8.0, -2.0, 11.0, 9.0, 2.0, 2.0, -18.0, -17.0, -10.0, -10.0, -6.0, 11.0, -8.0, -7.0, 2.0, 6.0, -9.0, -7.0, -3.0, -6.0, -14.0, -21.0, -1.0, -5.0, -14.0, -10.0, -27.0, -13.0, 1.0, 5.0, 0.0, -6.0, 9.0, -5.0, -4.0, -16.0, 1.0, -8.0, 6.0, -2.0, -6.0, -10.0, -1.0, 8.0, -6.0, 7.0, -5.0, 7.0, -1.0, 4.0, 10.0, 3.0, -15.0, 3.0, 4.0, 7.0, -6.0, 4.0, 2.0, -10.0, 0.0, -14.0, 9.0, 1.0, -6.0, -14.0, -6.0, -4.0, -11.0, 11.0, -8.0, 0.0, 5.0, -9.0, 0.0, -9.0, -1.0, 10.0, -10.0, -19.0, -21.0, -7.0, 7.0, 1.0, -10.0, -7.0, -3.0, 1.0, 0.0, 2.0, 8.0, -19.0, -9.0, -7.0, -15.0, -12.0, -5.0, -4.0, -33.0, 5.0, 5.0, -5.0, -16.0, -16.0, -4.0, -10.0, 4.0, -19.0, 5.0, -15.0, -4.0, 1.0, -6.0, -19.0, -23.0, 5.0, 8.0, -20.0, -13.0, 4.0, 6.0, -11.0, -5.0, -3.0, -7.0, -12.0, -3.0, 2.0, -17.0, -17.0, -10.0, -2.0, -17.0, -5.0, -16.0, 24.0, 14.0, -6.0, -18.0, -3.0, -2.0, 0.0, -1.0, 0.0, -16.0, -10.0, 1.0, -10.0, -25.0, -6.0, 2.0, -6.0, -13.0, 2.0, 29.0, 2.0, -4.0, -6.0, -5.0, -6.0, 7.0, -7.0, -6.0, 0.0, -4.0, -23.0, -33.0, 9.0, -10.0, -6.0, 2.0, -4.0, 5.0, -2.0, -6.0, -13.0, -11.0, -20.0, -1.0, 7.0, -14.0, -3.0, 20.0, 4.0, -19.0, 3.0, -20.0, -7.0, -10.0, -9.0, 8.0, 10.0, 4.0, -6.0, -6.0, 9.0, -7.0, 10.0, 7.0, -6.0, -5.0, -8.0, 4.0, -2.0, -35.0, 11.0, -15.0, -5.0, -4.0, -5.0, -2.0, -2.0, -21.0, -9.0, -5.0, -2.0, -11.0, -5.0, 2.0, 4.0, -16.0, -7.0, -16.0, -4.0, -12.0, 18.0, 2.0, -13.0, -10.0, -14.0, -1.0, -23.0, -15.0, -4.0, -5.0, -18.0, -4.0, 6.0, -12.0, -9.0, -4.0, -6.0, -20.0, 13.0, 3.0, -13.0, -6.0, 0.0, 3.0, 14.0, -6.0, -10.0, 2.0, -4.0, -7.0, -18.0, 9.0, -6.0, -27.0]",-54.9285266055146,0.0,0.0,0,0.003243684768676758
58,"[-0.09459834, 0.35516778, -0.9025, -0.30225635, -0.6252412, -0.4642948, 0.72775066, -0.26267335, 0.15411983, 0.52746654, 0.7190561, -0.41227996, 0.08501, 0.3802159, -0.4752377, 0.21786289, -0.24134713, -0.6574347, 0.9635894, -0.08221624, 0.121111944, -0.8827942, 0.25938016, 0.5268961, -0.43193927, 0.50095963, 0.35974833, -0.90499854, -0.45594108, 0.39436075, -0.890182, -0.7995461, -0.53364384, 0.66779166, -0.63705987, 0.63564575, 0.5709334, 0.20571244, -0.3272305, 0.41733438, 0.6883176, 0.81105244, -0.19763538, -0.33908927, -0.6637335, 0.8792054, -0.6727611, -0.20861582, -0.30965734, -0.3118657, 0.5135055, -0.7655266, 0.77059203, 0.46923763, 0.8059884, 0.75826234, 0.4483645, -0.468253, 0.99972695, 0.1803892, 0.96945304, 0.7614105, 0.227879, 0.90829116, -0.5738606, -0.53418225, 0.7114467, 0.41700172, 0.70807064, -0.7301051, 0.028401967, -0.99936056, 0.036867265, 0.14227034, -0.13389942, 0.7204193, 0.30942726, -0.6761804, -0.24366504, -0.1841286, 0.78536934, 0.6893523, 0.89338756, 0.5034019, -0.10896787, -0.09240669, 0.8245077, 0.3361945, -0.91754586, 0.6550786, 0.14272, -0.5160836, -0.4449188, -0.796565, 0.026433919, -0.98090744, 0.06564654, 0.7543747, -0.2952312, 0.8346808, 0.5977008, -0.92795974, -0.391577, 0.4570065, 0.59494674, -0.23914108, 0.30185997, -0.2885988, 0.99322295, -0.4465575, -0.71391463, 0.7782284, -0.03699463, -0.78898746, 0.815846, 0.39008558, 0.45376426, 0.23910886, 0.047447253, 0.61363465, 0.6893324, 0.055237662, -0.16537616, -0.028570337, -0.55932677, -0.07930768, 0.64106965, 0.66405827, -0.7795957, 0.59904623, 0.9851309, 0.5985823, -0.6227762, -0.4880374, -0.37704405, 0.8056912, -0.498377, 0.2711173, -0.12304127, -0.7807359, -0.6926674, -0.43674353, 0.1487258, -0.6677595, 0.4095497, -0.5806189, 0.9381231, -0.031465244, -0.25402904, 0.51927555, 0.5268621, 0.64552486, -0.49956915, -0.89120144, -0.52924865, 0.3872124, -0.20437068, 0.55148005, -0.5316651, 0.08718834, 0.20399742, 0.24204238, 0.7053121, -0.63764966, -0.26130077, 0.5785711, 0.3871217, 0.7257253, -0.1456452, 0.4105118, 0.7482831, 0.09597923, -0.16683406, 0.3322843, 0.20569348, 0.66461205, -0.4409134, 0.82373834, 0.8714388, 0.49839061, -0.09617454, -0.78156066, -0.60507, 0.4853378, 0.50912917, -0.90467954, 0.1390964, -0.6989247, 0.422722, -0.8277381, -0.6493149, 0.98480433, 0.94952995, 0.8508072, -0.90778375, 0.99274904, -0.4743608, 0.045290507, 0.42962435, -0.8309979, 0.6417683, -0.52752984, -0.88033503, -0.61009, 0.5541362, 0.51573116, -0.2739655, -0.8406175, -0.025976056, -0.22299127, -0.7945427, -0.21639653, 0.6386425, 0.43875003, -0.1866572, -0.9082509, -0.9459275, 0.5332128, -0.23671995, 0.8648906, -0.7362538, 0.7192385, -0.2775099, -0.42634258, 0.15240642, -0.13426381, -0.4749816, -0.017296903, -0.4394833, -0.8906148, -0.5689544, 0.45669898, 0.6020774, 0.9223618, -0.11587021, -0.33743584, -0.12379515, -0.89985514, -0.22512664, 0.41615, -0.11595689, 0.4604643, -0.9663894, -0.052550193, 0.621768, -0.733061, 0.7692785, 0.79528487, 0.729342, -0.28111055, 0.46441182, -0.78402597, -0.024083486, -0.1274489, -0.6198753, 0.84359026, 0.6642865, 0.5974529, 0.31994268, -0.9318599, 0.15273333, -0.55228966, 0.23196794, -0.17385772, -0.06206272, 0.50160366, -0.21461278, 0.48329258, -0.5183387, -0.91716224, -0.7128516, 0.17104758, -0.12589441, 0.23015079, -0.38628206, -0.19216767, 0.95436066, 0.69556296, 0.562088, -0.8308129, 0.47097185, -0.6556505, 0.92294353, -0.45850682, -0.15939622, -0.0150534, -0.91877794, 0.023985166, -0.4168762, -0.47165322, -0.88507867, 0.85532135, -0.2606806, 0.82873154, -0.09105464, 0.58898664, -0.24861385, 0.6075376, -0.4121233, 0.49094513, 0.9063939, 0.13986301, -0.022722898, -0.092533745, -0.63711065, -0.6705167, -0.54433984, 0.74619806, -0.4061896, -0.23611036, -0.015181196, 0.639543, -0.07146801, 0.8705519, -0.48613572, -0.6278039, -0.6592466, 0.21891391, 0.0784161, -0.5413126, -0.64148176, -0.53682935, -0.109398395, -0.11572887, 0.9166845, 0.98933434, -0.8223178, -0.9787591, 0.2294502, -0.70897037, -0.8890863, 0.09833916, -0.5925145, -0.61881167, 0.86549824, 0.6169185, 0.7458218, 0.008297019, -0.9755976, -0.3401301, 0.72568536, 0.57591385, -0.8019986, -0.16444565, 0.4160481, 0.89883775, -0.6090701, -0.88106954, -0.5954149, 0.7266095, 0.40264878, 0.037391663, 0.7389047, -0.5730129, 0.37229472, 0.4165046, 0.88288623, 0.8070268, 0.49633247, -0.13912672, 0.045455564, 0.09534799, 0.90657514, -0.67591155, -0.6673969, -0.1370646, 0.41214854, 0.518535, -0.74732304, 0.63346744, -0.043466862, -0.7314435, -0.4243728, 0.6345051, 0.7411902, 0.92126346, 0.27547988, 0.78791827, -0.8641191, -0.43442318, -0.3286632, -0.4962836, 0.79006064, 0.3813891, 0.31802148, -0.4604232, 0.39688787, 0.9066283, -0.9387598, -0.092418775, -0.33369702, -0.37566602, -0.71585673, 0.43653288, 0.6483194, -0.47068343, -0.894436, 0.6496104, -0.74291235, -0.9135737, 0.8136496, -0.48081583, 0.63299334, 0.06997225, 0.55740064, -0.18424636, 0.31570926, 0.0074628694, 0.1988841, 0.3961434, -0.58450085, 0.93824047, -0.8310289, 0.8908972, 0.9538091, 0.02639057, -0.73871565, 0.66543573, 0.16991596, 0.5239607, -0.5770675, 0.80345213, 0.120788634, 0.6982364, 0.43112388, 0.2651578, -0.5885697, 0.6537235, -0.34634075, -0.19571137, -0.27250102, -0.51854473, 0.7696654, 0.39100745, -0.5612747, -0.69801223, 0.58034784, -0.46970004, -0.7196965, 0.5531557, -0.7082987, -0.58117235, -0.19619188, -0.6278326, 0.4249874, -0.53230804, 0.8325924, 0.10753858, 0.2565317, -0.50863475, 0.5751609, 0.016086282, 0.54177576, 0.9384124, 0.4992227, -0.78148943, -0.6378813, -0.6387561, -0.2853484, 0.76809794, -0.5193827, -0.5660655, 0.28215903, 0.030609878, 0.04728386, -0.04136656, -0.91116494, -0.94120276, 0.49916196, -0.19328046, -0.5383794, -0.026491879, -0.67192215, 0.8328091, -0.062301107, -0.2521755, 0.40930846, -0.4181051, 0.19296032, 0.26482227, 0.6080525, -0.13770637, 0.6946074, 0.29294127, -0.3489155, -0.95435655, 0.35364112, -0.8907855, -0.24090053, -0.8089816, 0.9266657, -0.2886687, 0.6655502, -0.44056323, -0.55203587, -0.25157127, 0.18806688, -0.73265004, -0.9500691, -0.16682772]","[7.0, 0.0, -18.0, -7.0, -2.0, -9.0, 6.0, -12.0, -20.0, -11.0, -2.0, 22.0, 5.0, 0.0, -12.0, -1.0, -4.0, 1.0, -10.0, 0.0, -26.0, 5.0, 0.0, 1.0, -7.0, -14.0, -6.0, -24.0, -5.0, -20.0, -14.0, 7.0, 0.0, 14.0, -2.0, -11.0, -8.0, -12.0, 3.0, 1.0, 3.0, 14.0, -8.0, -6.0, -16.0, 11.0, -6.0, -9.0, 1.0, -5.0, -5.0, -3.0, 6.0, 3.0, -17.0, -11.0, -9.0, 13.0, 5.0, 4.0, -11.0, 2.0, -18.0, 5.0, -5.0, -1.0, -3.0, -8.0, 1.0, -2.0, -21.0, 17.0, -10.0, -19.0, -22.0, -6.0, -4.0, -12.0, -2.0, -10.0, 16.0, -10.0, 7.0, -23.0, -10.0, -11.0, 2.0, 8.0, -8.0, -6.0, -1.0, -18.0, -4.0, -4.0, 4.0, -8.0, -15.0, -5.0, -7.0, -5.0, -13.0, 1.0, -6.0, -3.0, 7.0, -19.0, 13.0, -14.0, -10.0, -13.0, -11.0, 5.0, 2.0, 2.0, 4.0, -14.0, -7.0, 4.0, -7.0, -11.0, -14.0, 4.0, 4.0, -13.0, -22.0, -16.0, -13.0, -3.0, -6.0, -1.0, -1.0, 6.0, 1.0, -5.0, -2.0, 0.0, -13.0, -14.0, -9.0, -9.0, 14.0, -10.0, -3.0, -10.0, 2.0, -10.0, -7.0, -7.0, -10.0, 9.0, -10.0, -17.0, -15.0, 0.0, 9.0, -4.0, -18.0, -6.0, 4.0, -3.0, -7.0, -6.0, -8.0, 8.0, -8.0, 0.0, 13.0, -16.0, -9.0, 0.0, -6.0, -4.0, -5.0, -24.0, -30.0, -10.0, -32.0, -5.0, 10.0, -25.0, -21.0, -5.0, -16.0, -9.0, -10.0, -15.0, 6.0, -4.0, -21.0, 12.0, -9.0, -1.0, 4.0, -4.0, -10.0, -1.0, -1.0, -11.0, -10.0, -6.0, -17.0, -3.0, -5.0, 6.0, -7.0, 2.0, -6.0, -3.0, -7.0, 9.0, -15.0, 0.0, -5.0, 2.0, -11.0, -11.0, -3.0, -9.0, -7.0, -1.0, -9.0, 5.0, -1.0, 0.0, -7.0, -5.0, -28.0, 4.0, -13.0, -3.0, 20.0, -7.0, -20.0, 1.0, -11.0, 1.0, -3.0, -7.0, -16.0, -11.0, 6.0, 8.0, -2.0, 11.0, 9.0, 2.0, 2.0, -18.0, -17.0, -10.0, -10.0, -6.0, 11.0, -8.0, -7.0, 2.0, 6.0, -9.0, -7.0, -3.0, -6.0, -14.0, -21.0, -1.0, -5.0, -14.0, -10.0, -27.0, -13.0, 1.0, 5.0, 0.0, -6.0, 9.0, -5.0, -4.0, -16.0, 1.0, -8.0, 6.0, -2.0, -6.0, -10.0, -1.0, 8.0, -6.0, 7.0, -5.0, 7.0, -1.0, 4.0, 10.0, 3.0, -15.0, 3.0, 4.0, 7.0, -6.0, 4.0, 2.0, -10.0, 0.0, -14.0, 9.0, 1.0, -6.0, -14.0, -6.0, -4.0, -11.0, 11.0, -8.0, 0.0, 5.0, -9.0, 0.0, -9.0, -1.0, 10.0, -10.0, -19.0, -21.0, -7.0, 7.0, 1.0, -10.0, -7.0, -3.0, 1.0, 0.0, 2.0, 8.0, -19.0, -9.0, -7.0, -15.0, -12.0, -5.0, -4.0, -33.0, 5.0, 5.0, -5.0, -16.0, -16.0, -4.0, -10.0, 4.0, -19.0, 5.0, -15.0, -4.0, 1.0, -6.0, -19.0, -23.0, 5.0, 8.0, -20.0, -13.0, 4.0, 6.0, -11.0, -5.0, -3.0, -7.0, -12.0, -3.0, 2.0, -17.0, -17.0, -10.0, -2.0, -17.0, -5.0, -16.0, 24.0, 14.0, -6.0, -18.0, -3.0, -2.0, 0.0, -1.0, 0.0, -16.0, -10.0, 1.0, -10.0, -25.0, -6.0, 2.0, -6.0, -13.0, 2.0, 29.0, 2.0, -4.0, -6.0, -5.0, -6.0, 7.0, -7.0, -6.0, 0.0, -4.0, -23.0, -33.0, 9.0, -10.0, -6.0, 2.0, -4.0, 5.0, -2.0, -6.0, -13.0, -11.0, -20.0, -1.0, 7.0, -14.0, -3.0, 20.0, 4.0, -19.0, 3.0, -20.0, -7.0, -10.0, -9.0, 8.0, 10.0, 4.0, -6.0, -6.0, 9.0, -7.0, 10.0, 7.0, -6.0, -5.0, -8.0, 4.0, -2.0, -35.0, 11.0, -15.0, -5.0, -4.0, -5.0, -2.0, -2.0, -21.0, -9.0, -5.0, -2.0, -11.0, -5.0, 2.0, 4.0, -16.0, -7.0, -16.0, -4.0, -12.0, 18.0, 2.0, -13.0, -10.0, -14.0, -1.0, -23.0, -15.0, -4.0, -5.0, -18.0, -4.0, 6.0, -12.0, -9.0, -4.0, -6.0, -20.0, 13.0, 3.0, -13.0, -6.0, 0.0, 3.0, 14.0, -6.0, -10.0, 2.0, -4.0, -7.0, -18.0, 9.0, -6.0, -27.0]",-54.9285266055146,0.0,0.0,0,0.0033347606658935547
59,"[-0.42609626, 0.5371308, -0.131989, 0.5599949, 0.6418799, 0.8829865, 0.7187873, -0.66565627, 0.49307176, 0.5538931, -0.5102858, 0.14257438, -0.32340628, 0.7483724, 0.18817037, 0.25842965, -0.41767198, -0.7782384, -0.5473306, 0.20649049, -0.1151437, -0.21822464, -0.800768, -0.949579, -0.7750154, -0.8782276, 0.2167059, 0.5807123, 0.8574336, 0.51515913, -0.5650812, -0.6253754, -0.47387588, -0.19052467, 0.58505386, 0.18928152, 0.50091237, 0.5528899, -0.6069189, -0.9806978, -0.87297416, -0.24882662, -0.60777426, -0.6907822, 0.6429242, -0.76889503, 0.023709401, -0.3608974, -0.84943193, 0.4454295, 0.44701338, -0.5675597, 0.13879211, 0.21259496, 0.61269975, -0.52453357, -0.10832885, -0.5306607, 0.71505165, -0.14497404, -0.69357437, -0.39787683, 0.52634794, 0.32086015, -0.6716298, -0.31345078, -0.80210406, 0.86156064, -0.5647735, 0.3170525, -0.5560362, 0.8223687, -0.8678074, -0.059749473, -0.79696614, -0.7694492, -0.32424426, -0.9090877, -0.1556113, 0.21817778, 0.30972537, -0.6883407, 0.55193454, -0.06197028, -0.61385125, -0.9946092, 0.5657998, 0.36278558, 0.60601926, -0.53593266, 0.78272986, 0.42051408, -0.5401013, -0.84518725, -0.30316383, 0.7826459, -0.43638182, -0.8248388, 0.51848704, -0.41111764, -0.5154739, -0.68221384, 0.75129026, 0.5041576, -0.8392601, -0.04524136, 0.4645092, -0.007076761, -0.0751366, -0.43350223, -0.7551733, -0.87680966, -0.80018985, -0.44668728, -0.80710524, 0.90037453, -0.5354916, -0.79563445, 0.987324, -0.37701663, -0.85589963, 0.7533574, -0.40318617, 0.8479783, 0.82972777, 0.5264287, -0.13961776, -0.2255141, 0.0056917644, 0.015680559, 0.24140948, -0.74208444, 0.55607855, 0.8743999, 0.42218006, -0.87334406, 0.39354098, 0.20607607, -0.76423675, 0.11888998, 0.6887986, -0.08050633, 0.0066106524, 0.11671055, 0.521736, 0.97336555, -0.44675234, 0.4317273, 0.103360906, -0.8271206, 0.63128954, -0.8183081, 0.9455388, 0.35661313, -0.1810592, -0.14428303, 0.36143622, -0.60280526, -0.97188574, 0.4673308, 0.9994589, -0.7150246, 0.8673713, -0.36837775, 0.37809372, 0.006018624, 0.18097399, -0.5377142, 0.7788802, 0.99940103, -0.20450017, -0.5130656, -0.2474026, 0.05991538, 0.36337113, -0.5944579, 0.9415191, 0.40927547, -0.2894841, 0.51390404, -0.14801288, 0.9527418, -0.088535435, -0.6618779, 0.62781423, 0.5463936, -0.58640397, 0.65807885, -0.3374254, 0.64062124, -0.93995, 0.47758076, 0.9700028, -0.03796884, 0.38339716, -0.53298587, -0.26233602, -0.8034271, 0.863625, -0.9025972, -0.30201384, -0.6287857, 0.36568534, 0.4198285, 0.7898114, 0.2555718, 0.2496359, 0.31497836, 0.6655226, -0.74014366, -0.16347724, 0.0161966, -0.2448821, 0.4797923, 0.71436286, 0.09430605, -0.7139853, -0.11011463, -0.74017173, 0.2263694, 0.37725544, 0.5202451, 0.48027137, -0.1054633, -0.25733534, -0.77458173, 0.51285124, 0.14627217, 0.32282642, 0.16782747, -0.00082764385, -0.5002627, -0.978039, -0.14672689, -0.24756637, -0.56468076, 0.5060365, 0.3283943, -0.56575006, -0.8059928, -0.47609934, -0.9850087, 0.23561744, -0.48906428, -0.31974906, -0.9721405, 0.9180632, -0.47056693, 0.4802577, 0.557079, -0.5689488, 0.8713233, 0.042009883, -0.5991312, -0.7953763, 0.54596007, -0.2272891, 0.18317331, -0.9025876, -0.17809129, -0.3232927, 0.65339166, -0.2554222, -0.617251, 0.93787354, 0.8096901, -0.49045247, 0.97135967, -0.78063506, 0.5410967, 0.4769294, -0.38839263, -0.92818004, 0.82858825, 0.37279883, -0.24882145, 0.60689104, 0.99572575, 0.3090746, -0.59541154, -0.19964716, -0.59372133, -0.6070721, 0.38424063, -0.609381, -0.27447987, -0.29837045, 0.94977206, -0.960243, 0.95345294, 0.6915177, 0.010523365, 0.59335464, 0.069393925, -0.15054297, -0.6419939, -0.47585973, 0.78623354, -0.26177725, -0.5889927, 0.29609683, -0.20614587, -0.18197846, 0.012372249, 0.71367276, 0.13559918, -0.43983155, 0.9633672, 0.6559447, -0.6306149, -0.4190718, 0.7731326, 0.68091804, -0.91357416, 0.2597547, -0.94156826, -0.16760053, 0.6705545, -0.04050288, -0.6623874, -0.14926277, 0.044615567, 0.47284204, 0.4075625, 0.8806915, 0.26690686, 0.58413017, -0.9766814, -0.66675353, -0.7471208, 0.5409721, -0.09297383, 0.0043534767, 0.98513615, -0.38745326, 0.5612498, -0.8803356, 0.5426793, 0.19201161, 0.3104881, 0.9979758, -0.98277795, 0.8269773, 0.5728708, -0.2385331, -0.21992606, -0.1512541, -0.82999307, 0.17969692, -0.6686087, 0.53446126, -0.7394001, 0.8559535, -0.7016627, -0.8955208, 0.3140089, 0.4616323, -0.47293, -0.48364606, -0.27762344, 0.18093984, 0.083572835, 0.14744224, -0.815362, -0.063818954, -0.9969619, 0.959819, -0.17360047, 0.3745575, -0.40169278, 0.59011924, 0.63158405, -0.6596774, -0.34991425, 0.49838164, 0.36836028, -0.57391614, -0.19401132, -0.34255618, -0.01347156, 0.49006504, 0.2994409, 0.9179235, 0.2018088, -0.13030171, 0.24891524, 0.15569012, -0.93259895, 0.8032268, -0.13488415, -0.8330057, -0.21901487, -0.030711507, -0.9984992, 0.8670306, 0.08268274, -0.09349655, 0.8386749, 0.48132053, 0.9447127, 0.21675025, 0.75919545, -0.54560643, -0.8466829, -0.96107346, 0.8683751, 0.37930626, -0.7080261, 0.020992674, 0.21444665, 0.035222553, -0.94214666, 0.540672, 0.68227226, -0.51405454, 0.7939038, -0.2704332, -0.48764655, -0.38696998, 0.8138298, -0.9568769, -0.45653683, 0.5234584, 0.4800755, -0.886763, 0.2434517, -0.3403684, -0.549246, 0.039376915, 0.20201024, 0.9958195, 0.73546284, 0.8023012, -0.6171523, -0.7430593, -0.9207411, 0.9422808, 0.86576486, 0.8564704, 0.8293277, -0.5357038, -0.80882627, 0.87920547, -0.6279162, -0.57630825, 0.11549135, 0.15365368, 0.13730282, -0.68772316, 0.08574393, 0.93501496, 0.46968186, 0.57901204, 0.19662178, -0.9561966, -0.8343873, -0.030509347, -0.73967797, -0.25199646, 0.34986463, -0.18691505, 0.93155104, -0.64725095, 0.24082695, 0.76116884, -0.71180457, 0.4830797, -0.11720069, -0.88903135, 0.042265527, -0.8733747, -0.668939, -0.48514414, 0.17036037, -0.76011556, -0.4390951, -0.7511362, 0.43006513, -0.82416296, -0.6864848, 0.44207177, 0.79155266, 0.29667222, -0.19149083, -0.8691433, -0.8224558, 0.9263975, -0.5226016, -0.40112004, -0.15591627, -0.06945154, 0.9320769, 0.7333108, 0.94714916, -0.06309167, 0.30671522, -0.5394136, 0.1129559, -0.42947057, 0.73775876]","[7.0, 0.0, -18.0, -7.0, -2.0, -9.0, 6.0, -12.0, -20.0, -11.0, -2.0, 22.0, 5.0, 0.0, -12.0, -1.0, -4.0, 1.0, -10.0, 0.0, -26.0, 5.0, 0.0, 1.0, -7.0, -14.0, -6.0, -24.0, -5.0, -20.0, -14.0, 7.0, 0.0, 14.0, -2.0, -11.0, -8.0, -12.0, 3.0, 1.0, 3.0, 14.0, -8.0, -6.0, -16.0, 11.0, -6.0, -9.0, 1.0, -5.0, -5.0, -3.0, 6.0, 3.0, -17.0, -11.0, -9.0, 13.0, 5.0, 4.0, -11.0, 2.0, -18.0, 5.0, -5.0, -1.0, -3.0, -8.0, 1.0, -2.0, -21.0, 17.0, -10.0, -19.0, -22.0, -6.0, -4.0, -12.0, -2.0, -10.0, 16.0, -10.0, 7.0, -23.0, -10.0, -11.0, 2.0, 8.0, -8.0, -6.0, -1.0, -18.0, -4.0, -4.0, 4.0, -8.0, -15.0, -5.0, -7.0, -5.0, -13.0, 1.0, -6.0, -3.0, 7.0, -19.0, 13.0, -14.0, -10.0, -13.0, -11.0, 5.0, 2.0, 2.0, 4.0, -14.0, -7.0, 4.0, -7.0, -11.0, -14.0, 4.0, 4.0, -13.0, -22.0, -16.0, -13.0, -3.0, -6.0, -1.0, -1.0, 6.0, 1.0, -5.0, -2.0, 0.0, -13.0, -14.0, -9.0, -9.0, 14.0, -10.0, -3.0, -10.0, 2.0, -10.0, -7.0, -7.0, -10.0, 9.0, -10.0, -17.0, -15.0, 0.0, 9.0, -4.0, -18.0, -6.0, 4.0, -3.0, -7.0, -6.0, -8.0, 8.0, -8.0, 0.0, 13.0, -16.0, -9.0, 0.0, -6.0, -4.0, -5.0, -24.0, -30.0, -10.0, -32.0, -5.0, 10.0, -25.0, -21.0, -5.0, -16.0, -9.0, -10.0, -15.0, 6.0, -4.0, -21.0, 12.0, -9.0, -1.0, 4.0, -4.0, -10.0, -1.0, -1.0, -11.0, -10.0, -6.0, -17.0, -3.0, -5.0, 6.0, -7.0, 2.0, -6.0, -3.0, -7.0, 9.0, -15.0, 0.0, -5.0, 2.0, -11.0, -11.0, -3.0, -9.0, -7.0, -1.0, -9.0, 5.0, -1.0, 0.0, -7.0, -5.0, -28.0, 4.0, -13.0, -3.0, 20.0, -7.0, -20.0, 1.0, -11.0, 1.0, -3.0, -7.0, -16.0, -11.0, 6.0, 8.0, -2.0, 11.0, 9.0, 2.0, 2.0, -18.0, -17.0, -10.0, -10.0, -6.0, 11.0, -8.0, -7.0, 2.0, 6.0, -9.0, -7.0, -3.0, -6.0, -14.0, -21.0, -1.0, -5.0, -14.0, -10.0, -27.0, -13.0, 1.0, 5.0, 0.0, -6.0, 9.0, -5.0, -4.0, -16.0, 1.0, -8.0, 6.0, -2.0, -6.0, -10.0, -1.0, 8.0, -6.0, 7.0, -5.0, 7.0, -1.0, 4.0, 10.0, 3.0, -15.0, 3.0, 4.0, 7.0, -6.0, 4.0, 2.0, -10.0, 0.0, -14.0, 9.0, 1.0, -6.0, -14.0, -6.0, -4.0, -11.0, 11.0, -8.0, 0.0, 5.0, -9.0, 0.0, -9.0, -1.0, 10.0, -10.0, -19.0, -21.0, -7.0, 7.0, 1.0, -10.0, -7.0, -3.0, 1.0, 0.0, 2.0, 8.0, -19.0, -9.0, -7.0, -15.0, -12.0, -5.0, -4.0, -33.0, 5.0, 5.0, -5.0, -16.0, -16.0, -4.0, -10.0, 4.0, -19.0, 5.0, -15.0, -4.0, 1.0, -6.0, -19.0, -23.0, 5.0, 8.0, -20.0, -13.0, 4.0, 6.0, -11.0, -5.0, -3.0, -7.0, -12.0, -3.0, 2.0, -17.0, -17.0, -10.0, -2.0, -17.0, -5.0, -16.0, 24.0, 14.0, -6.0, -18.0, -3.0, -2.0, 0.0, -1.0, 0.0, -16.0, -10.0, 1.0, -10.0, -25.0, -6.0, 2.0, -6.0, -13.0, 2.0, 29.0, 2.0, -4.0, -6.0, -5.0, -6.0, 7.0, -7.0, -6.0, 0.0, -4.0, -23.0, -33.0, 9.0, -10.0, -6.0, 2.0, -4.0, 5.0, -2.0, -6.0, -13.0, -11.0, -20.0, -1.0, 7.0, -14.0, -3.0, 20.0, 4.0, -19.0, 3.0, -20.0, -7.0, -10.0, -9.0, 8.0, 10.0, 4.0, -6.0, -6.0, 9.0, -7.0, 10.0, 7.0, -6.0, -5.0, -8.0, 4.0, -2.0, -35.0, 11.0, -15.0, -5.0, -4.0, -5.0, -2.0, -2.0, -21.0, -9.0, -5.0, -2.0, -11.0, -5.0, 2.0, 4.0, -16.0, -7.0, -16.0, -4.0, -12.0, 18.0, 2.0, -13.0, -10.0, -14.0, -1.0, -23.0, -15.0, -4.0, -5.0, -18.0, -4.0, 6.0, -12.0, -9.0, -4.0, -6.0, -20.0, 13.0, 3.0, -13.0, -6.0, 0.0, 3.0, 14.0, -6.0, -10.0, 2.0, -4.0, -7.0, -18.0, 9.0, -6.0, -27.0]",-54.9285266055146,0.0,0.0,0,0.0033659934997558594
60,"[-0.027901636, -0.99128187, -0.42858437, -0.78974557, -0.09287219, -0.94509023, -0.97928244, 0.076342076, -0.8876744, 0.52703965, 0.49525318, 0.5016468, 0.5958285, -0.32555327, -0.8345473, -0.004601536, -0.27403352, 0.20350479, -0.7729286, -0.6810916, -0.41336206, -0.048441503, -0.04538917, -0.9080258, 0.04265966, -0.85532993, 0.44034424, 0.6050891, -0.5048045, 0.17822051, -0.052262217, 0.6253825, 0.6331422, 0.042750742, 0.6356599, 0.8327979, 0.39623645, 0.8524455, 0.22966315, -0.3718744, -0.9167318, 0.89289826, 0.3775939, 0.44436628, -0.8699021, 0.6784375, 0.81745577, 0.095731094, 0.5123043, 0.691354, 0.13817243, 0.14859769, -0.952169, -0.8493054, 0.31090695, -0.778351, -0.29504475, 0.21936907, 0.70786273, 0.16449352, -0.65954715, -0.10865418, -0.80174685, 0.0012672027, 0.60044163, 0.3209018, -0.91843647, -0.39529952, 0.120373994, 0.17010032, -0.6281783, 0.6695089, 0.49605507, -0.7477506, -0.17669496, -0.5557922, -0.41775766, 0.4126469, -0.6726924, 0.47888732, 0.48622018, 0.9400033, 0.7457702, 0.5587861, -0.011370679, 0.53609735, 0.45299396, -0.9618595, -0.0050593736, -0.49077433, -0.3789062, -0.00093932694, 0.77508533, -0.85061896, 0.7239881, 0.18930416, 0.43945503, -0.6125252, 0.30743277, -0.7380385, 0.32466638, -0.6497649, 0.46777424, 0.28691685, -0.8951745, 0.7413122, 0.6984433, -0.81705546, 0.44950962, 0.81033325, 0.008371345, 0.34154922, 0.18383883, -0.71828675, 0.03589541, 0.39094162, 0.8589742, 0.6766786, -0.20423801, 0.30919403, -0.979383, 0.3938253, -0.15643679, 0.18829879, 0.29604208, 0.9655662, -0.25329924, 0.5194418, -0.33729517, 0.37847713, 0.119049266, -0.79630774, -0.311269, -0.56769824, 0.2340939, -0.35048798, -0.8644126, 0.54625857, 0.9654098, 0.76311404, 0.16805756, 0.40222403, -0.3875457, 0.77545935, 0.1850074, -0.6008331, 0.8816084, 0.90451705, -0.5071385, -0.89577824, -0.9714761, 0.476651, 0.31037354, -0.2542751, 0.48818824, 0.524656, 0.7515201, 0.32275462, 0.9865785, 0.028026123, -0.08713202, 0.71898144, -0.87669945, 0.826448, -0.11506402, -0.0005027133, 0.26910314, -0.5209812, 0.46796438, -0.2227236, -0.8440252, 0.9326632, -0.995388, 0.4662934, 0.92765546, 0.14319237, -0.84052765, 0.6738807, -0.032124437, 0.5476778, 0.5418637, -0.37520704, -0.19580902, 0.49438143, 0.46825346, 0.014808434, -0.73204356, 0.69218826, -0.77053803, 0.010648589, 0.821508, -0.916326, -0.22008736, 0.68946487, -0.559193, 0.1801902, 0.3250461, 0.50010103, 0.07362104, -0.12642652, -0.8220975, 0.53691375, 0.16366427, 0.09789037, 0.937291, 0.22080064, -0.5865198, 0.511284, 0.70174485, 0.45411453, -0.5527321, -0.47731978, -0.8269097, 0.28805804, 0.39573961, -0.20152962, -0.9931854, -0.6410935, 0.056862675, 0.8248213, 0.916667, -0.8661693, 0.46364838, 0.91149986, 0.3940716, -0.11369305, 0.63086426, 0.9426171, 0.6786096, -0.70348454, 0.9266042, -0.9856164, 0.34010556, 0.48546463, 0.21765342, -0.6602616, 0.5761597, 0.02991349, 0.18748239, -0.35121086, -0.49635002, 0.3192157, -0.7391676, -0.10553872, 0.9479051, -0.19777697, -0.9242458, -0.4952536, -0.8788108, -0.052056547, 0.8016092, -0.28869852, -0.895311, 0.5020191, -0.13824081, -0.027519682, -0.9001082, -0.48231497, -0.51973236, -0.932667, 0.2493267, 0.018284056, 0.97628385, 0.9992785, 0.95113295, -0.08349151, -0.35957894, 0.047828794, 0.05794147, 0.85753155, 0.012988238, 0.8088583, -0.43313715, -0.22162531, 0.20343998, -0.14614673, -0.8124301, 0.9469841, 0.69914293, 0.58616704, 0.57076216, 0.8032132, 0.9003187, 0.12533842, 0.029700788, -0.35467875, -0.018983144, -0.0541399, 0.47128347, 0.30897602, -0.073148094, 0.121957876, -0.77019346, -0.55580056, -0.25628924, -0.11532656, 0.6611175, 0.5007999, -0.23055944, 0.7275532, -0.74426526, 0.007917329, 0.35080895, -0.081057325, -0.22505462, 0.38983384, 0.5490473, 0.4336916, 0.01283588, -0.7614805, -0.5900847, -0.8096883, 0.11388409, -0.08856473, 0.08572567, -0.1428125, -0.67253006, -0.6287432, 0.06534262, 0.35205388, -0.48294368, -0.37474653, 0.3837622, -0.7246662, 0.6763088, -0.023278963, 0.26174006, -0.6610284, -0.1509966, -0.0072077257, 0.75021946, 0.6493111, 0.16158836, -0.5580459, 0.41366658, -0.3355153, 0.14047682, -0.8802037, 0.27455333, -0.28035003, -0.9212049, 0.7747819, 0.6856162, 0.31855842, 0.50046813, -0.48912942, -0.21205847, 0.08317763, 0.9409536, 0.4916779, -0.9635225, -0.87247616, 0.4148643, 0.2654975, -0.3709808, -0.97974735, -0.8001084, 0.5447145, 0.38233036, 0.63855207, 0.45979932, -0.33528796, 0.34618947, -0.14246032, 0.9544316, 0.2547977, -0.60783774, 0.34567997, -0.8845131, -0.31820074, -0.5342972, 0.40927094, 0.52930397, 0.23526555, -0.30819052, -0.5826052, -0.9697438, -0.7605209, 0.64617777, -0.8236493, 0.1580989, 0.48304245, -0.51810884, -0.066268556, -0.27618277, 0.29555815, 0.45473686, 0.20739989, -0.8651097, 0.5185453, -0.40771347, 0.566068, -0.1820043, -0.5475497, 0.73168427, -0.40399233, -0.420435, -0.5958248, -0.059078146, -0.7398876, -0.22625087, 0.4088027, -0.326298, 0.6601006, -0.7502892, -0.7438918, 0.8366703, -0.10360604, -0.07450534, -0.75622755, -0.06809328, 0.8899789, -0.58954555, 0.68154335, 0.7659538, -0.22916658, 0.29830107, -0.33295715, 0.40105724, -0.076524556, -0.43461877, -0.71003246, -0.13217162, 0.82922107, -0.7467255, 0.17501837, 0.11435135, -0.9272829, -0.38865128, 0.28831473, 0.050417926, -0.7035129, 0.043855958, -0.62049884, 0.87259215, 0.68421066, -0.97193587, 0.34336913, -0.9074721, 0.4531539, -0.114009574, -0.9468981, -0.5809049, 0.6181265, 0.7329767, 0.021974575, 0.075612485, -0.40842524, -0.68482715, 0.20304464, -0.6833758, -0.47709337, 0.03530062, -0.8828777, 0.081596226, -0.66836953, 0.053896807, 0.6087271, 0.9497178, -0.70908386, 0.5437883, -0.74979746, 0.34214592, 0.9916866, -0.8602616, -0.12519139, 0.07574943, 0.30218267, -0.18901354, 0.69981784, -0.75622666, 0.019816378, 0.78826416, -0.20258252, -0.874072, 0.9970298, 0.861675, 0.11912525, -0.2106332, 0.46956497, -0.016479025, 0.122264765, -0.8470424, -0.07366737, 0.6086738, -0.60339564, 0.11444164, 0.90035045, 0.47023982, 0.8847779, -0.6781692, -0.44642454, 0.5445195, -0.9322138, -0.733598, 0.6937476, 0.8711907, 0.0454099, -0.0014678983, -0.33152258]","[7.0, 0.0, -18.0, -7.0, -2.0, -9.0, 6.0, -12.0, -20.0, -11.0, -2.0, 22.0, 5.0, 0.0, -12.0, -1.0, -4.0, 1.0, -10.0, 0.0, -26.0, 5.0, 0.0, 1.0, -7.0, -14.0, -6.0, -24.0, -5.0, -20.0, -14.0, 7.0, 0.0, 14.0, -2.0, -11.0, -8.0, -12.0, 3.0, 1.0, 3.0, 14.0, -8.0, -6.0, -16.0, 11.0, -6.0, -9.0, 1.0, -5.0, -5.0, -3.0, 6.0, 3.0, -17.0, -11.0, -9.0, 13.0, 5.0, 4.0, -11.0, 2.0, -18.0, 5.0, -5.0, -1.0, -3.0, -8.0, 1.0, -2.0, -21.0, 17.0, -10.0, -19.0, -22.0, -6.0, -4.0, -12.0, -2.0, -10.0, 16.0, -10.0, 7.0, -23.0, -10.0, -11.0, 2.0, 8.0, -8.0, -6.0, -1.0, -18.0, -4.0, -4.0, 4.0, -8.0, -15.0, -5.0, -7.0, -5.0, -13.0, 1.0, -6.0, -3.0, 7.0, -19.0, 13.0, -14.0, -10.0, -13.0, -11.0, 5.0, 2.0, 2.0, 4.0, -14.0, -7.0, 4.0, -7.0, -11.0, -14.0, 4.0, 4.0, -13.0, -22.0, -16.0, -13.0, -3.0, -6.0, -1.0, -1.0, 6.0, 1.0, -5.0, -2.0, 0.0, -13.0, -14.0, -9.0, -9.0, 14.0, -10.0, -3.0, -10.0, 2.0, -10.0, -7.0, -7.0, -10.0, 9.0, -10.0, -17.0, -15.0, 0.0, 9.0, -4.0, -18.0, -6.0, 4.0, -3.0, -7.0, -6.0, -8.0, 8.0, -8.0, 0.0, 13.0, -16.0, -9.0, 0.0, -6.0, -4.0, -5.0, -24.0, -30.0, -10.0, -32.0, -5.0, 10.0, -25.0, -21.0, -5.0, -16.0, -9.0, -10.0, -15.0, 6.0, -4.0, -21.0, 12.0, -9.0, -1.0, 4.0, -4.0, -10.0, -1.0, -1.0, -11.0, -10.0, -6.0, -17.0, -3.0, -5.0, 6.0, -7.0, 2.0, -6.0, -3.0, -7.0, 9.0, -15.0, 0.0, -5.0, 2.0, -11.0, -11.0, -3.0, -9.0, -7.0, -1.0, -9.0, 5.0, -1.0, 0.0, -7.0, -5.0, -28.0, 4.0, -13.0, -3.0, 20.0, -7.0, -20.0, 1.0, -11.0, 1.0, -3.0, -7.0, -16.0, -11.0, 6.0, 8.0, -2.0, 11.0, 9.0, 2.0, 2.0, -18.0, -17.0, -10.0, -10.0, -6.0, 11.0, -8.0, -7.0, 2.0, 6.0, -9.0, -7.0, -3.0, -6.0, -14.0, -21.0, -1.0, -5.0, -14.0, -10.0, -27.0, -13.0, 1.0, 5.0, 0.0, -6.0, 9.0, -5.0, -4.0, -16.0, 1.0, -8.0, 6.0, -2.0, -6.0, -10.0, -1.0, 8.0, -6.0, 7.0, -5.0, 7.0, -1.0, 4.0, 10.0, 3.0, -15.0, 3.0, 4.0, 7.0, -6.0, 4.0, 2.0, -10.0, 0.0, -14.0, 9.0, 1.0, -6.0, -14.0, -6.0, -4.0, -11.0, 11.0, -8.0, 0.0, 5.0, -9.0, 0.0, -9.0, -1.0, 10.0, -10.0, -19.0, -21.0, -7.0, 7.0, 1.0, -10.0, -7.0, -3.0, 1.0, 0.0, 2.0, 8.0, -19.0, -9.0, -7.0, -15.0, -12.0, -5.0, -4.0, -33.0, 5.0, 5.0, -5.0, -16.0, -16.0, -4.0, -10.0, 4.0, -19.0, 5.0, -15.0, -4.0, 1.0, -6.0, -19.0, -23.0, 5.0, 8.0, -20.0, -13.0, 4.0, 6.0, -11.0, -5.0, -3.0, -7.0, -12.0, -3.0, 2.0, -17.0, -17.0, -10.0, -2.0, -17.0, -5.0, -16.0, 24.0, 14.0, -6.0, -18.0, -3.0, -2.0, 0.0, -1.0, 0.0, -16.0, -10.0, 1.0, -10.0, -25.0, -6.0, 2.0, -6.0, -13.0, 2.0, 29.0, 2.0, -4.0, -6.0, -5.0, -6.0, 7.0, -7.0, -6.0, 0.0, -4.0, -23.0, -33.0, 9.0, -10.0, -6.0, 2.0, -4.0, 5.0, -2.0, -6.0, -13.0, -11.0, -20.0, -1.0, 7.0, -14.0, -3.0, 20.0, 4.0, -19.0, 3.0, -20.0, -7.0, -10.0, -9.0, 8.0, 10.0, 4.0, -6.0, -6.0, 9.0, -7.0, 10.0, 7.0, -6.0, -5.0, -8.0, 4.0, -2.0, -35.0, 11.0, -15.0, -5.0, -4.0, -5.0, -2.0, -2.0, -21.0, -9.0, -5.0, -2.0, -11.0, -5.0, 2.0, 4.0, -16.0, -7.0, -16.0, -4.0, -12.0, 18.0, 2.0, -13.0, -10.0, -14.0, -1.0, -23.0, -15.0, -4.0, -5.0, -18.0, -4.0, 6.0, -12.0, -9.0, -4.0, -6.0, -20.0, 13.0, 3.0, -13.0, -6.0, 0.0, 3.0, 14.0, -6.0, -10.0, 2.0, -4.0, -7.0, -18.0, 9.0, -6.0, -27.0]",-54.9285266055146,0.0,0.0,0,0.0032057762145996094
61,"[0.23054013, 0.063913696, -0.66836077, 0.25299174, -0.64576113, 0.0008610859, -0.5471638, -0.03884049, 0.7781, 0.051109243, -0.03534402, -0.8651626, 0.041688506, 0.94466805, -0.7597519, -0.5101506, -0.7564383, -0.2534928, 0.19251335, -0.33916554, -0.9656672, 0.74239606, -0.027342634, -0.03030985, -0.85058975, 0.72942173, 0.08924881, 0.80126756, -0.9317519, -0.06567225, 0.83054477, -0.45728636, 0.045856804, -0.33356532, -0.5654354, 0.7694277, 0.14830554, 0.6785588, 0.7242379, -0.49196482, -0.29305178, -0.6378239, -0.5638041, 0.40893272, -0.39663267, -0.59859264, 0.35618976, -0.4030376, 0.23817636, -0.22206572, -0.83044887, 0.8873203, 0.603269, 0.4591732, 0.85396, 0.0026468947, -0.32056886, 0.25369725, -0.41770616, -0.41930208, 0.024725417, 0.6478063, 0.5151058, -0.18624721, 0.97836924, 0.4621141, -0.04211608, 0.39911655, -0.9165647, -0.45715427, -0.19042611, -0.64387083, -0.25120968, 0.42612663, 0.61603886, -0.77189887, 0.7470547, -0.9416557, -0.3531869, -0.022190422, -0.3376286, 0.85850054, -0.5822405, -0.64385986, 0.24662659, 0.4262291, 0.15137847, -0.29470345, -0.26285592, -0.8722858, 0.628057, 0.94993657, 0.82828784, -0.6659872, 0.92945033, 0.3949371, 0.56552917, 0.2180736, 0.8149666, -0.49681342, 0.36742437, -0.12289078, -0.004011141, -0.5302728, -0.16594087, -0.45098817, 0.9966587, -0.7821833, -0.63211685, -0.57369655, -0.38834545, -0.927163, 0.5735398, 0.8803379, -0.54410726, -0.92112684, -0.066282004, 0.83974606, -0.5505613, -0.10411828, 0.3623838, 0.13863003, -0.6811372, 0.24195993, 0.98972154, 0.48542103, 0.45572612, 0.015109637, -0.5174229, 0.9961573, -0.8018836, 0.94412655, -0.8458874, -0.5910487, -0.87978697, 0.83099073, -0.7637601, -0.7074817, -0.34185374, 0.45814347, 0.06796198, 0.106062725, -0.17268215, -0.22051252, 0.34029916, -0.5925578, 0.7028218, 0.06654913, 0.30567706, -0.7906047, -0.642639, 0.5319188, 0.5468941, 0.22049332, -0.84946114, 0.052560184, -0.015703226, 0.7507005, 0.025572049, 0.19470194, -0.88419276, -0.94931203, 0.5981697, 0.56468797, 0.55441916, -0.88195586, -0.5724561, -0.65913427, 0.95870584, -0.2911951, -0.3114608, -0.91444534, 0.7744029, -0.11111493, -0.977088, 0.7886727, 0.0022555974, -0.6562116, -0.98390746, 0.8625684, -0.89132375, 0.87258905, -0.5348066, -0.24634963, -0.7683845, 0.19672482, -0.7692393, 0.91265315, -0.1505894, -0.100214936, 0.7291416, 0.6362365, -0.7074236, -0.58362585, 0.43283504, -0.60676575, 0.52241105, 0.25315443, 0.078814566, 0.08290717, -0.80316246, 0.6086072, 0.8889976, 0.5637719, -0.11050512, -0.059874307, 0.88393337, 0.049910054, -0.9887488, 0.28331116, -0.29760888, 0.2732441, -0.7274611, 0.2897666, -0.50783694, 0.47463444, 0.52164865, 0.77607363, 0.34490523, -0.8538146, -0.56949914, -0.8022415, 0.9452615, -0.91883636, 0.6137898, 0.022217307, -0.54102045, 0.5452014, 0.6239219, 0.17564882, -0.8349252, 0.33997303, 0.65836114, 0.9052229, -0.3973293, 0.3699948, -0.33592984, -0.014822418, 0.97504395, 0.8764147, -0.35921228, 0.3334923, -0.70331115, 0.9005773, -0.12478625, -0.09599114, -0.6605977, -0.28029653, -0.518678, 0.06580721, 0.61421555, 0.7173706, -0.8535536, 0.7492841, 0.07027666, -0.8062091, 0.8033536, 0.5965135, 0.7784142, -0.12635466, 0.6600163, 0.054676328, -0.9368381, -0.100560576, 0.20470807, -0.13479531, 0.4987104, 0.53811425, 0.1014367, -0.32247493, 0.22894414, 0.5962062, -0.06917827, -0.17076875, 0.30038524, 0.9937745, -0.7676997, 0.7913568, -0.15064405, 0.72737855, -0.924035, -0.18926597, -0.3348729, -0.041247353, -0.5391001, -0.82696074, 0.89719486, 0.17494425, 0.9564589, 0.8382098, -0.8233809, -0.07554966, -0.40510708, 0.503221, -0.1173043, -0.8027347, -0.67035776, 0.6529287, -0.5816316, 0.32952237, -0.61377937, -0.5952254, -0.5238541, -0.28535217, 0.6911581, 0.20593654, -0.78950584, 0.43759325, -0.21816482, -0.925032, -0.17107248, 0.92142767, 0.43963912, -0.9594216, 0.5288897, -0.0177795, -0.47863474, -0.2653765, -0.20195518, -0.7949454, 0.5468973, 0.095600076, 0.92044944, -0.66647714, 0.1759453, -0.6083681, 0.7717663, -0.81245667, 0.26135102, -0.33834624, 0.13488118, 0.56308985, -0.4968254, 0.6683061, 0.40498647, -0.46693107, -0.11178872, 0.7964233, 0.44468853, 0.37790874, -0.54724973, 0.9100191, -0.2875857, -0.7270376, 0.9254174, 0.89896184, -0.075537145, -0.7903235, 0.5904707, -0.72079295, -0.34118566, 0.3042324, -0.63421327, -0.6236732, 0.31805393, 0.85543644, -0.82143074, -0.5538916, -0.41906697, 0.3432035, -0.4586003, -0.7007013, -0.5183636, -0.49178785, -0.23104739, 0.7727379, 0.7772645, 0.52777, 0.0031725161, -0.7659909, -0.38418022, 0.43835697, 0.4857135, 0.8707846, 0.14876676, 0.6720026, -0.14172518, -0.27352905, -0.8662904, 0.22620945, -0.9234337, 0.50862944, -0.89376, 0.5823116, -0.16680749, -0.6754901, 0.372146, 0.420458, 0.38249174, -0.63731796, -0.3729812, 0.25681388, -0.11917065, -0.20674941, 0.113120176, 0.29406804, 0.79703975, -0.7791418, 0.9096414, 0.7108862, -0.049828816, 0.091664456, 0.22420885, 0.8996371, 0.3357917, -0.24115083, -0.69033915, 0.6805145, -0.59817964, 0.32034442, -0.5610093, 0.5318518, -0.92182887, 0.8093696, 0.6559579, 0.98589253, -0.055510126, 0.3085546, 0.13539536, 0.07648911, -0.41338697, 0.15358633, 0.17717682, 0.4789653, 0.6558519, 0.30310765, 0.3256476, 0.6692226, -0.51207614, 0.4598959, 0.34361547, -0.28599766, -0.6576517, 0.13999234, 0.575885, -0.48368868, -0.4967631, 0.9945105, 0.009004019, 0.6835961, 0.542002, 0.6757304, -0.89737344, 0.59821326, 0.33182383, -0.28761777, 0.77001214, 0.121834025, 0.16428499, -0.79851305, -0.7155302, -0.8645305, 0.41307077, 0.049748138, 0.7889754, 0.004680935, 0.47364953, -0.15364236, -0.18121134, -0.08242225, -0.71948177, 0.56408376, -0.67676634, -0.44993898, -0.15387148, 0.007389723, 0.9001562, 0.43477795, 0.18459107, -0.76277393, 0.27774236, 0.13982894, -0.25866678, -0.46725267, -0.1611483, 0.39090145, -0.88905054, -0.7346709, 0.82396114, -0.20692277, 0.3989769, 0.8976386, -0.7947293, -0.1732953, 0.7212625, -0.06215971, -0.051499356, -0.86178434, -0.97234803, -0.10991472, -0.93960774, -0.80619156, 0.1107374, -0.6916723, -0.26140597, -0.5671909, -0.3553892, 0.4687207, -0.17733823, -0.36383128]","[7.0, 0.0, -18.0, -7.0, -2.0, -9.0, 6.0, -12.0, -20.0, -11.0, -2.0, 22.0, 5.0, 0.0, -12.0, -1.0, -4.0, 1.0, -10.0, 0.0, -26.0, 5.0, 0.0, 1.0, -7.0, -14.0, -6.0, -24.0, -5.0, -20.0, -14.0, 7.0, 0.0, 14.0, -2.0, -11.0, -8.0, -12.0, 3.0, 1.0, 3.0, 14.0, -8.0, -6.0, -16.0, 11.0, -6.0, -9.0, 1.0, -5.0, -5.0, -3.0, 6.0, 3.0, -17.0, -11.0, -9.0, 13.0, 5.0, 4.0, -11.0, 2.0, -18.0, 5.0, -5.0, -1.0, -3.0, -8.0, 1.0, -2.0, -21.0, 17.0, -10.0, -19.0, -22.0, -6.0, -4.0, -12.0, -2.0, -10.0, 16.0, -10.0, 7.0, -23.0, -10.0, -11.0, 2.0, 8.0, -8.0, -6.0, -1.0, -18.0, -4.0, -4.0, 4.0, -8.0, -15.0, -5.0, -7.0, -5.0, -13.0, 1.0, -6.0, -3.0, 7.0, -19.0, 13.0, -14.0, -10.0, -13.0, -11.0, 5.0, 2.0, 2.0, 4.0, -14.0, -7.0, 4.0, -7.0, -11.0, -14.0, 4.0, 4.0, -13.0, -22.0, -16.0, -13.0, -3.0, -6.0, -1.0, -1.0, 6.0, 1.0, -5.0, -2.0, 0.0, -13.0, -14.0, -9.0, -9.0, 14.0, -10.0, -3.0, -10.0, 2.0, -10.0, -7.0, -7.0, -10.0, 9.0, -10.0, -17.0, -15.0, 0.0, 9.0, -4.0, -18.0, -6.0, 4.0, -3.0, -7.0, -6.0, -8.0, 8.0, -8.0, 0.0, 13.0, -16.0, -9.0, 0.0, -6.0, -4.0, -5.0, -24.0, -30.0, -10.0, -32.0, -5.0, 10.0, -25.0, -21.0, -5.0, -16.0, -9.0, -10.0, -15.0, 6.0, -4.0, -21.0, 12.0, -9.0, -1.0, 4.0, -4.0, -10.0, -1.0, -1.0, -11.0, -10.0, -6.0, -17.0, -3.0, -5.0, 6.0, -7.0, 2.0, -6.0, -3.0, -7.0, 9.0, -15.0, 0.0, -5.0, 2.0, -11.0, -11.0, -3.0, -9.0, -7.0, -1.0, -9.0, 5.0, -1.0, 0.0, -7.0, -5.0, -28.0, 4.0, -13.0, -3.0, 20.0, -7.0, -20.0, 1.0, -11.0, 1.0, -3.0, -7.0, -16.0, -11.0, 6.0, 8.0, -2.0, 11.0, 9.0, 2.0, 2.0, -18.0, -17.0, -10.0, -10.0, -6.0, 11.0, -8.0, -7.0, 2.0, 6.0, -9.0, -7.0, -3.0, -6.0, -14.0, -21.0, -1.0, -5.0, -14.0, -10.0, -27.0, -13.0, 1.0, 5.0, 0.0, -6.0, 9.0, -5.0, -4.0, -16.0, 1.0, -8.0, 6.0, -2.0, -6.0, -10.0, -1.0, 8.0, -6.0, 7.0, -5.0, 7.0, -1.0, 4.0, 10.0, 3.0, -15.0, 3.0, 4.0, 7.0, -6.0, 4.0, 2.0, -10.0, 0.0, -14.0, 9.0, 1.0, -6.0, -14.0, -6.0, -4.0, -11.0, 11.0, -8.0, 0.0, 5.0, -9.0, 0.0, -9.0, -1.0, 10.0, -10.0, -19.0, -21.0, -7.0, 7.0, 1.0, -10.0, -7.0, -3.0, 1.0, 0.0, 2.0, 8.0, -19.0, -9.0, -7.0, -15.0, -12.0, -5.0, -4.0, -33.0, 5.0, 5.0, -5.0, -16.0, -16.0, -4.0, -10.0, 4.0, -19.0, 5.0, -15.0, -4.0, 1.0, -6.0, -19.0, -23.0, 5.0, 8.0, -20.0, -13.0, 4.0, 6.0, -11.0, -5.0, -3.0, -7.0, -12.0, -3.0, 2.0, -17.0, -17.0, -10.0, -2.0, -17.0, -5.0, -16.0, 24.0, 14.0, -6.0, -18.0, -3.0, -2.0, 0.0, -1.0, 0.0, -16.0, -10.0, 1.0, -10.0, -25.0, -6.0, 2.0, -6.0, -13.0, 2.0, 29.0, 2.0, -4.0, -6.0, -5.0, -6.0, 7.0, -7.0, -6.0, 0.0, -4.0, -23.0, -33.0, 9.0, -10.0, -6.0, 2.0, -4.0, 5.0, -2.0, -6.0, -13.0, -11.0, -20.0, -1.0, 7.0, -14.0, -3.0, 20.0, 4.0, -19.0, 3.0, -20.0, -7.0, -10.0, -9.0, 8.0, 10.0, 4.0, -6.0, -6.0, 9.0, -7.0, 10.0, 7.0, -6.0, -5.0, -8.0, 4.0, -2.0, -35.0, 11.0, -15.0, -5.0, -4.0, -5.0, -2.0, -2.0, -21.0, -9.0, -5.0, -2.0, -11.0, -5.0, 2.0, 4.0, -16.0, -7.0, -16.0, -4.0, -12.0, 18.0, 2.0, -13.0, -10.0, -14.0, -1.0, -23.0, -15.0, -4.0, -5.0, -18.0, -4.0, 6.0, -12.0, -9.0, -4.0, -6.0, -20.0, 13.0, 3.0, -13.0, -6.0, 0.0, 3.0, 14.0, -6.0, -10.0, 2.0, -4.0, -7.0, -18.0, 9.0, -6.0, -27.0]",-54.9285266055146,0.0,0.0,0,0.0031499862670898438
62,"[0.8458143, 0.7758771, -0.63757175, -0.89433104, -0.4931894, -0.40046668, -0.65168655, -0.82993305, -0.7560191, 0.90566665, -0.28651348, 0.9456478, -0.09623469, -0.5253112, -0.35224295, -0.44582105, 0.16623214, 0.38235193, -0.8152781, -0.3659932, -0.32391304, 0.3156233, 0.6922255, -0.54504627, 0.6104074, -0.6739408, -0.29522493, 0.10982117, -0.5891457, 0.17252673, 0.46701926, 0.29410416, -0.6500144, -0.2752443, 0.96782756, -0.49165854, -0.5747811, -0.41326123, -0.5626944, -0.13510482, -0.44937372, 0.5746095, 0.23095527, -0.7911054, -0.8335696, 0.031566765, 0.6587713, -0.5091801, 0.8738221, -0.6517134, 0.14142236, -0.7034469, 0.19017951, -0.010220005, 0.22027296, -0.054405678, 0.4958939, -0.32812813, 0.9554788, 0.36255103, -0.23068312, -0.06231422, -0.8026985, -0.017031725, -0.28992844, 0.5414631, -0.7980313, -0.7602283, -0.7227147, 0.5871122, 0.706627, -0.8276472, -0.9282105, 0.4252955, -0.5747039, -0.028006736, -0.9649736, 0.47954085, -0.27283558, -0.4303773, -0.9531934, -0.41192007, 0.8961166, 0.17673554, -0.31719285, 0.12667947, 0.9318164, 0.15319955, 0.22976495, 0.77689916, -0.8524325, 0.78553474, -0.8814965, 0.22160393, 0.60271275, 0.2782314, 0.6037564, -0.34059763, 0.13412802, -0.3424454, 0.94183373, 0.0008484089, -0.9907273, 0.5820326, -0.37940145, -0.19992618, 0.57797724, 0.3906616, 0.11769884, 0.15994935, 0.06387975, 0.64385194, 0.26387224, -0.19572951, -0.8975246, 0.8973681, 0.4691999, -0.5162563, -0.0885064, -0.81127775, -0.3614128, -0.76303667, -0.81256425, 0.91318995, -0.12854923, -0.24595065, 0.15068051, 0.88144666, 0.8059002, -0.81330425, -0.69326484, -0.77560824, -0.65058506, -0.53787494, -0.9171845, -0.2291008, 0.802455, -0.31217974, -0.33881134, 0.14938541, 0.029009456, -0.420425, 0.043116327, 0.98848194, 0.96065044, 0.5573545, -0.35040563, 0.6511458, -0.19956642, -0.7338925, 0.21538873, 0.00020168806, 0.50066, 0.06298955, 0.49307877, -0.5764871, -0.9428384, 0.89796853, 0.957889, -0.40232465, -0.6958849, 0.36386284, -0.14318077, 0.41136244, -0.080504514, -0.9897756, 0.8861654, -0.6205364, -0.3680009, -0.2120177, 0.6095212, -0.0049883947, 0.031667065, 0.22611985, -0.8858822, 0.82626134, -0.5492736, -0.3472098, -0.6839716, -0.43223843, 0.20504965, 0.4829523, -0.7351782, 0.50585383, 0.71783495, 0.120144874, -0.22915612, -0.38514784, 0.51547986, -0.8162959, 0.777077, -0.1418667, -0.9196592, 0.6990057, -0.05022504, 0.17042558, 0.2500578, -0.81213784, 0.59865546, 0.3671276, 0.15940177, 0.5315677, 0.84228295, -0.85122174, 0.6554948, 0.34165055, -0.8275394, -0.11066836, 0.9054515, -0.2006269, 0.7972511, -0.5736615, -0.45971835, 0.31010872, 0.27702725, -0.6093165, -0.74884015, 0.5987595, 0.7223984, -0.5335352, -0.033485353, 0.12477016, 0.67416596, -0.9253085, 0.07168222, 0.49727908, 0.6940937, -0.8414127, 0.48550773, -0.37257013, -0.20490766, -0.28263903, 0.820597, -0.87053454, -0.17765644, 0.34400278, -0.07891402, -0.5509535, -0.7345722, -0.9737364, -0.13545606, -0.7818044, -0.46992913, 0.0666578, 0.09881362, 0.34988648, 0.02851066, 0.6880633, -0.25110784, -0.8574415, 0.03148025, 0.3807921, 0.6494026, 0.18675824, -0.8633929, -0.85795563, -0.051977385, 0.85115296, -0.76758957, -0.9723871, 0.4907398, -0.13861945, -0.47907043, -0.9270883, -0.24599752, 0.6383748, 0.08532828, -0.3968795, 0.4377123, -0.21216156, 0.89717364, -0.14337403, 0.7172184, -0.3265945, 0.27323276, 0.02364171, 0.14148791, -0.466241, 0.7102114, 0.13513413, 0.91527236, -0.042737436, -0.054462586, -0.86325115, 0.63436174, -0.2107566, -0.56824774, -0.5020984, 0.40196052, 0.8253007, 0.92860323, 0.655213, 0.18130308, 0.4085295, 0.09426031, -0.5098421, 0.039317045, -0.47000453, 0.8528123, 0.7488251, -0.55842924, -0.97453845, 0.27376822, -0.11760279, -0.9724736, 0.7227378, 0.51024264, 0.63382334, 0.79042685, -0.23900136, 0.01468316, 0.44505975, -0.596161, -0.42961147, 0.37809017, 0.5672756, 0.94246674, 0.017065004, 0.22235972, -0.5669399, -0.70881176, -0.08100882, 0.5459644, -0.117869586, 0.9883795, 0.52349347, 0.7562538, 0.1153246, -0.653644, 0.18793309, 0.60932654, -0.012556507, 0.91428703, -0.9476457, 0.96941155, 0.5413383, -0.99776864, 0.16553348, -0.9132095, -0.7979532, 0.742638, -0.5524636, -0.09224188, -0.84473675, 0.7476029, -0.7114073, -0.97332126, -0.62238556, 0.556432, -0.47383276, -0.42191243, -0.07307088, 0.34450766, -0.36612907, -0.8588824, 0.335856, -0.064461514, 0.18759258, 0.4784436, 0.06495354, -0.47105315, -0.6099368, 0.4071936, 0.1240081, 0.39965603, -0.50082886, -0.50793684, 0.101439714, 0.42732474, 0.13666423, 0.9418076, 0.8727502, -0.042730764, -0.93849874, -0.11557512, 0.37886366, -0.3549657, -0.5986274, -0.82904255, -0.90418226, 0.1774977, -0.8735288, -0.9702775, 0.31401354, -0.26297122, 0.26103148, -0.46087864, -0.27683547, -0.7589782, -0.058855064, 0.27340102, 0.8543224, -0.007022749, -0.41991407, 0.19676428, 0.24732867, 0.9901298, -0.028046446, -0.48940304, 0.69973636, 0.54643095, -0.60974246, 0.04638162, -0.040670294, 0.819123, -0.5203401, 0.6640442, 0.5026409, 0.49049404, -0.6129691, -0.6606446, -0.8168352, 0.49713242, 0.35322532, 0.6294181, 0.022888731, -0.9144078, -0.041791044, 0.7965035, -0.2762147, 0.0201499, 0.23722328, -0.07846946, 0.24792665, -0.08572358, -0.31178695, 0.8984572, 0.8575844, -0.7580177, -0.49851382, -0.23050992, -0.7122047, 0.53572035, 0.09093484, -0.5106143, 0.7608077, -0.67366916, -0.37392324, -0.22985108, -0.29072574, -0.24275243, -0.51938015, 0.21479177, 0.7801751, -0.5171309, -0.6191269, -0.2942973, -0.8087402, 0.41504738, 0.12536038, 0.7180525, 0.11197985, 0.58971465, -0.5505483, -0.66357815, -0.5228367, 0.38650295, -0.4163253, -0.04169482, 0.3739152, -0.6358238, -0.2661399, 0.6063452, -0.06054568, -0.507047, -0.78666365, 0.7043925, 0.9750124, 0.12992887, 0.79360867, 0.22306472, -0.50394344, -0.67136115, 0.8652131, -0.13467325, 0.7188344, 0.545489, -0.5822808, -0.5719347, 0.92856973, 0.1932093, -0.95765275, 0.72560763, 0.14754511, -0.92597055, 0.47108424, -0.63083106, 0.49917307, 0.735182, -0.8817424, 0.34206495, -0.28959027, 0.3170543, 0.34384677, 0.12684822, 0.8188388, -0.07784964, 0.7372154, 0.04984241, -0.18982846]","[7.0, 0.0, -18.0, -7.0, -2.0, -9.0, 6.0, -12.0, -20.0, -11.0, -2.0, 22.0, 5.0, 0.0, -12.0, -1.0, -4.0, 1.0, -10.0, 0.0, -26.0, 5.0, 0.0, 1.0, -7.0, -14.0, -6.0, -24.0, -5.0, -20.0, -14.0, 7.0, 0.0, 14.0, -2.0, -11.0, -8.0, -12.0, 3.0, 1.0, 3.0, 14.0, -8.0, -6.0, -16.0, 11.0, -6.0, -9.0, 1.0, -5.0, -5.0, -3.0, 6.0, 3.0, -17.0, -11.0, -9.0, 13.0, 5.0, 4.0, -11.0, 2.0, -18.0, 5.0, -5.0, -1.0, -3.0, -8.0, 1.0, -2.0, -21.0, 17.0, -10.0, -19.0, -22.0, -6.0, -4.0, -12.0, -2.0, -10.0, 16.0, -10.0, 7.0, -23.0, -10.0, -11.0, 2.0, 8.0, -8.0, -6.0, -1.0, -18.0, -4.0, -4.0, 4.0, -8.0, -15.0, -5.0, -7.0, -5.0, -13.0, 1.0, -6.0, -3.0, 7.0, -19.0, 13.0, -14.0, -10.0, -13.0, -11.0, 5.0, 2.0, 2.0, 4.0, -14.0, -7.0, 4.0, -7.0, -11.0, -14.0, 4.0, 4.0, -13.0, -22.0, -16.0, -13.0, -3.0, -6.0, -1.0, -1.0, 6.0, 1.0, -5.0, -2.0, 0.0, -13.0, -14.0, -9.0, -9.0, 14.0, -10.0, -3.0, -10.0, 2.0, -10.0, -7.0, -7.0, -10.0, 9.0, -10.0, -17.0, -15.0, 0.0, 9.0, -4.0, -18.0, -6.0, 4.0, -3.0, -7.0, -6.0, -8.0, 8.0, -8.0, 0.0, 13.0, -16.0, -9.0, 0.0, -6.0, -4.0, -5.0, -24.0, -30.0, -10.0, -32.0, -5.0, 10.0, -25.0, -21.0, -5.0, -16.0, -9.0, -10.0, -15.0, 6.0, -4.0, -21.0, 12.0, -9.0, -1.0, 4.0, -4.0, -10.0, -1.0, -1.0, -11.0, -10.0, -6.0, -17.0, -3.0, -5.0, 6.0, -7.0, 2.0, -6.0, -3.0, -7.0, 9.0, -15.0, 0.0, -5.0, 2.0, -11.0, -11.0, -3.0, -9.0, -7.0, -1.0, -9.0, 5.0, -1.0, 0.0, -7.0, -5.0, -28.0, 4.0, -13.0, -3.0, 20.0, -7.0, -20.0, 1.0, -11.0, 1.0, -3.0, -7.0, -16.0, -11.0, 6.0, 8.0, -2.0, 11.0, 9.0, 2.0, 2.0, -18.0, -17.0, -10.0, -10.0, -6.0, 11.0, -8.0, -7.0, 2.0, 6.0, -9.0, -7.0, -3.0, -6.0, -14.0, -21.0, -1.0, -5.0, -14.0, -10.0, -27.0, -13.0, 1.0, 5.0, 0.0, -6.0, 9.0, -5.0, -4.0, -16.0, 1.0, -8.0, 6.0, -2.0, -6.0, -10.0, -1.0, 8.0, -6.0, 7.0, -5.0, 7.0, -1.0, 4.0, 10.0, 3.0, -15.0, 3.0, 4.0, 7.0, -6.0, 4.0, 2.0, -10.0, 0.0, -14.0, 9.0, 1.0, -6.0, -14.0, -6.0, -4.0, -11.0, 11.0, -8.0, 0.0, 5.0, -9.0, 0.0, -9.0, -1.0, 10.0, -10.0, -19.0, -21.0, -7.0, 7.0, 1.0, -10.0, -7.0, -3.0, 1.0, 0.0, 2.0, 8.0, -19.0, -9.0, -7.0, -15.0, -12.0, -5.0, -4.0, -33.0, 5.0, 5.0, -5.0, -16.0, -16.0, -4.0, -10.0, 4.0, -19.0, 5.0, -15.0, -4.0, 1.0, -6.0, -19.0, -23.0, 5.0, 8.0, -20.0, -13.0, 4.0, 6.0, -11.0, -5.0, -3.0, -7.0, -12.0, -3.0, 2.0, -17.0, -17.0, -10.0, -2.0, -17.0, -5.0, -16.0, 24.0, 14.0, -6.0, -18.0, -3.0, -2.0, 0.0, -1.0, 0.0, -16.0, -10.0, 1.0, -10.0, -25.0, -6.0, 2.0, -6.0, -13.0, 2.0, 29.0, 2.0, -4.0, -6.0, -5.0, -6.0, 7.0, -7.0, -6.0, 0.0, -4.0, -23.0, -33.0, 9.0, -10.0, -6.0, 2.0, -4.0, 5.0, -2.0, -6.0, -13.0, -11.0, -20.0, -1.0, 7.0, -14.0, -3.0, 20.0, 4.0, -19.0, 3.0, -20.0, -7.0, -10.0, -9.0, 8.0, 10.0, 4.0, -6.0, -6.0, 9.0, -7.0, 10.0, 7.0, -6.0, -5.0, -8.0, 4.0, -2.0, -35.0, 11.0, -15.0, -5.0, -4.0, -5.0, -2.0, -2.0, -21.0, -9.0, -5.0, -2.0, -11.0, -5.0, 2.0, 4.0, -16.0, -7.0, -16.0, -4.0, -12.0, 18.0, 2.0, -13.0, -10.0, -14.0, -1.0, -23.0, -15.0, -4.0, -5.0, -18.0, -4.0, 6.0, -12.0, -9.0, -4.0, -6.0, -20.0, 13.0, 3.0, -13.0, -6.0, 0.0, 3.0, 14.0, -6.0, -10.0, 2.0, -4.0, -7.0, -18.0, 9.0, -6.0, -27.0]",-54.9285266055146,0.0,0.0,0,0.0031464099884033203
63,"[-0.74947065, 0.30306256, 0.3431073, -0.3507419, 0.89732534, 0.557925, -0.00653269, 0.83713835, 0.71168655, 0.38443646, -0.6940694, -0.005852149, 0.7288457, 0.2177831, 0.09102289, 0.9104484, -0.96690387, -0.9759072, 0.785641, -0.9229256, -0.33491257, 0.84805095, 0.38230518, 0.29631782, 0.31399664, -0.36471406, 0.061067183, 0.25994614, -0.38856936, 0.5907278, -0.35650328, -0.8571117, -0.59709084, -0.18317917, 0.8161118, -0.16847661, -0.8203924, -0.6070865, 0.08893497, -0.644688, -0.87209076, 0.42965692, 0.5686948, 0.70126647, 0.6878683, -0.24148084, 0.46893996, 0.16707772, -0.9532714, -0.19680378, -0.8942421, -0.8332879, -0.8879951, 0.92189306, 0.688402, -0.12179104, -0.5040051, -0.85509837, -0.1376075, 0.20070577, 0.59420663, -0.896878, -0.16425997, 0.9537149, -0.7585589, -0.19940121, -0.44988936, -0.7319213, 0.6778914, 0.39423043, -0.17688704, -0.26186544, 0.6554975, -0.81843233, -0.70633346, 0.81310004, 0.6344133, 0.5497555, 0.24795185, -0.4150999, 0.86957324, -0.016262356, -0.43876094, -0.26885077, -0.96631795, -0.48968187, -0.6240878, -0.7288867, -0.93572, -0.5462491, -0.79296255, -0.9097192, -0.7253555, -0.59519327, -0.16807535, 0.16739137, -0.35546827, -0.7174812, 0.88064766, 0.029707424, 0.48376065, 0.38887027, -0.43020648, 0.11972385, 0.20432824, -0.29641795, 0.34153312, 0.5813531, -0.2715789, -0.97016925, -0.30132812, -0.7663688, -0.68878424, -0.26810104, -0.5847578, 0.8697779, 0.30560586, 0.03672832, -0.9805513, -0.7927645, 0.5769557, -0.22051248, -0.9090136, 0.65111816, -0.39470798, -0.22740875, 0.94873816, -0.96897453, 0.4426488, 0.8977684, -0.87228084, 0.7321541, -0.16751662, 0.755993, -0.3834508, 0.9653254, 0.29409882, 0.25418073, 0.61180675, -0.12682787, -0.48266074, -0.4741396, -0.3387925, 0.23470527, 0.67677945, -0.00084424316, -0.19310354, 0.5876955, -0.4206642, 0.37807053, -0.78838956, -0.77352345, 0.28811094, -0.83449894, -0.68989766, 0.24873811, -0.12359261, 0.1225929, 0.95388585, 0.26392207, 0.18170162, -0.23972383, 0.2617552, -0.97400093, 0.1146405, -0.86220527, -0.5596555, 0.12624201, 0.3359011, -0.23040693, -0.16204017, -0.003955188, 0.5181492, -0.96474445, -0.105864, -0.97145283, -0.36171627, 0.03969724, -0.84016144, -0.029572943, 0.8491478, 0.37068468, 0.56450534, 0.16082844, 0.79271793, -0.7062614, -0.10042793, 0.19406646, 0.7469507, -0.3839795, -0.997744, 0.9488282, -0.9480454, -0.69526654, -0.15590735, -0.007260374, 0.6689319, -0.1043641, 0.094858274, -0.60000026, 0.13831739, -0.30323252, -0.8025354, 0.8929258, -0.8366314, 0.35575786, 0.8163863, -0.6415907, -0.52576464, -0.14658646, -0.41098008, 0.5180663, -0.32369325, 0.9716711, 0.7175745, 0.7906883, -0.8726714, -0.6473831, -0.66126317, 0.3439293, -0.9761773, 0.6128524, 0.094092034, 0.13262606, 0.07467285, 0.07069178, -0.60422784, -0.43364057, -0.024765084, 0.355689, -0.45609248, 0.6122699, 0.6211863, -0.45224118, 0.12012936, -0.3021543, -0.6186285, 0.6119999, 0.9829624, 0.13143836, 0.82789344, 0.2843376, 0.1314474, -0.03971024, -0.52857006, -0.83148944, -0.11532816, 0.12261983, 0.018899309, 0.39114127, -0.6158024, -0.29159403, -0.16886546, -0.62695336, 0.81292844, 0.36302292, -0.8162753, 0.4255961, 0.09557521, 0.047880933, 0.9795715, 0.23640165, 0.7934564, 0.8270979, -0.7971627, -0.9832755, -0.12946618, 0.53857, 0.6483919, 0.57498807, -0.105424084, 0.49992824, 0.43755305, -0.3723615, -0.66255885, 0.24283743, 0.3541728, 0.13594139, -0.5736409, -0.44665337, 0.41697255, 0.92524475, 0.8896712, 0.039316293, 0.773119, -0.9410976, 0.7223042, -0.047698352, 0.5630547, -0.9888342, 0.7371216, 0.18995924, -0.5195392, -0.3050339, -0.5986678, -0.15118848, -0.33998793, 0.06900635, 0.6295689, 0.96455055, -0.4970847, -0.7869835, -0.2086655, -0.71289146, 0.6684804, 0.0022497592, 0.23992476, -0.6987749, 0.49921763, 0.94716364, -0.035229497, 0.9249146, -0.9305678, -0.9285546, 0.9200258, 0.4005312, -0.6226205, -0.2722504, 0.015506136, 0.40527546, 0.6840531, -0.8346872, 0.31314826, -0.046577174, 0.19524455, 0.017063214, -0.098613895, -0.5889744, -0.055328175, -0.62068975, -0.91077703, -0.25235102, -0.9500885, 0.12508993, -0.8552151, -0.12489272, 0.96028566, -0.98023695, -0.26629087, 0.3465257, -0.6821662, 0.121467285, -0.48361927, -0.5544626, 0.7899671, -0.59343904, -0.24689658, -0.660805, -0.4322245, -0.41378665, -0.34645396, 0.28213388, 0.48518547, 0.021339439, 0.22095196, 0.6265375, 0.9991213, -0.086988024, 0.872869, -0.019259814, 0.56399953, 0.1464461, 0.76807845, -0.10259359, 0.39163, -0.06736956, 0.7140548, 0.98873734, -0.51337004, -0.051322073, -0.8374866, -0.7180091, 0.8583004, 0.08722755, -0.20976797, 0.34296507, 0.12032258, -0.42256457, -0.546771, 0.1804795, -0.623469, -0.7216558, -0.36322486, 0.7226821, -0.92636114, 0.6665325, 0.24194767, -0.9192545, 0.20407784, -0.14796118, 0.6822552, 0.8143974, -0.42701367, 0.56834, -0.38039434, -0.40872908, -0.6147233, 0.35697806, -0.47662905, -0.070283316, 0.6242562, 0.5838257, 0.7108852, -0.677871, 0.17378552, 0.82967967, -0.9158998, 0.5890536, -0.50752556, 0.3393072, 0.4348101, 0.8511703, 0.017598845, 0.6964622, -0.909364, -0.15891445, -0.12096214, 0.07655695, -0.03731905, 0.93592304, -0.84292084, -0.46996668, 0.9372576, -0.10939491, 0.14231491, -0.8379489, -0.43189824, -0.9206966, -0.7249903, 0.26662964, 0.5272449, 0.74016976, -0.49707124, -0.33427233, 0.13879676, -0.83262825, 0.6134365, -0.033415884, 0.93101513, -0.765368, -0.73341924, -0.30284542, -0.5864756, 0.3931803, 0.8936209, -0.82019097, -0.5155273, -0.5242037, 0.018146127, -0.09594911, 0.4537324, 0.46526244, 0.14550893, 0.18204452, 0.6846328, -0.20612712, -0.9753141, -0.57393944, -0.92927575, -0.21300755, -0.28432876, -0.80274016, 0.5100512, 0.106121466, -0.54859656, 0.51825213, 0.3358624, -0.6168097, 0.9657767, -0.64514786, 0.5434005, 0.93657297, 0.45100436, 0.33155414, 0.8066429, -0.4617356, -0.4456885, 0.28232077, 0.76427555, 0.2347483, 0.9540975, -0.5541954, 0.6517592, 0.8545273, -0.1459952, 0.92396504, -0.59570473, 0.90566784, 0.80561614, -0.86770827, 0.042663217, 0.057678103, -0.88605314, -0.92093766, -0.9898064, 0.049017686, -0.07236879, 0.8809204, -0.31538737, 0.3164548]","[7.0, 0.0, -18.0, -7.0, -2.0, -9.0, 6.0, -12.0, -20.0, -11.0, -2.0, 22.0, 5.0, 0.0, -12.0, -1.0, -4.0, 1.0, -10.0, 0.0, -26.0, 5.0, 0.0, 1.0, -7.0, -14.0, -6.0, -24.0, -5.0, -20.0, -14.0, 7.0, 0.0, 14.0, -2.0, -11.0, -8.0, -12.0, 3.0, 1.0, 3.0, 14.0, -8.0, -6.0, -16.0, 11.0, -6.0, -9.0, 1.0, -5.0, -5.0, -3.0, 6.0, 3.0, -17.0, -11.0, -9.0, 13.0, 5.0, 4.0, -11.0, 2.0, -18.0, 5.0, -5.0, -1.0, -3.0, -8.0, 1.0, -2.0, -21.0, 17.0, -10.0, -19.0, -22.0, -6.0, -4.0, -12.0, -2.0, -10.0, 16.0, -10.0, 7.0, -23.0, -10.0, -11.0, 2.0, 8.0, -8.0, -6.0, -1.0, -18.0, -4.0, -4.0, 4.0, -8.0, -15.0, -5.0, -7.0, -5.0, -13.0, 1.0, -6.0, -3.0, 7.0, -19.0, 13.0, -14.0, -10.0, -13.0, -11.0, 5.0, 2.0, 2.0, 4.0, -14.0, -7.0, 4.0, -7.0, -11.0, -14.0, 4.0, 4.0, -13.0, -22.0, -16.0, -13.0, -3.0, -6.0, -1.0, -1.0, 6.0, 1.0, -5.0, -2.0, 0.0, -13.0, -14.0, -9.0, -9.0, 14.0, -10.0, -3.0, -10.0, 2.0, -10.0, -7.0, -7.0, -10.0, 9.0, -10.0, -17.0, -15.0, 0.0, 9.0, -4.0, -18.0, -6.0, 4.0, -3.0, -7.0, -6.0, -8.0, 8.0, -8.0, 0.0, 13.0, -16.0, -9.0, 0.0, -6.0, -4.0, -5.0, -24.0, -30.0, -10.0, -32.0, -5.0, 10.0, -25.0, -21.0, -5.0, -16.0, -9.0, -10.0, -15.0, 6.0, -4.0, -21.0, 12.0, -9.0, -1.0, 4.0, -4.0, -10.0, -1.0, -1.0, -11.0, -10.0, -6.0, -17.0, -3.0, -5.0, 6.0, -7.0, 2.0, -6.0, -3.0, -7.0, 9.0, -15.0, 0.0, -5.0, 2.0, -11.0, -11.0, -3.0, -9.0, -7.0, -1.0, -9.0, 5.0, -1.0, 0.0, -7.0, -5.0, -28.0, 4.0, -13.0, -3.0, 20.0, -7.0, -20.0, 1.0, -11.0, 1.0, -3.0, -7.0, -16.0, -11.0, 6.0, 8.0, -2.0, 11.0, 9.0, 2.0, 2.0, -18.0, -17.0, -10.0, -10.0, -6.0, 11.0, -8.0, -7.0, 2.0, 6.0, -9.0, -7.0, -3.0, -6.0, -14.0, -21.0, -1.0, -5.0, -14.0, -10.0, -27.0, -13.0, 1.0, 5.0, 0.0, -6.0, 9.0, -5.0, -4.0, -16.0, 1.0, -8.0, 6.0, -2.0, -6.0, -10.0, -1.0, 8.0, -6.0, 7.0, -5.0, 7.0, -1.0, 4.0, 10.0, 3.0, -15.0, 3.0, 4.0, 7.0, -6.0, 4.0, 2.0, -10.0, 0.0, -14.0, 9.0, 1.0, -6.0, -14.0, -6.0, -4.0, -11.0, 11.0, -8.0, 0.0, 5.0, -9.0, 0.0, -9.0, -1.0, 10.0, -10.0, -19.0, -21.0, -7.0, 7.0, 1.0, -10.0, -7.0, -3.0, 1.0, 0.0, 2.0, 8.0, -19.0, -9.0, -7.0, -15.0, -12.0, -5.0, -4.0, -33.0, 5.0, 5.0, -5.0, -16.0, -16.0, -4.0, -10.0, 4.0, -19.0, 5.0, -15.0, -4.0, 1.0, -6.0, -19.0, -23.0, 5.0, 8.0, -20.0, -13.0, 4.0, 6.0, -11.0, -5.0, -3.0, -7.0, -12.0, -3.0, 2.0, -17.0, -17.0, -10.0, -2.0, -17.0, -5.0, -16.0, 24.0, 14.0, -6.0, -18.0, -3.0, -2.0, 0.0, -1.0, 0.0, -16.0, -10.0, 1.0, -10.0, -25.0, -6.0, 2.0, -6.0, -13.0, 2.0, 29.0, 2.0, -4.0, -6.0, -5.0, -6.0, 7.0, -7.0, -6.0, 0.0, -4.0, -23.0, -33.0, 9.0, -10.0, -6.0, 2.0, -4.0, 5.0, -2.0, -6.0, -13.0, -11.0, -20.0, -1.0, 7.0, -14.0, -3.0, 20.0, 4.0, -19.0, 3.0, -20.0, -7.0, -10.0, -9.0, 8.0, 10.0, 4.0, -6.0, -6.0, 9.0, -7.0, 10.0, 7.0, -6.0, -5.0, -8.0, 4.0, -2.0, -35.0, 11.0, -15.0, -5.0, -4.0, -5.0, -2.0, -2.0, -21.0, -9.0, -5.0, -2.0, -11.0, -5.0, 2.0, 4.0, -16.0, -7.0, -16.0, -4.0, -12.0, 18.0, 2.0, -13.0, -10.0, -14.0, -1.0, -23.0, -15.0, -4.0, -5.0, -18.0, -4.0, 6.0, -12.0, -9.0, -4.0, -6.0, -20.0, 13.0, 3.0, -13.0, -6.0, 0.0, 3.0, 14.0, -6.0, -10.0, 2.0, -4.0, -7.0, -18.0, 9.0, -6.0, -27.0]",-54.9285266055146,0.0,0.0,0,0.0033457279205322266
64,"[-0.21043977, -0.7145497, 0.55596143, -0.34807757, 0.20976739, -0.4464541, -0.44748008, 0.08796454, -0.9616369, -0.23853372, -0.8025378, 0.11443737, 0.24813326, -0.18634808, -0.63524705, -0.94559085, -0.011381, -0.179535, -0.7318262, 0.17808482, 0.5578835, -0.56293553, 0.37331355, -0.36449763, 0.018235544, -0.20484133, 0.4327881, 0.37513128, -0.07452439, 0.67247474, 0.271602, -0.046541963, 0.79175824, 0.5816849, 0.3093041, -0.6892668, -0.4026697, -0.5750441, 0.1584543, -0.9714405, -0.13203022, 0.35645494, -0.1250454, -0.15687767, 0.6596586, -0.47307602, -0.5004235, -0.24464902, -0.95865095, 0.34611928, -0.9703628, 0.8454693, 0.84036124, 0.32471192, -0.7969929, 0.66385823, -0.38176572, 0.6680033, 0.40811372, 0.61611253, -0.22780934, -0.07108935, -0.50192744, 0.24458872, -0.6632871, 0.4752765, -0.31875226, 0.64675176, -0.071224816, -0.21143575, 0.35838, 0.53742695, -0.5047202, -0.24280153, -0.37731138, 0.31183764, -0.6129503, -0.7541411, -0.70364994, -0.679674, -0.85348946, 0.13469346, -0.59062576, 0.08097394, 0.7556348, 0.07835537, -0.095397145, -0.5054421, 0.73370105, 0.84166825, 0.48488912, -0.8696272, -0.96726215, -0.11167527, 0.840441, -0.6472763, -0.46132362, -0.47132936, -0.83533764, 0.91467106, 0.8068425, -0.56627446, 0.75169545, 0.3234261, -0.7839635, -0.6893651, -0.64528936, 0.59525114, 0.5324665, -0.9887766, -0.015832188, 0.74910283, -0.6719313, -0.79624194, -0.59025246, -0.26205188, -0.39059868, 0.7319627, 0.028328089, -0.4417884, 0.26882052, 0.69028455, 0.665713, -0.12703799, 0.28422454, 0.548115, -0.42494375, -0.3483791, -0.8006883, 0.16783105, -0.78972644, -0.47094834, -0.5917518, 0.29604974, 0.60813046, -0.06962104, -0.14665139, -0.22279273, -0.97499037, 0.24493045, 0.74517334, -0.13933146, 0.38487014, 0.4578725, 0.84471667, 0.8346493, 0.87454796, -0.2910112, 0.30212173, -0.548023, 0.4196072, -0.49403027, 0.7350809, -0.87415725, 0.65907055, 0.059902478, 0.7397021, 0.9175196, -0.82814085, -0.5989582, 0.50677556, -0.315467, -0.4909629, 0.94986755, -0.15103124, 0.28555468, -0.8602391, -0.75064427, 0.29289317, -0.6609348, -0.99218273, -0.29706007, -0.7260298, -0.77241564, 0.8666655, -0.6607571, -0.059588157, -0.359875, -0.8712152, 0.54517955, 0.78354275, -0.42837965, -0.8341672, -0.5850215, 0.7528162, 0.10376499, 0.62266773, -0.031155592, -0.68955624, 0.8482754, 0.6225423, 0.696528, -0.20250064, 0.251182, 0.747818, 0.4062951, 0.100172594, 0.6653943, -0.9418132, -0.7290175, -0.36980212, -0.31416824, 0.5284655, 0.16745141, 0.46809056, -0.9355102, 0.7068511, 0.22444901, 0.6137528, -0.034010608, 0.18892111, 0.102692924, -0.524447, 0.08614068, 0.574213, 0.21289088, -0.28593555, -0.36970657, -0.18368682, 0.9537879, 0.7493409, 0.200793, -0.84321535, -0.48060322, 0.25007552, 0.5843531, -0.21346723, -0.0057293647, 0.6945688, -0.7757561, -0.72538835, -0.8155898, -0.14087051, 0.5490101, 0.8219923, 0.8566819, -0.24422137, 0.94945014, -0.8669979, 0.7434184, 0.65567684, 0.88094103, 0.6928065, -0.84781617, 0.08632383, 0.20114644, -0.49160445, -0.44332826, 0.69079334, -0.61342335, -0.4407778, -0.834004, -0.21601781, -0.58396155, 0.17290975, 0.5961631, -0.5024322, -0.9882891, 0.44809026, 0.0040362766, 0.65270114, -0.5263777, -0.63920146, 0.64960414, 0.40661672, 0.64618933, -0.7295975, -0.9545394, 0.35581347, 0.19323023, -0.3476103, 0.4122313, 0.98393697, 0.732552, -0.06762092, 0.8422071, -0.31378812, -0.7709631, -0.38006258, 0.8035351, 0.20510699, 0.5304773, 0.6901684, -0.8185695, -0.8512683, 0.42479643, 0.85151565, -0.18109612, 0.7842417, 0.11708682, -0.73730254, 0.6222213, -0.18307136, -0.036564562, 0.46242025, -0.99813056, -0.5786768, -0.31101727, -0.34692284, -0.08756361, 0.05989762, -0.95080245, -0.13023208, 0.6315942, 0.4916712, 0.6577641, -0.7842746, 0.7528843, -0.9575138, 0.7938158, 0.27887174, 0.7678169, 0.02191588, 0.87041956, -0.0792103, 0.87171704, 0.86571735, -0.75612473, -0.9299891, 0.4068851, 0.7427612, -0.0660657, -0.23395248, 0.04060002, 0.5260848, 0.8388541, -0.9629697, 0.7677631, 0.7354737, -0.120171905, -0.36156812, -0.48878986, -0.73922867, -0.8138476, 0.7284107, -0.64733595, 0.93731433, -0.25339475, 0.1897551, -0.058636308, 0.51007855, 0.89797246, -0.2088378, -0.6641117, 0.010966135, 0.09301369, 0.15974995, 0.28654745, -0.878848, -0.0425977, 0.8023668, -0.56270546, 0.40129215, 0.22054665, 0.60432076, 0.38329858, -0.27890584, 0.13199599, -0.47331926, 0.7225084, 0.26201367, -0.37007046, 0.302288, -0.4555036, 0.3075387, 0.83407193, -0.99684983, -0.215866, -0.2906835, -0.16977817, -0.12319879, 0.096326664, -0.06496131, 0.912743, 0.9881949, -0.58867157, -0.015416938, 0.29477683, 0.22525717, 0.5420257, -0.72481155, -0.28052133, -0.01898106, 0.5578464, 0.730441, 0.78534836, -0.37843654, -0.15990625, -0.49252582, 0.45252854, 0.6323739, 0.5734883, -0.8540709, -0.45060796, 0.8761375, -0.23541522, 0.21316577, 0.21518627, 0.45328242, 0.14984907, -0.7605574, 0.73921907, 0.8533555, 0.36280754, -0.0033407474, -0.90707934, -0.5795079, -0.3773598, -0.5414524, -0.041259687, -0.7346813, -0.2825911, 0.8343639, -0.35219538, 0.8941005, 0.5318476, 0.086832725, 0.99598736, -0.70526785, 0.3457816, -0.97938234, -0.03122091, 0.47353783, -0.90497947, 0.083134525, 0.38477606, 0.23482482, -0.11921915, 0.04981001, -0.81219316, -0.08469594, -0.2976227, 0.0007610486, 0.3052947, 0.033981074, -0.9957139, -0.4687422, 0.25571632, 0.45568964, 0.9601873, 0.83225673, -0.7221775, 0.94133097, 0.24556205, -0.689239, 0.30857456, -0.94245446, 0.4818059, -0.013137304, -0.6203016, -0.6362215, -0.8784788, 0.5140872, -0.35467246, 0.29063275, -0.7116914, -0.51309454, -0.8354805, 0.54922795, 0.04054143, -0.29865757, 0.24829198, -0.147366, 0.34679106, 0.8567561, -0.9609713, 0.347847, 0.70079535, 0.07593625, -0.20202318, 0.14530006, 0.25314385, -0.07758854, 0.9490406, -0.03316283, -0.9361621, -0.92522585, 0.42972705, 0.60619116, 0.07032146, 0.35812062, 0.054789145, 0.44912705, -0.118838, -0.8991616, 0.13472238, -0.62329215, 0.5409431, -0.82244444, 0.442745, -0.37715864, -0.35844386, -0.17838529, -0.5443821, -0.7559001, 0.7147622, -0.46914154, -0.58823293, 0.89357156, 0.022111692]","[7.0, 0.0, -18.0, -7.0, -2.0, -9.0, 6.0, -12.0, -20.0, -11.0, -2.0, 22.0, 5.0, 0.0, -12.0, -1.0, -4.0, 1.0, -10.0, 0.0, -26.0, 5.0, 0.0, 1.0, -7.0, -14.0, -6.0, -24.0, -5.0, -20.0, -14.0, 7.0, 0.0, 14.0, -2.0, -11.0, -8.0, -12.0, 3.0, 1.0, 3.0, 14.0, -8.0, -6.0, -16.0, 11.0, -6.0, -9.0, 1.0, -5.0, -5.0, -3.0, 6.0, 3.0, -17.0, -11.0, -9.0, 13.0, 5.0, 4.0, -11.0, 2.0, -18.0, 5.0, -5.0, -1.0, -3.0, -8.0, 1.0, -2.0, -21.0, 17.0, -10.0, -19.0, -22.0, -6.0, -4.0, -12.0, -2.0, -10.0, 16.0, -10.0, 7.0, -23.0, -10.0, -11.0, 2.0, 8.0, -8.0, -6.0, -1.0, -18.0, -4.0, -4.0, 4.0, -8.0, -15.0, -5.0, -7.0, -5.0, -13.0, 1.0, -6.0, -3.0, 7.0, -19.0, 13.0, -14.0, -10.0, -13.0, -11.0, 5.0, 2.0, 2.0, 4.0, -14.0, -7.0, 4.0, -7.0, -11.0, -14.0, 4.0, 4.0, -13.0, -22.0, -16.0, -13.0, -3.0, -6.0, -1.0, -1.0, 6.0, 1.0, -5.0, -2.0, 0.0, -13.0, -14.0, -9.0, -9.0, 14.0, -10.0, -3.0, -10.0, 2.0, -10.0, -7.0, -7.0, -10.0, 9.0, -10.0, -17.0, -15.0, 0.0, 9.0, -4.0, -18.0, -6.0, 4.0, -3.0, -7.0, -6.0, -8.0, 8.0, -8.0, 0.0, 13.0, -16.0, -9.0, 0.0, -6.0, -4.0, -5.0, -24.0, -30.0, -10.0, -32.0, -5.0, 10.0, -25.0, -21.0, -5.0, -16.0, -9.0, -10.0, -15.0, 6.0, -4.0, -21.0, 12.0, -9.0, -1.0, 4.0, -4.0, -10.0, -1.0, -1.0, -11.0, -10.0, -6.0, -17.0, -3.0, -5.0, 6.0, -7.0, 2.0, -6.0, -3.0, -7.0, 9.0, -15.0, 0.0, -5.0, 2.0, -11.0, -11.0, -3.0, -9.0, -7.0, -1.0, -9.0, 5.0, -1.0, 0.0, -7.0, -5.0, -28.0, 4.0, -13.0, -3.0, 20.0, -7.0, -20.0, 1.0, -11.0, 1.0, -3.0, -7.0, -16.0, -11.0, 6.0, 8.0, -2.0, 11.0, 9.0, 2.0, 2.0, -18.0, -17.0, -10.0, -10.0, -6.0, 11.0, -8.0, -7.0, 2.0, 6.0, -9.0, -7.0, -3.0, -6.0, -14.0, -21.0, -1.0, -5.0, -14.0, -10.0, -27.0, -13.0, 1.0, 5.0, 0.0, -6.0, 9.0, -5.0, -4.0, -16.0, 1.0, -8.0, 6.0, -2.0, -6.0, -10.0, -1.0, 8.0, -6.0, 7.0, -5.0, 7.0, -1.0, 4.0, 10.0, 3.0, -15.0, 3.0, 4.0, 7.0, -6.0, 4.0, 2.0, -10.0, 0.0, -14.0, 9.0, 1.0, -6.0, -14.0, -6.0, -4.0, -11.0, 11.0, -8.0, 0.0, 5.0, -9.0, 0.0, -9.0, -1.0, 10.0, -10.0, -19.0, -21.0, -7.0, 7.0, 1.0, -10.0, -7.0, -3.0, 1.0, 0.0, 2.0, 8.0, -19.0, -9.0, -7.0, -15.0, -12.0, -5.0, -4.0, -33.0, 5.0, 5.0, -5.0, -16.0, -16.0, -4.0, -10.0, 4.0, -19.0, 5.0, -15.0, -4.0, 1.0, -6.0, -19.0, -23.0, 5.0, 8.0, -20.0, -13.0, 4.0, 6.0, -11.0, -5.0, -3.0, -7.0, -12.0, -3.0, 2.0, -17.0, -17.0, -10.0, -2.0, -17.0, -5.0, -16.0, 24.0, 14.0, -6.0, -18.0, -3.0, -2.0, 0.0, -1.0, 0.0, -16.0, -10.0, 1.0, -10.0, -25.0, -6.0, 2.0, -6.0, -13.0, 2.0, 29.0, 2.0, -4.0, -6.0, -5.0, -6.0, 7.0, -7.0, -6.0, 0.0, -4.0, -23.0, -33.0, 9.0, -10.0, -6.0, 2.0, -4.0, 5.0, -2.0, -6.0, -13.0, -11.0, -20.0, -1.0, 7.0, -14.0, -3.0, 20.0, 4.0, -19.0, 3.0, -20.0, -7.0, -10.0, -9.0, 8.0, 10.0, 4.0, -6.0, -6.0, 9.0, -7.0, 10.0, 7.0, -6.0, -5.0, -8.0, 4.0, -2.0, -35.0, 11.0, -15.0, -5.0, -4.0, -5.0, -2.0, -2.0, -21.0, -9.0, -5.0, -2.0, -11.0, -5.0, 2.0, 4.0, -16.0, -7.0, -16.0, -4.0, -12.0, 18.0, 2.0, -13.0, -10.0, -14.0, -1.0, -23.0, -15.0, -4.0, -5.0, -18.0, -4.0, 6.0, -12.0, -9.0, -4.0, -6.0, -20.0, 13.0, 3.0, -13.0, -6.0, 0.0, 3.0, 14.0, -6.0, -10.0, 2.0, -4.0, -7.0, -18.0, 9.0, -6.0, -27.0]",-54.9285266055146,0.0,0.0,0,0.003136157989501953
65,"[0.6117195, 0.32996666, -0.8154439, 0.4552581, 0.16644521, -0.52491915, -0.66480803, 0.26065907, -0.6468856, -0.47002915, -0.49750665, 0.36592263, -0.41286564, -0.88274336, -0.43991134, -0.03912173, 0.9212088, 0.9380908, -0.2658986, -0.9899931, 0.57000977, -0.5010307, -0.8484957, -0.9604832, -0.7414483, 0.63062394, -0.9284384, -0.24598311, -0.44739428, 0.06547034, 0.5683287, -0.7218492, -0.6642659, -0.011508189, -0.5622716, -0.72056806, -0.850614, -0.4222857, -0.12783985, -0.51685643, 0.81961757, 0.48995477, 0.33859077, -0.38373664, -0.9669688, -0.018495897, 0.7015897, -0.8990514, 0.52571315, 0.82889414, 0.5123934, 0.34674358, -0.14397068, -0.63571835, -0.8328773, -0.12841493, -0.72450244, 0.649266, 0.43628168, -0.91647923, 0.86898357, -0.67072487, 0.91939914, -0.016975574, 0.56645685, -0.4685938, -0.4169964, -0.3026535, -0.29594633, -0.85496724, -0.5077658, -0.21969682, 0.18674542, 0.14677992, -0.003779057, -0.53028166, 0.59345466, -0.8885713, 0.38152656, -0.6179227, 0.7276613, -0.061964314, 0.60242915, 0.9183738, -0.9702079, 0.9066182, 0.08754071, -0.94782513, -0.73037803, 0.2481485, -0.21970968, -0.36528265, 0.36990473, -0.46962947, 0.4930471, -0.4236662, -0.71056575, 0.7123221, -0.59621376, -0.2326603, -0.7193987, -0.183121, 0.0699718, -0.36651632, 0.6226659, -0.6809434, -0.6531488, 0.8423859, 0.49228472, -0.7006768, 0.98680985, -0.58093506, 0.2498627, -0.26948252, -0.07561621, 0.8206529, -0.8624923, -0.07979282, 0.67511, -0.64761645, -0.6200472, -0.16905026, -0.6812525, 0.14425033, -0.9495958, -0.013000218, -0.7443771, -0.9378999, 0.34541035, -0.25449738, -0.42113906, 0.58541065, -0.22547324, 0.9763965, 0.5179721, 0.8879999, 0.44098875, 0.58986086, 0.8565378, 0.20146611, -0.51731855, -0.2279465, -0.68496627, -0.16568656, 0.53100127, 0.28830466, -0.107830115, -0.36162785, -0.5944063, 0.03286987, 0.08956262, 0.74796283, 0.1571086, 0.9380756, -0.42088336, 0.5378983, 0.20884098, -0.6155614, 0.09620647, -0.4140131, 0.05604235, 0.99960434, 0.51775604, -0.50861114, 0.09997297, -0.64020264, -0.3786678, -0.6244222, -0.064858004, 0.5323924, -0.35912588, 0.98389393, 0.93329203, -0.48224315, -0.71539354, 0.51278305, -0.78495353, 0.28629094, 0.54156387, -0.645773, -0.53972447, -0.8378317, -0.68839693, 0.7047656, 0.21921211, -0.29916415, -0.45816916, -0.7289381, 0.28623888, -0.8926011, 0.9451307, 0.5138188, -0.42565057, -0.7248868, 0.39504993, -0.5164789, 0.6620747, -0.32811743, -0.5568925, -0.3308577, 0.75249225, -0.7396115, 0.95232, -0.9613182, 0.604229, -0.29425755, -0.37348804, -0.7872863, 0.4769434, -0.6922221, 0.3398236, -0.7175425, -0.0001456877, -0.7390276, 0.44361445, -0.6585779, 0.87397736, 0.19976275, -0.06045884, 0.26332462, -0.07337624, 0.9662317, 0.28406212, 0.6866582, 0.50783664, 0.0009814269, -0.9045774, 0.20139788, -0.4883529, 0.71398354, -0.77688795, 0.87228066, 0.06726809, -0.8876282, 0.09962412, -0.7876373, 0.52650106, -0.88706225, -0.926231, -0.870332, 0.103773125, -0.6650448, 0.71828073, -0.45037508, 0.41172794, 0.010031021, -0.28041056, 0.28499207, -0.8252466, -0.42326418, 0.6925446, -0.7066782, 0.651253, -0.9681605, -0.7106588, 0.97706616, -0.9067302, 0.9782835, 0.11431925, 0.77435213, 0.85111547, -0.7218443, -0.7855728, -0.6379261, -0.98039705, -0.32258308, 0.2923566, -0.14288718, -0.35325843, 0.47626522, 0.6711765, -0.07363047, -0.8496942, -0.81687504, -0.2993532, -0.66750836, 0.6815047, 0.3003142, -0.27673924, 0.3306869, 0.106468104, -0.05496611, 0.6101918, 0.88146234, 0.39130318, -0.5808108, -0.52546465, -0.029460192, 0.5520262, 0.5678977, -0.45774537, 0.79777026, -0.8439566, 0.034101237, -0.6437646, 0.39265257, -0.39093786, -0.17099221, 0.9587566, -0.23429108, 0.2882628, 0.5956588, -0.39746687, -0.6032563, 0.7022163, 0.38215137, 0.27732858, -0.32822084, -0.18007402, -0.40057048, -0.0717918, 0.29161003, 0.60168916, -0.66272444, -0.10308486, -0.75421804, 0.09895004, -0.97895944, -0.80313367, 0.43533856, -0.81862354, -0.52032995, 0.34833843, -0.6814597, 0.8964372, 0.14702153, -0.78740865, -0.34224042, -0.5517362, 0.48246035, -0.9849346, -0.2470384, 0.14618179, 0.051203646, 0.037784096, -0.32581368, 0.3010509, -0.8066512, -0.64459985, -0.9057507, 0.54423517, -0.4544715, 0.6257105, 0.17021555, 0.9431955, 0.73868424, 0.16138974, -0.08149262, -0.91978735, -0.16876774, -0.5113088, 0.11694496, 0.21238905, 0.7527242, -0.12711783, 0.86134845, -0.4386213, -0.6380523, 0.88189936, -0.05865647, 0.3905406, -0.95368147, -0.42681465, -0.8341512, -0.65665483, 0.3847986, -0.93378484, 0.6199281, 0.88743854, -0.3693804, 0.19483685, -0.7586034, 0.07060725, 0.64624697, -0.7035701, 0.08674891, 0.6288669, 0.92083365, 0.31093273, 0.2508493, 0.6016766, 0.10470596, -0.49164855, 0.5936575, 0.028292315, 0.6361262, 0.85244, -0.24243923, 0.17863607, 0.5821016, -0.65510833, 0.55423385, -0.9763352, -0.3217128, 0.64128995, 0.7471852, 0.17998627, -0.09594679, -0.7770643, 0.9804126, -0.13147679, -0.33258313, -0.784719, -0.92914015, 0.3720648, 0.1484293, -0.8667697, -0.651762, 0.59626895, 0.44561687, -0.49791655, 0.2287164, 0.070757076, 0.7662516, 0.6758191, -0.720024, 0.11100991, -0.2139784, -0.70224774, 0.094740406, 0.309357, -0.71101874, 0.24789622, -0.45816192, -0.41378662, -0.78792566, -0.8787647, -0.7651534, 0.11621904, -0.7150857, -0.19385843, 0.68446326, -0.8273086, -0.16868936, -0.9958543, -0.15055399, -0.6834652, 0.25337583, 0.047244653, -0.057264958, 0.064182825, -0.21263085, -0.40689272, -0.31013286, -0.2249037, -0.9880634, 0.58979005, 0.828168, 0.33977255, -0.5723493, -0.93511844, -0.741814, 0.7958216, -0.69762653, 0.99357367, -0.3936338, -0.021046517, -0.14829127, -0.8535891, -0.56280506, -0.60198855, 0.83153045, 0.7896721, 0.43779254, 0.89814323, 0.46383238, 0.8216715, 0.17955102, 0.49880776, 0.6709964, 0.0597147, 0.383936, 0.563289, 0.90377015, 0.3645677, -0.71402603, -0.7826556, 0.001998259, 0.46642914, -0.59507, -0.7856402, 0.21930523, -0.2107159, 0.74591136, -0.5806288, 0.100056015, -0.53670603, -0.10034895, 0.14922564, -0.9285188, -0.41920176, 0.8971629, 0.47036028, -0.36778262, 0.41735905, -0.44895932, 0.0047803535, 0.31408343, -0.48524287, 0.41173077]","[7.0, 0.0, -18.0, -7.0, -2.0, -9.0, 6.0, -12.0, -20.0, -11.0, -2.0, 22.0, 5.0, 0.0, -12.0, -1.0, -4.0, 1.0, -10.0, 0.0, -26.0, 5.0, 0.0, 1.0, -7.0, -14.0, -6.0, -24.0, -5.0, -20.0, -14.0, 7.0, 0.0, 14.0, -2.0, -11.0, -8.0, -12.0, 3.0, 1.0, 3.0, 14.0, -8.0, -6.0, -16.0, 11.0, -6.0, -9.0, 1.0, -5.0, -5.0, -3.0, 6.0, 3.0, -17.0, -11.0, -9.0, 13.0, 5.0, 4.0, -11.0, 2.0, -18.0, 5.0, -5.0, -1.0, -3.0, -8.0, 1.0, -2.0, -21.0, 17.0, -10.0, -19.0, -22.0, -6.0, -4.0, -12.0, -2.0, -10.0, 16.0, -10.0, 7.0, -23.0, -10.0, -11.0, 2.0, 8.0, -8.0, -6.0, -1.0, -18.0, -4.0, -4.0, 4.0, -8.0, -15.0, -5.0, -7.0, -5.0, -13.0, 1.0, -6.0, -3.0, 7.0, -19.0, 13.0, -14.0, -10.0, -13.0, -11.0, 5.0, 2.0, 2.0, 4.0, -14.0, -7.0, 4.0, -7.0, -11.0, -14.0, 4.0, 4.0, -13.0, -22.0, -16.0, -13.0, -3.0, -6.0, -1.0, -1.0, 6.0, 1.0, -5.0, -2.0, 0.0, -13.0, -14.0, -9.0, -9.0, 14.0, -10.0, -3.0, -10.0, 2.0, -10.0, -7.0, -7.0, -10.0, 9.0, -10.0, -17.0, -15.0, 0.0, 9.0, -4.0, -18.0, -6.0, 4.0, -3.0, -7.0, -6.0, -8.0, 8.0, -8.0, 0.0, 13.0, -16.0, -9.0, 0.0, -6.0, -4.0, -5.0, -24.0, -30.0, -10.0, -32.0, -5.0, 10.0, -25.0, -21.0, -5.0, -16.0, -9.0, -10.0, -15.0, 6.0, -4.0, -21.0, 12.0, -9.0, -1.0, 4.0, -4.0, -10.0, -1.0, -1.0, -11.0, -10.0, -6.0, -17.0, -3.0, -5.0, 6.0, -7.0, 2.0, -6.0, -3.0, -7.0, 9.0, -15.0, 0.0, -5.0, 2.0, -11.0, -11.0, -3.0, -9.0, -7.0, -1.0, -9.0, 5.0, -1.0, 0.0, -7.0, -5.0, -28.0, 4.0, -13.0, -3.0, 20.0, -7.0, -20.0, 1.0, -11.0, 1.0, -3.0, -7.0, -16.0, -11.0, 6.0, 8.0, -2.0, 11.0, 9.0, 2.0, 2.0, -18.0, -17.0, -10.0, -10.0, -6.0, 11.0, -8.0, -7.0, 2.0, 6.0, -9.0, -7.0, -3.0, -6.0, -14.0, -21.0, -1.0, -5.0, -14.0, -10.0, -27.0, -13.0, 1.0, 5.0, 0.0, -6.0, 9.0, -5.0, -4.0, -16.0, 1.0, -8.0, 6.0, -2.0, -6.0, -10.0, -1.0, 8.0, -6.0, 7.0, -5.0, 7.0, -1.0, 4.0, 10.0, 3.0, -15.0, 3.0, 4.0, 7.0, -6.0, 4.0, 2.0, -10.0, 0.0, -14.0, 9.0, 1.0, -6.0, -14.0, -6.0, -4.0, -11.0, 11.0, -8.0, 0.0, 5.0, -9.0, 0.0, -9.0, -1.0, 10.0, -10.0, -19.0, -21.0, -7.0, 7.0, 1.0, -10.0, -7.0, -3.0, 1.0, 0.0, 2.0, 8.0, -19.0, -9.0, -7.0, -15.0, -12.0, -5.0, -4.0, -33.0, 5.0, 5.0, -5.0, -16.0, -16.0, -4.0, -10.0, 4.0, -19.0, 5.0, -15.0, -4.0, 1.0, -6.0, -19.0, -23.0, 5.0, 8.0, -20.0, -13.0, 4.0, 6.0, -11.0, -5.0, -3.0, -7.0, -12.0, -3.0, 2.0, -17.0, -17.0, -10.0, -2.0, -17.0, -5.0, -16.0, 24.0, 14.0, -6.0, -18.0, -3.0, -2.0, 0.0, -1.0, 0.0, -16.0, -10.0, 1.0, -10.0, -25.0, -6.0, 2.0, -6.0, -13.0, 2.0, 29.0, 2.0, -4.0, -6.0, -5.0, -6.0, 7.0, -7.0, -6.0, 0.0, -4.0, -23.0, -33.0, 9.0, -10.0, -6.0, 2.0, -4.0, 5.0, -2.0, -6.0, -13.0, -11.0, -20.0, -1.0, 7.0, -14.0, -3.0, 20.0, 4.0, -19.0, 3.0, -20.0, -7.0, -10.0, -9.0, 8.0, 10.0, 4.0, -6.0, -6.0, 9.0, -7.0, 10.0, 7.0, -6.0, -5.0, -8.0, 4.0, -2.0, -35.0, 11.0, -15.0, -5.0, -4.0, -5.0, -2.0, -2.0, -21.0, -9.0, -5.0, -2.0, -11.0, -5.0, 2.0, 4.0, -16.0, -7.0, -16.0, -4.0, -12.0, 18.0, 2.0, -13.0, -10.0, -14.0, -1.0, -23.0, -15.0, -4.0, -5.0, -18.0, -4.0, 6.0, -12.0, -9.0, -4.0, -6.0, -20.0, 13.0, 3.0, -13.0, -6.0, 0.0, 3.0, 14.0, -6.0, -10.0, 2.0, -4.0, -7.0, -18.0, 9.0, -6.0, -27.0]",-54.9285266055146,0.0,0.0,0,0.0031669139862060547
66,"[0.5258689, -0.34348202, -0.32285717, 0.09004502, 0.30456042, -0.4269993, 0.71006614, 0.015575859, 0.6309875, -0.9171053, 0.2809551, 0.4568056, -0.59982944, 0.48818406, -0.94148165, -0.24154922, 0.92566496, -0.6616091, 0.5226953, 0.27546546, 0.8146675, -0.075483195, 0.9619339, 0.402783, -0.17753007, 0.32767227, 0.9068487, 0.720489, 0.4137258, 0.9991982, -0.92218333, 0.7755131, 0.28087553, 0.9763796, 0.7867532, -0.39214823, -0.8693479, 0.608889, -0.16597122, -0.44896254, -0.23162425, -0.5857078, 0.9367261, 0.1460128, -0.036269423, -0.32865703, -0.042241212, 0.51439834, 0.6686716, -0.6702834, 0.14579962, 0.33704957, 0.16942963, 0.39194456, 0.688689, -0.65751946, -0.59636873, 0.27833045, -0.4532331, -0.95174694, 0.36480123, -0.71097505, -0.24615552, 0.39699602, -0.9717776, -0.17522213, -0.8508826, 0.9081499, -0.9541538, -0.5185512, -0.99183214, 0.52588934, -0.042910397, 0.3711429, -0.6286649, -0.4766404, 0.42898595, 0.5953946, -0.6016595, 0.32218704, -0.17740473, -0.74019295, -0.22993366, 0.22568694, -0.36940938, 0.57870877, 0.48085013, 0.074319504, -0.67894065, 0.53091174, -0.25653148, 0.9155348, 0.9342424, 0.11731945, 0.38088393, -0.43354863, -0.52494717, 0.013674418, -0.5631509, 0.17584097, 0.3222342, 0.6900089, -0.84535146, -0.08165813, 0.23696163, 0.597034, 0.035643168, -0.3077119, 0.67106336, -0.51350194, 0.29017538, -0.068711735, 0.60734427, -0.7914281, -0.19985408, -0.111476086, -0.69475716, 0.14687522, 0.36331943, -0.27826968, -0.36052838, -0.4797551, 0.1546099, -0.5114454, 0.1587508, 0.70446616, -0.8028497, -0.9460357, 0.38858306, -0.35195526, -0.07686392, 0.18627404, 0.17396624, -0.13487087, 0.6057733, 0.42646834, 0.40980318, 0.6677896, 0.18453184, 0.36215737, -0.2963967, 0.5091956, -0.87066, -0.0073030186, 0.49460033, -0.073571846, 0.2504415, 0.5539805, -0.7804228, 0.47449937, 0.64392424, 0.37039146, 0.32506645, 0.13729902, 0.33548853, 0.51318866, 0.0015881215, -0.4557534, -0.49133313, 0.13402624, 0.426675, -0.30336866, -0.26886806, -0.105740406, 0.21945365, 0.61990535, 0.15062143, 0.21844415, -0.9965656, -0.16489202, -0.08940645, 0.46240792, 0.2263604, 0.58148646, -0.062387403, -0.9953887, 0.80112016, 0.9717782, -0.6028101, -0.23267502, -0.93113434, -0.34437984, 0.53216064, -0.9339541, -0.24959825, 0.17010471, -0.43376276, 0.8559668, 0.48185545, 0.57366395, -0.9216205, -0.47371462, 0.08012624, -0.92904335, -0.5239725, 0.8642172, -0.6618951, 0.98588634, 0.0076595955, 0.6875328, -0.38987625, -0.71600664, -0.5935081, 0.007881163, -0.9924655, 0.12591107, -0.38085985, 0.13507023, -0.4418203, -0.4780794, -0.24136347, -0.014907419, -0.8298648, -0.520104, 0.47113025, -0.6704664, -0.45104218, 0.15012763, 0.8683375, 0.2654473, 0.6229042, -0.25975865, -0.6776864, -0.6795431, -0.84278435, 0.44767973, -0.32113403, 0.421139, 0.9530527, -0.421493, 0.15614408, -0.9570561, -0.326602, 0.92917365, 0.52807367, 0.27794498, -0.82184386, 0.28476104, 0.72123575, 0.33133182, -0.63800865, 0.56491834, -0.66733426, 0.39219326, -0.37091213, -0.37933883, 0.8999447, -0.65010375, -0.10313378, -0.44385052, 0.10182323, -0.010435903, 0.4025021, 0.5176054, 0.11951648, -0.38182616, 0.7658601, 0.5130988, -0.7001059, -0.66538036, 0.48812595, 0.027970064, 0.785399, 0.396258, 0.58372897, -0.31383312, -0.40717736, -0.484213, 0.91673803, 0.6932201, -0.72643834, -0.78979987, 0.2214075, -0.7726283, -0.3826202, 0.5471963, -0.8805029, 0.02730471, -0.9275482, -0.17726043, -0.12371677, 0.61980623, -0.28204978, 0.5405041, -0.14393573, -0.094708204, -0.20924836, -0.804358, -0.40230086, 0.40517262, -0.100132465, -0.0042274552, 0.2711107, -0.9380158, -0.761664, 0.15909125, 0.1162504, 0.9323607, 0.40815413, 0.098038435, -0.9629075, -0.091820136, -0.23857006, 0.009298795, 0.3495978, -0.052207667, -0.028237198, 0.54509354, -0.67256427, -0.78274226, 0.7872916, 0.7900058, 0.14845103, 0.030459663, -0.5677142, 0.31650743, 0.57879305, 0.32448763, 0.8309241, -0.8220599, 0.8747791, -0.25622287, 0.23697138, -0.3463181, 0.031485967, -0.1615459, -0.5937131, -0.7900888, -0.65507346, 0.55283594, -0.11363588, 0.73297805, 0.35566217, -0.8483834, 0.71174836, -0.4876316, -0.32679933, -0.6757857, -0.7139674, -0.46667686, 0.8360092, -0.44221002, 0.30890724, 0.30605394, -0.90772593, 0.03841974, -0.06297586, -0.9888583, 0.86957777, -0.73172134, 0.92187387, 0.12072874, -0.4322809, -0.93708336, 0.5692777, 0.63279355, 0.52826715, 0.49289125, -0.9236075, 0.9943746, 0.36076224, 0.70620036, 0.052723665, -0.011719914, -0.13619184, -0.39059657, -0.24637935, 0.53943163, 0.26680696, 0.32436684, -0.24569426, -0.41490582, -0.058095705, -0.82310677, -0.29146445, -0.5323115, 0.67024654, 0.7008038, -0.33832887, -0.7832589, 0.39789063, -0.7401749, -0.7329093, 0.04172099, 0.01642016, -0.14500654, -0.4656028, -0.15975176, -0.22069159, -0.88684595, -0.254903, 0.83539015, 0.6641839, -0.6382122, -0.07999318, 0.680064, -0.09638309, 0.2649119, -0.96439886, 0.29023886, 0.25127247, 0.88561636, -0.23773703, -0.8216396, -0.78468066, -0.7548028, -0.9461662, 0.18324764, -0.9977662, 0.87819606, 0.6511472, -0.3333589, 0.33864394, -0.7277082, 0.83933955, -0.6953216, 0.908043, -0.40327278, -0.70448613, -0.82662266, 0.45158845, -0.30280948, 0.5324655, 0.30500638, 0.81126404, 0.6873395, 0.693092, -0.59558797, 0.055747773, 0.96839035, 0.76829726, -0.6079435, -0.10161267, 0.8817743, 0.779955, -0.39672583, -0.41923276, -0.78881955, 0.6723102, 0.4057962, -0.7461552, -0.69850826, 0.55720854, 0.4794103, -0.2428063, 0.009422208, 0.36583546, 0.2491437, -0.50894713, 0.14284182, -0.57923913, -0.47559252, 0.3477644, -0.39552197, -0.14095874, 0.3754764, -0.9311273, -0.32099888, -0.6438201, -0.429475, 0.6482221, 0.7849041, 0.64490736, -0.8269667, -0.14829223, -0.8373123, 0.9199465, -0.9114037, -0.71234405, -0.59348506, 0.8791243, -0.96031046, -0.60386336, -0.5571138, -0.89789677, -0.78284913, 0.12089669, 0.06545602, 0.6301212, 0.04974578, 0.4817254, -0.6185528, 0.001693894, 0.51349306, 0.6725924, -0.9599888, 0.043774758, -0.45885488, 0.02754436, -0.16133864, -0.89660734, -0.9205934, -0.41032812, -0.6052324, 0.9233426, 0.031445514, -0.8424846, -0.19660972, 0.06992306, -0.6468199]","[7.0, 0.0, -18.0, -7.0, -2.0, -9.0, 6.0, -12.0, -20.0, -11.0, -2.0, 22.0, 5.0, 0.0, -12.0, -1.0, -4.0, 1.0, -10.0, 0.0, -26.0, 5.0, 0.0, 1.0, -7.0, -14.0, -6.0, -24.0, -5.0, -20.0, -14.0, 7.0, 0.0, 14.0, -2.0, -11.0, -8.0, -12.0, 3.0, 1.0, 3.0, 14.0, -8.0, -6.0, -16.0, 11.0, -6.0, -9.0, 1.0, -5.0, -5.0, -3.0, 6.0, 3.0, -17.0, -11.0, -9.0, 13.0, 5.0, 4.0, -11.0, 2.0, -18.0, 5.0, -5.0, -1.0, -3.0, -8.0, 1.0, -2.0, -21.0, 17.0, -10.0, -19.0, -22.0, -6.0, -4.0, -12.0, -2.0, -10.0, 16.0, -10.0, 7.0, -23.0, -10.0, -11.0, 2.0, 8.0, -8.0, -6.0, -1.0, -18.0, -4.0, -4.0, 4.0, -8.0, -15.0, -5.0, -7.0, -5.0, -13.0, 1.0, -6.0, -3.0, 7.0, -19.0, 13.0, -14.0, -10.0, -13.0, -11.0, 5.0, 2.0, 2.0, 4.0, -14.0, -7.0, 4.0, -7.0, -11.0, -14.0, 4.0, 4.0, -13.0, -22.0, -16.0, -13.0, -3.0, -6.0, -1.0, -1.0, 6.0, 1.0, -5.0, -2.0, 0.0, -13.0, -14.0, -9.0, -9.0, 14.0, -10.0, -3.0, -10.0, 2.0, -10.0, -7.0, -7.0, -10.0, 9.0, -10.0, -17.0, -15.0, 0.0, 9.0, -4.0, -18.0, -6.0, 4.0, -3.0, -7.0, -6.0, -8.0, 8.0, -8.0, 0.0, 13.0, -16.0, -9.0, 0.0, -6.0, -4.0, -5.0, -24.0, -30.0, -10.0, -32.0, -5.0, 10.0, -25.0, -21.0, -5.0, -16.0, -9.0, -10.0, -15.0, 6.0, -4.0, -21.0, 12.0, -9.0, -1.0, 4.0, -4.0, -10.0, -1.0, -1.0, -11.0, -10.0, -6.0, -17.0, -3.0, -5.0, 6.0, -7.0, 2.0, -6.0, -3.0, -7.0, 9.0, -15.0, 0.0, -5.0, 2.0, -11.0, -11.0, -3.0, -9.0, -7.0, -1.0, -9.0, 5.0, -1.0, 0.0, -7.0, -5.0, -28.0, 4.0, -13.0, -3.0, 20.0, -7.0, -20.0, 1.0, -11.0, 1.0, -3.0, -7.0, -16.0, -11.0, 6.0, 8.0, -2.0, 11.0, 9.0, 2.0, 2.0, -18.0, -17.0, -10.0, -10.0, -6.0, 11.0, -8.0, -7.0, 2.0, 6.0, -9.0, -7.0, -3.0, -6.0, -14.0, -21.0, -1.0, -5.0, -14.0, -10.0, -27.0, -13.0, 1.0, 5.0, 0.0, -6.0, 9.0, -5.0, -4.0, -16.0, 1.0, -8.0, 6.0, -2.0, -6.0, -10.0, -1.0, 8.0, -6.0, 7.0, -5.0, 7.0, -1.0, 4.0, 10.0, 3.0, -15.0, 3.0, 4.0, 7.0, -6.0, 4.0, 2.0, -10.0, 0.0, -14.0, 9.0, 1.0, -6.0, -14.0, -6.0, -4.0, -11.0, 11.0, -8.0, 0.0, 5.0, -9.0, 0.0, -9.0, -1.0, 10.0, -10.0, -19.0, -21.0, -7.0, 7.0, 1.0, -10.0, -7.0, -3.0, 1.0, 0.0, 2.0, 8.0, -19.0, -9.0, -7.0, -15.0, -12.0, -5.0, -4.0, -33.0, 5.0, 5.0, -5.0, -16.0, -16.0, -4.0, -10.0, 4.0, -19.0, 5.0, -15.0, -4.0, 1.0, -6.0, -19.0, -23.0, 5.0, 8.0, -20.0, -13.0, 4.0, 6.0, -11.0, -5.0, -3.0, -7.0, -12.0, -3.0, 2.0, -17.0, -17.0, -10.0, -2.0, -17.0, -5.0, -16.0, 24.0, 14.0, -6.0, -18.0, -3.0, -2.0, 0.0, -1.0, 0.0, -16.0, -10.0, 1.0, -10.0, -25.0, -6.0, 2.0, -6.0, -13.0, 2.0, 29.0, 2.0, -4.0, -6.0, -5.0, -6.0, 7.0, -7.0, -6.0, 0.0, -4.0, -23.0, -33.0, 9.0, -10.0, -6.0, 2.0, -4.0, 5.0, -2.0, -6.0, -13.0, -11.0, -20.0, -1.0, 7.0, -14.0, -3.0, 20.0, 4.0, -19.0, 3.0, -20.0, -7.0, -10.0, -9.0, 8.0, 10.0, 4.0, -6.0, -6.0, 9.0, -7.0, 10.0, 7.0, -6.0, -5.0, -8.0, 4.0, -2.0, -35.0, 11.0, -15.0, -5.0, -4.0, -5.0, -2.0, -2.0, -21.0, -9.0, -5.0, -2.0, -11.0, -5.0, 2.0, 4.0, -16.0, -7.0, -16.0, -4.0, -12.0, 18.0, 2.0, -13.0, -10.0, -14.0, -1.0, -23.0, -15.0, -4.0, -5.0, -18.0, -4.0, 6.0, -12.0, -9.0, -4.0, -6.0, -20.0, 13.0, 3.0, -13.0, -6.0, 0.0, 3.0, 14.0, -6.0, -10.0, 2.0, -4.0, -7.0, -18.0, 9.0, -6.0, -27.0]",-54.9285266055146,0.0,0.0,0,0.003153562545776367
67,"[0.18591195, 0.5081896, -0.118712015, -0.10318197, -0.5225382, -0.91749555, 0.2537223, 0.92489386, 0.5202668, -0.5006566, 0.21541677, -0.33559614, 0.15325674, -0.91487783, 0.43608856, 0.7350098, -0.6502586, 0.9684529, -0.45264456, -0.78526825, -0.9387148, -0.59960604, -0.66661006, 0.7556639, -0.21739626, 0.066651426, -0.513683, 0.5509484, 0.9630004, 0.928122, -0.38475648, 0.94467044, 0.285614, -0.24907003, -0.4322653, 0.48288345, 0.43997735, 0.9906974, -0.6373627, -0.7836901, 0.05883452, -0.05130888, 0.35402933, 0.11304494, 0.56608903, -0.7377391, -0.89488125, 0.7919165, 0.41161227, -0.4514014, -0.30300644, 0.84579784, -0.8135909, -0.48811355, 0.3199981, -0.7544777, 0.6242211, -0.14175226, -0.07825619, 0.6202664, -0.9259779, 0.22798483, 0.13521212, -0.035053033, -0.74291486, 0.44280148, 0.47857326, -0.9007064, -0.38528672, -0.43854493, -0.38639295, 0.4007755, -0.850664, 0.6204282, -0.7754001, -0.2999726, -0.15627755, -0.5222264, -0.78092283, 0.45692098, 0.9282177, 0.91659313, -0.044318628, 0.3086177, -0.24091507, 0.27514172, -0.6335135, -0.38905388, 0.8251822, 0.4165496, 0.7414675, 0.13521366, -0.87918216, 0.2169138, -0.845933, 0.8203547, -0.35721645, 0.99618, 0.8551434, -0.032758307, -0.31329995, 0.34412366, -0.8810749, 0.6797494, -0.1759021, 0.7219653, 0.6007402, -0.83608943, 0.32273635, -0.9340034, -0.0025364214, -0.31646228, -0.13088685, 0.3680745, 0.8080422, 0.97790956, -0.09122028, 0.7911411, 0.39786187, -0.83465666, -0.23308785, -0.24824783, 0.64579636, 0.83745325, 0.8600783, -0.11092506, -0.79681295, -0.97653425, -0.29839602, 0.74948996, 0.5322933, 0.38859966, 0.13649513, 0.424289, 0.3909372, -0.14745085, -0.20513134, 0.5681058, 0.877049, -0.44743824, 0.23974568, -0.23068866, 0.5896473, -0.54032576, 0.6453045, -0.8745559, 0.17033291, -0.6050781, 0.15524547, 0.8330122, -0.4583087, -0.3176397, 0.49921244, 0.78031653, -0.6717397, 0.7421169, 0.69166285, -0.5998187, -0.9883004, 0.7829277, 0.43893656, 0.1685281, -0.43681303, -0.53062814, 0.50004894, 0.09630762, 0.8690349, 0.16873153, -0.40050155, -0.30809563, -0.13377136, -0.06979633, 0.7755168, -0.97552025, -0.35392207, -0.019271187, -0.7644317, -0.26852942, -0.62818503, 0.6815653, -0.4782991, -0.72370154, 0.68824685, 0.515891, -0.5281714, -0.7596042, -0.26738366, -0.79308385, -0.30428594, -0.34535336, 0.33869123, -0.9831357, -0.04321037, 0.8311571, 0.6561437, -0.45733985, 0.27452046, -0.3691944, -0.13845418, -0.09178939, -0.52582854, -0.69130766, -0.01958403, 0.646763, 0.7837112, -0.09487218, -0.0022561944, 0.76268274, -0.1453111, 0.89973336, -0.6430815, 0.21320447, -0.19289276, 0.90175205, 0.4762243, 0.336852, -0.8140503, 0.719181, 0.4359313, 0.8331371, 0.3535299, -0.66545844, -0.13400361, -0.53966445, -0.68829083, -0.05528782, 0.264322, -0.93862486, -0.2701352, 0.093293995, 0.8933013, 0.69178224, -0.94817233, 0.9366779, 0.5242767, -0.06837976, 0.40704566, 0.24974678, 0.12497972, 0.43969116, 0.34155786, -0.6942277, -0.6152386, -0.2643713, 0.9035558, 0.48342222, -0.24644554, 0.9526169, -0.2616376, -0.07899146, -0.7442343, 0.31576258, -0.5674514, -0.26105377, 0.078908704, -0.35073996, -0.6535067, -0.039193567, -0.8686486, -0.9740705, -0.57493347, -0.24050249, -0.14856231, -0.068125494, -0.3671245, 0.035532065, 0.07919837, 0.8847029, -0.58639824, 0.38602805, -0.49581793, -0.12122343, 0.7713977, 0.023019437, -0.12192366, -0.18503173, 0.35074976, 0.39097744, 0.21315205, -0.18421574, -0.5827526, 0.15822487, 0.52285, 0.7273793, 0.88510484, -0.1407186, 0.13241589, 0.3983498, 0.43765634, 0.52828, 0.8143949, -0.34753823, -0.02577661, -0.9433479, -0.6502779, 0.1054726, -0.44847623, 0.1863074, 0.120035216, 0.99251217, 0.88500607, -0.90526193, 0.45886645, 0.25211257, -0.6124649, 0.26820835, -0.31203833, 0.24641255, -0.5606667, -0.5255495, -0.18901777, 0.6153666, 0.47652298, -0.36694014, 0.35031605, -0.5543617, -0.40065947, -0.9276642, 0.8696328, -0.9537444, 0.95836514, -0.8195962, 0.028520187, 0.35437807, 0.71441126, 0.939237, 0.40806618, -0.8139787, -0.25209785, -0.0041885236, -0.61627555, 0.3378259, 0.09168517, -0.54822487, 0.6064206, -0.21854179, -0.49667403, 0.9637707, -0.91392803, 0.017146066, -0.9840734, 0.35614178, -0.70225865, 0.88213545, -0.5307622, 0.12465164, -0.6451092, -0.16541003, -0.8671865, 0.25598535, -0.71077645, -0.8576474, -0.8095508, 0.37013632, -0.6843986, -0.35817558, 0.4426096, 0.27808005, -0.18719476, -0.5211486, -0.8895804, -0.39973974, -0.40788803, 0.35276452, -0.19816881, 0.7550594, 0.15536106, -0.8208186, 0.5432477, -0.22626592, 0.510479, -0.8005503, 0.052288134, -0.5500817, 0.21173225, 0.47209445, 0.5653483, 0.038503245, 0.14926787, 0.94405717, 0.22812529, 0.85598814, -0.7955521, -0.5011894, -0.5886933, 0.5836171, 0.7305974, -0.28011027, 0.5796792, 0.28601545, -0.42723268, 0.10393161, 0.025612073, -0.03151882, 0.8797603, -0.032101564, 0.6784278, 0.84472024, -0.91914684, 0.874212, -0.2230527, 0.24138041, -0.5968765, -0.074616864, -0.38346183, -0.6521981, 0.94921774, -0.17855768, 0.4326614, 0.5173817, -0.15266292, -0.64759415, -0.7765701, -0.7072325, -0.21297735, -0.5848426, 0.8241988, -0.5411765, 0.9589151, -0.9925584, -0.12583369, -0.91813844, 0.9964082, -0.030225733, 0.24350598, 0.5286769, -0.64968264, 0.53513646, 0.9452152, 0.6094447, 0.91878134, -0.08000688, -0.57967037, 0.34661105, 0.29420933, 0.5746067, -0.1701058, -0.5221922, -0.06303167, -0.6421999, 0.54608244, 0.59536153, 0.862895, 0.5482957, 0.63164365, -0.8170143, -0.29923934, 0.72681814, -0.2197269, -0.5554106, 0.68172204, -0.35466203, 0.18060352, -0.891734, 0.8529179, 0.8790656, 0.57091767, -0.95221204, 0.21810928, 0.8791005, 0.066145726, -0.6310383, 0.65734625, 0.56883675, -0.9654763, 0.5642938, -0.17369571, 0.5285255, 0.90735847, -0.49659216, 0.29532108, 0.35677862, -0.37227526, 0.8333833, -0.8762298, 0.06759195, -0.829265, -0.5508781, -0.5236034, -0.4290342, 0.2653117, 0.6934422, -0.6038873, -0.8611146, 0.2874155, -0.22617428, -0.82538307, -0.52775395, -0.5425748, 0.21913055, -0.87825656, 0.90256786, 0.9092276, 0.6016652, 0.19207206, -0.69709533, -0.15462443, 0.9749593, -0.836762, 0.6608989]","[7.0, 0.0, -18.0, -7.0, -2.0, -9.0, 6.0, -12.0, -20.0, -11.0, -2.0, 22.0, 5.0, 0.0, -12.0, -1.0, -4.0, 1.0, -10.0, 0.0, -26.0, 5.0, 0.0, 1.0, -7.0, -14.0, -6.0, -24.0, -5.0, -20.0, -14.0, 7.0, 0.0, 14.0, -2.0, -11.0, -8.0, -12.0, 3.0, 1.0, 3.0, 14.0, -8.0, -6.0, -16.0, 11.0, -6.0, -9.0, 1.0, -5.0, -5.0, -3.0, 6.0, 3.0, -17.0, -11.0, -9.0, 13.0, 5.0, 4.0, -11.0, 2.0, -18.0, 5.0, -5.0, -1.0, -3.0, -8.0, 1.0, -2.0, -21.0, 17.0, -10.0, -19.0, -22.0, -6.0, -4.0, -12.0, -2.0, -10.0, 16.0, -10.0, 7.0, -23.0, -10.0, -11.0, 2.0, 8.0, -8.0, -6.0, -1.0, -18.0, -4.0, -4.0, 4.0, -8.0, -15.0, -5.0, -7.0, -5.0, -13.0, 1.0, -6.0, -3.0, 7.0, -19.0, 13.0, -14.0, -10.0, -13.0, -11.0, 5.0, 2.0, 2.0, 4.0, -14.0, -7.0, 4.0, -7.0, -11.0, -14.0, 4.0, 4.0, -13.0, -22.0, -16.0, -13.0, -3.0, -6.0, -1.0, -1.0, 6.0, 1.0, -5.0, -2.0, 0.0, -13.0, -14.0, -9.0, -9.0, 14.0, -10.0, -3.0, -10.0, 2.0, -10.0, -7.0, -7.0, -10.0, 9.0, -10.0, -17.0, -15.0, 0.0, 9.0, -4.0, -18.0, -6.0, 4.0, -3.0, -7.0, -6.0, -8.0, 8.0, -8.0, 0.0, 13.0, -16.0, -9.0, 0.0, -6.0, -4.0, -5.0, -24.0, -30.0, -10.0, -32.0, -5.0, 10.0, -25.0, -21.0, -5.0, -16.0, -9.0, -10.0, -15.0, 6.0, -4.0, -21.0, 12.0, -9.0, -1.0, 4.0, -4.0, -10.0, -1.0, -1.0, -11.0, -10.0, -6.0, -17.0, -3.0, -5.0, 6.0, -7.0, 2.0, -6.0, -3.0, -7.0, 9.0, -15.0, 0.0, -5.0, 2.0, -11.0, -11.0, -3.0, -9.0, -7.0, -1.0, -9.0, 5.0, -1.0, 0.0, -7.0, -5.0, -28.0, 4.0, -13.0, -3.0, 20.0, -7.0, -20.0, 1.0, -11.0, 1.0, -3.0, -7.0, -16.0, -11.0, 6.0, 8.0, -2.0, 11.0, 9.0, 2.0, 2.0, -18.0, -17.0, -10.0, -10.0, -6.0, 11.0, -8.0, -7.0, 2.0, 6.0, -9.0, -7.0, -3.0, -6.0, -14.0, -21.0, -1.0, -5.0, -14.0, -10.0, -27.0, -13.0, 1.0, 5.0, 0.0, -6.0, 9.0, -5.0, -4.0, -16.0, 1.0, -8.0, 6.0, -2.0, -6.0, -10.0, -1.0, 8.0, -6.0, 7.0, -5.0, 7.0, -1.0, 4.0, 10.0, 3.0, -15.0, 3.0, 4.0, 7.0, -6.0, 4.0, 2.0, -10.0, 0.0, -14.0, 9.0, 1.0, -6.0, -14.0, -6.0, -4.0, -11.0, 11.0, -8.0, 0.0, 5.0, -9.0, 0.0, -9.0, -1.0, 10.0, -10.0, -19.0, -21.0, -7.0, 7.0, 1.0, -10.0, -7.0, -3.0, 1.0, 0.0, 2.0, 8.0, -19.0, -9.0, -7.0, -15.0, -12.0, -5.0, -4.0, -33.0, 5.0, 5.0, -5.0, -16.0, -16.0, -4.0, -10.0, 4.0, -19.0, 5.0, -15.0, -4.0, 1.0, -6.0, -19.0, -23.0, 5.0, 8.0, -20.0, -13.0, 4.0, 6.0, -11.0, -5.0, -3.0, -7.0, -12.0, -3.0, 2.0, -17.0, -17.0, -10.0, -2.0, -17.0, -5.0, -16.0, 24.0, 14.0, -6.0, -18.0, -3.0, -2.0, 0.0, -1.0, 0.0, -16.0, -10.0, 1.0, -10.0, -25.0, -6.0, 2.0, -6.0, -13.0, 2.0, 29.0, 2.0, -4.0, -6.0, -5.0, -6.0, 7.0, -7.0, -6.0, 0.0, -4.0, -23.0, -33.0, 9.0, -10.0, -6.0, 2.0, -4.0, 5.0, -2.0, -6.0, -13.0, -11.0, -20.0, -1.0, 7.0, -14.0, -3.0, 20.0, 4.0, -19.0, 3.0, -20.0, -7.0, -10.0, -9.0, 8.0, 10.0, 4.0, -6.0, -6.0, 9.0, -7.0, 10.0, 7.0, -6.0, -5.0, -8.0, 4.0, -2.0, -35.0, 11.0, -15.0, -5.0, -4.0, -5.0, -2.0, -2.0, -21.0, -9.0, -5.0, -2.0, -11.0, -5.0, 2.0, 4.0, -16.0, -7.0, -16.0, -4.0, -12.0, 18.0, 2.0, -13.0, -10.0, -14.0, -1.0, -23.0, -15.0, -4.0, -5.0, -18.0, -4.0, 6.0, -12.0, -9.0, -4.0, -6.0, -20.0, 13.0, 3.0, -13.0, -6.0, 0.0, 3.0, 14.0, -6.0, -10.0, 2.0, -4.0, -7.0, -18.0, 9.0, -6.0, -27.0]",-54.9285266055146,0.0,0.0,0,0.0032083988189697266
68,"[0.6135078, 0.81274164, 0.6124333, 0.8731236, 0.8604875, 0.6508418, 0.14212099, -0.089433886, 0.34323177, 0.78717947, 0.26294607, -0.75611866, 0.38468802, 0.710576, 0.56521434, 0.8740627, -0.40477076, 0.15783931, -0.9404444, -0.89467233, 0.15027115, -0.078028455, -0.8399211, -0.6623411, 0.8904879, -0.11666758, -0.43828046, 0.25901967, -0.81929916, 0.41472882, 0.66228867, 0.8371306, 0.60701364, -0.42940092, -0.70346385, 0.24050733, 0.017707944, 0.34860185, -0.5152021, -0.7797668, 0.32257366, -0.60916233, -0.743559, 0.935616, 0.19770016, 0.614091, -0.6673574, 0.96106195, -0.045521665, 0.1376668, -0.8490965, -0.002525574, 0.05667992, -0.18686572, 0.8691403, 0.9006875, 0.2787771, 0.764685, 0.5249578, -0.98681074, 0.26688316, 0.70635045, 0.8014391, -0.88647825, 0.7406618, -0.31648505, -0.5609312, -0.17868024, 0.98315996, 0.22349139, 0.6735159, -0.18623906, -0.9164932, -0.97257185, -0.93498856, 0.16365978, 0.6525998, 0.3001219, 0.26995236, 0.658813, -0.86151016, 0.11167479, 0.31375054, 0.9617908, 0.5148291, 0.5870888, 0.29245895, -0.92745227, -0.4606004, 0.8624169, 0.6172909, -0.0131388595, -0.38711902, -0.31605643, 0.05327, -0.9427277, -0.13891432, 0.97542214, -0.5742949, 0.24910761, -0.43516913, -0.7594099, 0.7718301, -0.68247354, 0.0721979, 0.13510089, 0.2641075, 0.35919684, 0.9871493, 0.5320508, -0.7114816, 0.66351044, -0.5800152, 0.31604803, -0.042504534, -0.6446388, -0.36892274, -0.0813578, -0.070206225, 0.7027585, 0.1514461, 0.14802806, -0.17281608, 0.54419845, 0.94185334, -0.8082302, -0.06810446, -0.3521363, 0.24889289, -0.2569227, 0.8490021, -0.25815773, -0.008407485, 0.064597845, -0.06606967, -0.29492164, -0.016129496, -0.02412429, -0.86200124, -0.9043154, 0.905088, -0.2388969, 0.86749667, 0.9810681, 0.46549693, -0.87553483, 0.72212327, 0.655117, 0.4925186, 0.6040241, 0.2371233, -0.78623825, -0.3811994, -0.100858316, 0.63947576, 0.21656878, 0.52802134, -0.2290658, 0.7457263, -0.50704557, -0.90588444, -0.04298723, 0.69007343, -0.233897, -0.85635984, 0.7630223, -0.5099309, -0.60097766, 0.23705499, 0.27260092, 0.007909389, 0.4255625, 0.64382684, -0.52950144, -0.9116233, -0.78114885, -0.18773766, -0.2281739, -0.7007672, -0.35148436, 0.44927597, 0.04285041, 0.5798577, -0.8523954, 0.1754259, -0.95304626, -0.759746, 0.82628334, -0.20653215, -0.26975423, -0.32110977, -0.7883018, -0.36775005, 0.680701, 0.7477265, -0.44385585, 0.046655368, 0.9400344, -0.97974163, -0.60818183, -0.6060735, 0.7665397, -0.2841952, 0.68234473, -0.23032323, 0.8719814, -0.25263357, -0.23244172, 0.6221837, 0.8281987, 0.09359668, -0.73497516, 0.09614698, 0.43643165, -0.71272737, -0.5333894, -0.50047946, 0.25580886, 0.7382897, 0.85387397, -0.889986, -0.07717859, 0.6861667, -0.8322369, -0.6225044, -0.043695133, -0.052745584, -0.2728423, 0.42434657, 0.45528677, 0.20257205, 0.97034115, -0.07143683, 0.40416023, 0.31576928, 0.51435256, -0.023099769, -0.59447664, 0.3389422, -0.709197, 0.27748114, 0.5137045, 0.573331, 0.10895287, -0.12668103, -0.17001046, 0.8405792, 0.39520547, 0.1319609, 0.50549185, -0.25668815, -0.38800704, -0.14390478, 0.4169323, -0.65133107, -0.913539, 0.4752801, -0.5207759, -0.036962423, -0.8433994, -0.8853101, -0.9623823, -0.23745161, 0.63082105, -0.7761083, 0.829842, -0.49947345, 0.21558864, 0.34761482, 0.016319565, 0.03835202, 0.8882432, -0.9926161, 0.9609522, -0.21691784, -0.82494354, 0.56978196, 0.9778117, 0.34035152, 0.40709016, -0.4321181, -0.09494713, -0.4905925, -0.59443855, 0.67637444, -0.9122498, -0.3733236, 0.29230338, 0.96955705, 0.87597716, 0.86620575, 0.051271666, -0.5299046, 0.26004174, -0.74198985, -0.27123976, -0.43815362, 0.42193, -0.70231783, 0.51466584, -0.3597649, 0.41061857, -0.038235117, 0.16270885, 0.25550562, 0.26981705, 0.39189154, -0.19379054, -0.6203187, -0.47313294, -0.11928717, 0.23854212, -0.33520344, -0.842815, -0.31579438, -0.9366869, -0.29299605, 0.6241503, -0.6793788, -0.07591558, -0.50282645, -0.6647294, 0.08554452, 0.56522584, -0.71448076, -0.99415773, 0.19076976, -0.79897314, -0.8426196, -0.6234291, -0.44055557, 0.97736305, -0.83378255, -0.6823888, 0.27013156, 0.7334553, 0.6180251, -0.7595733, -0.98601097, -0.9769793, 0.1984232, -0.5536722, 0.2648507, 0.21600567, -0.5976451, -0.4184601, -0.5895734, -0.23598507, -0.14854157, 0.7134197, -0.6236006, -0.03125124, -0.97734886, -0.71285105, 0.50997305, 0.54328597, -0.4600873, 0.92649746, -0.55127174, -0.56008387, 0.6028107, 0.9423891, 0.4350666, -0.62844944, 0.296316, 0.5467046, 0.86996794, -0.37365368, -0.36749464, 0.71451396, -0.17341161, -0.69572216, 0.12694837, -0.32996798, -0.13249311, 0.16545582, -0.76817495, -0.7518395, 0.07952637, 0.79822725, 0.03625148, -0.15917228, -0.5571616, 0.096635595, -0.20366982, -0.13887179, -0.35267547, 0.33268255, 0.14775516, -0.87449265, -0.7954819, 0.5025157, 0.0347689, 0.026688233, -0.6771533, -0.120958254, -0.1122829, -0.16235828, 0.80613554, -0.06731526, 0.86917067, 0.8341952, -0.2517699, -0.42763063, -0.6207276, 0.53200984, 0.5369975, 0.6476274, -0.085719764, -0.8598073, 0.9209484, 0.83334976, 0.45058405, 0.6368692, -0.5707028, -0.48981065, 0.865676, -0.98328257, 0.06554179, -0.24461132, -0.81544065, 0.20538291, -0.6493942, 0.9440319, -0.8008998, 0.7980035, -0.74198574, 0.27644095, -0.7332125, -0.07244592, -0.2462412, 0.62951875, -0.93372, 0.49712315, 0.108273245, 0.16715404, -0.20942152, -0.6999987, 0.06636045, -0.74385804, -0.36591363, 0.70036083, -0.01096247, -0.5908846, -0.020184321, -0.52458084, 0.20197776, -0.55243754, 0.65705335, 0.4566107, 0.95172226, 0.01360307, -0.7860988, 0.73404217, -0.29208177, 0.69046104, -0.21079685, 0.98671824, -0.7444183, -0.24088728, -0.3413197, 0.99008644, -0.70211816, 0.41268015, 0.656346, 0.23670922, -0.39360106, 0.14260398, 0.6310277, -0.122906014, -0.9976804, -0.08301009, 0.0977603, 0.0568865, -0.7376596, 0.49668562, 0.76784027, -0.1842582, -0.5194695, 0.015105355, -0.03466051, -0.41480982, 0.14330937, -0.06785233, 0.030824348, -0.30020827, 0.19236276, 0.93654084, -0.90152395, -0.8726078, -0.7161558, 0.9716386, -0.022688221, 0.7325689, -0.40069833, -0.8563369, 0.53375393, -0.40537974, 0.8760113, 0.9436213]","[7.0, 0.0, -18.0, -7.0, -2.0, -9.0, 6.0, -12.0, -20.0, -11.0, -2.0, 22.0, 5.0, 0.0, -12.0, -1.0, -4.0, 1.0, -10.0, 0.0, -26.0, 5.0, 0.0, 1.0, -7.0, -14.0, -6.0, -24.0, -5.0, -20.0, -14.0, 7.0, 0.0, 14.0, -2.0, -11.0, -8.0, -12.0, 3.0, 1.0, 3.0, 14.0, -8.0, -6.0, -16.0, 11.0, -6.0, -9.0, 1.0, -5.0, -5.0, -3.0, 6.0, 3.0, -17.0, -11.0, -9.0, 13.0, 5.0, 4.0, -11.0, 2.0, -18.0, 5.0, -5.0, -1.0, -3.0, -8.0, 1.0, -2.0, -21.0, 17.0, -10.0, -19.0, -22.0, -6.0, -4.0, -12.0, -2.0, -10.0, 16.0, -10.0, 7.0, -23.0, -10.0, -11.0, 2.0, 8.0, -8.0, -6.0, -1.0, -18.0, -4.0, -4.0, 4.0, -8.0, -15.0, -5.0, -7.0, -5.0, -13.0, 1.0, -6.0, -3.0, 7.0, -19.0, 13.0, -14.0, -10.0, -13.0, -11.0, 5.0, 2.0, 2.0, 4.0, -14.0, -7.0, 4.0, -7.0, -11.0, -14.0, 4.0, 4.0, -13.0, -22.0, -16.0, -13.0, -3.0, -6.0, -1.0, -1.0, 6.0, 1.0, -5.0, -2.0, 0.0, -13.0, -14.0, -9.0, -9.0, 14.0, -10.0, -3.0, -10.0, 2.0, -10.0, -7.0, -7.0, -10.0, 9.0, -10.0, -17.0, -15.0, 0.0, 9.0, -4.0, -18.0, -6.0, 4.0, -3.0, -7.0, -6.0, -8.0, 8.0, -8.0, 0.0, 13.0, -16.0, -9.0, 0.0, -6.0, -4.0, -5.0, -24.0, -30.0, -10.0, -32.0, -5.0, 10.0, -25.0, -21.0, -5.0, -16.0, -9.0, -10.0, -15.0, 6.0, -4.0, -21.0, 12.0, -9.0, -1.0, 4.0, -4.0, -10.0, -1.0, -1.0, -11.0, -10.0, -6.0, -17.0, -3.0, -5.0, 6.0, -7.0, 2.0, -6.0, -3.0, -7.0, 9.0, -15.0, 0.0, -5.0, 2.0, -11.0, -11.0, -3.0, -9.0, -7.0, -1.0, -9.0, 5.0, -1.0, 0.0, -7.0, -5.0, -28.0, 4.0, -13.0, -3.0, 20.0, -7.0, -20.0, 1.0, -11.0, 1.0, -3.0, -7.0, -16.0, -11.0, 6.0, 8.0, -2.0, 11.0, 9.0, 2.0, 2.0, -18.0, -17.0, -10.0, -10.0, -6.0, 11.0, -8.0, -7.0, 2.0, 6.0, -9.0, -7.0, -3.0, -6.0, -14.0, -21.0, -1.0, -5.0, -14.0, -10.0, -27.0, -13.0, 1.0, 5.0, 0.0, -6.0, 9.0, -5.0, -4.0, -16.0, 1.0, -8.0, 6.0, -2.0, -6.0, -10.0, -1.0, 8.0, -6.0, 7.0, -5.0, 7.0, -1.0, 4.0, 10.0, 3.0, -15.0, 3.0, 4.0, 7.0, -6.0, 4.0, 2.0, -10.0, 0.0, -14.0, 9.0, 1.0, -6.0, -14.0, -6.0, -4.0, -11.0, 11.0, -8.0, 0.0, 5.0, -9.0, 0.0, -9.0, -1.0, 10.0, -10.0, -19.0, -21.0, -7.0, 7.0, 1.0, -10.0, -7.0, -3.0, 1.0, 0.0, 2.0, 8.0, -19.0, -9.0, -7.0, -15.0, -12.0, -5.0, -4.0, -33.0, 5.0, 5.0, -5.0, -16.0, -16.0, -4.0, -10.0, 4.0, -19.0, 5.0, -15.0, -4.0, 1.0, -6.0, -19.0, -23.0, 5.0, 8.0, -20.0, -13.0, 4.0, 6.0, -11.0, -5.0, -3.0, -7.0, -12.0, -3.0, 2.0, -17.0, -17.0, -10.0, -2.0, -17.0, -5.0, -16.0, 24.0, 14.0, -6.0, -18.0, -3.0, -2.0, 0.0, -1.0, 0.0, -16.0, -10.0, 1.0, -10.0, -25.0, -6.0, 2.0, -6.0, -13.0, 2.0, 29.0, 2.0, -4.0, -6.0, -5.0, -6.0, 7.0, -7.0, -6.0, 0.0, -4.0, -23.0, -33.0, 9.0, -10.0, -6.0, 2.0, -4.0, 5.0, -2.0, -6.0, -13.0, -11.0, -20.0, -1.0, 7.0, -14.0, -3.0, 20.0, 4.0, -19.0, 3.0, -20.0, -7.0, -10.0, -9.0, 8.0, 10.0, 4.0, -6.0, -6.0, 9.0, -7.0, 10.0, 7.0, -6.0, -5.0, -8.0, 4.0, -2.0, -35.0, 11.0, -15.0, -5.0, -4.0, -5.0, -2.0, -2.0, -21.0, -9.0, -5.0, -2.0, -11.0, -5.0, 2.0, 4.0, -16.0, -7.0, -16.0, -4.0, -12.0, 18.0, 2.0, -13.0, -10.0, -14.0, -1.0, -23.0, -15.0, -4.0, -5.0, -18.0, -4.0, 6.0, -12.0, -9.0, -4.0, -6.0, -20.0, 13.0, 3.0, -13.0, -6.0, 0.0, 3.0, 14.0, -6.0, -10.0, 2.0, -4.0, -7.0, -18.0, 9.0, -6.0, -27.0]",-54.9285266055146,0.0,0.0,0,0.003170013427734375
69,"[0.121372595, -0.90463954, -0.7004746, 0.1358686, 0.90305084, 0.7015151, 0.13308913, -0.45601168, -0.54845834, 0.90462255, 0.5635576, -0.6889169, 0.91493595, -0.74067956, 0.873053, -0.06226528, -0.5436856, -0.80158716, 0.1735891, -0.14902027, -0.58990127, 0.34147358, 0.07604144, 0.41847458, 0.8804621, -0.9557116, 0.85015124, -0.42773423, -0.61291504, 0.16660373, -0.9173315, 0.15091835, 0.14022289, -0.77567375, -0.03390804, -0.36491916, 0.11847086, -0.115346104, -0.715718, 0.47525996, 0.28269315, 0.25952458, -0.5530571, -0.4499063, 0.4369388, -0.2889633, -0.28844318, 0.18305294, 0.4106442, -0.8634028, -0.7647086, 0.67966366, -0.35645145, -0.45101014, 0.4187656, 0.44981116, -0.21473987, -0.84227437, 0.49727532, -0.7417675, -0.94624496, -0.6897141, 0.33378556, 0.36067227, 0.6235188, 0.69616205, 0.43231115, 0.47528902, -0.7899993, -0.6316191, -0.21734557, -0.8917851, 0.85081077, -0.42290995, 0.6557933, -0.92630863, 0.07677642, 0.2853489, 0.2194689, 0.32880348, 0.7287136, 0.85273015, 0.4744541, -0.9322829, -0.27817303, 0.7499886, -0.04829649, 0.3530329, -0.56443244, 0.6406314, 0.13664411, 0.88712525, -0.9802461, -0.28892776, 0.5143816, -0.3172707, -0.054542534, 0.48779917, -0.90490836, 0.84340835, -0.38624278, 0.10915249, -0.775077, -0.13323498, 0.11524776, -0.35946307, -0.58725965, -0.1370293, -0.9309439, -0.50814885, 0.52221507, -0.14110176, -0.25469536, -0.16703294, -0.9664911, 0.7074236, 0.89074516, 0.027670538, 0.9215961, 0.12773588, 0.23760773, 0.5450242, -0.39089006, -0.8610558, -0.2698842, -0.90271145, 0.5185146, 0.88875306, -0.9120594, 0.35098794, 0.38219833, 0.30352342, -0.10430533, 0.18302268, -0.1124499, 0.62104, 0.63252026, 0.13196564, -0.7168171, 0.46043497, 0.6403878, 0.07925156, 0.704952, 0.41233763, 0.24958506, -0.28682667, -0.05288964, 0.92006224, 0.322302, 0.5101717, -0.38922918, -0.19494388, -0.4548543, -0.26674464, 0.48669127, -0.7118598, 0.42644763, -0.3638303, 0.23920326, 0.5494599, 0.94313216, -0.9028229, 0.5190144, 0.76760834, 0.3459192, -0.0940441, 0.55882615, -0.041926138, 0.69413, 0.0692739, 0.23275867, -0.5629633, -0.7512076, 0.098792, -0.3290476, -0.44161037, 0.47180608, 0.2801114, -0.8961398, 0.5037733, -0.7282355, 0.43831187, 0.12195981, 0.37834746, 0.3768821, 0.84336674, -0.23556158, 0.15820312, 0.41399428, -0.7971471, 0.82845676, 0.790345, 0.17535034, 0.11532665, 0.082595736, -0.49371573, 0.2164834, -0.24207841, -0.13583755, 0.037220865, 0.5058925, 0.44235697, 0.5695442, 0.16408515, -0.88401544, 0.68089354, 0.9491701, -0.6557135, 0.12685981, 0.85080814, -0.8479303, 0.28270888, 0.30319273, 0.34966475, -0.065895565, -0.101977885, 0.19871733, 0.0014237908, 0.6227928, 0.47362635, -0.36952627, 0.7169949, -0.94011116, -0.116995536, -0.48941204, 0.92583925, -0.8565376, 0.46631917, 0.026749609, 0.47510886, -0.8487698, 0.70205766, -0.75133497, 0.7488049, -0.6663161, 0.316822, -0.4638135, -0.2980498, 0.7359587, -0.037060473, 0.8254442, 0.72106785, 0.7544306, -0.5247176, 0.22596508, 0.5159657, 0.607104, -0.9371902, -0.76710004, 0.4632046, -0.7227634, 0.38336775, -0.6668617, -0.9539786, 0.10860844, -0.39059773, -0.6863903, 0.41414136, -0.78062177, 0.84641796, -0.5107062, -0.16463074, -0.12538868, -0.7290721, -0.43965602, 0.05253236, -0.4426084, 0.69840276, -0.8030446, -0.07935346, 0.30599588, -0.63447917, -0.75962055, 0.8364768, 0.27950636, 0.007871883, -0.8140491, 0.7256608, -0.86775064, 0.22360295, -0.6955853, 0.9188913, -0.63993, 0.21750537, 0.31865388, 0.17802419, 0.43252096, 0.5713764, -0.024078198, 0.7334658, -0.13724013, 0.14361383, -0.3241747, -0.5113287, 0.54635346, 0.8593463, -0.48585716, 0.514067, -0.6156471, 0.9488026, -0.75555027, 0.031018455, -0.11872746, -0.4111359, 0.67101496, 0.6643695, -0.9766303, 0.73685247, 0.72545075, -0.8750464, 0.9625912, 0.7753335, 0.2869642, -0.8464193, 0.85678446, 0.45298424, -0.9716099, -0.06215682, -0.874046, 0.42511675, -0.9075206, -0.7016658, -0.70305204, -0.025528142, -0.035975426, 0.086209185, 0.578915, -0.22441581, -0.97273856, 0.41265705, -0.39744908, 0.29142222, 0.71835965, -0.20367517, -0.25333288, 0.35592893, -0.9705524, 0.43418851, -0.74730724, -0.6200697, 0.65429866, 0.5635924, -0.21314481, -0.36952388, -0.8748394, 0.828051, 0.99197376, -0.67670566, 0.78162104, -0.5269269, 0.7365227, -0.1844303, 0.19660616, 0.884482, -0.65203923, -0.87848145, 0.3010584, 0.9405016, -0.52514976, -0.5805275, 0.41991168, 0.34863746, -0.4926882, -0.34493223, -0.20772876, -0.58817434, -0.032854356, -0.74916583, 0.7065705, -0.2585554, -0.7035637, -0.3378955, -0.209291, -0.44707087, -0.75115603, -0.617692, 0.15285246, -0.30689973, 0.37501833, -0.85065323, 0.33895358, 0.048542257, -0.48521665, 0.246231, -0.23557791, 0.31173557, 0.20067744, -0.6081945, 0.6215344, 0.7841507, 0.29334617, -0.05265965, -0.21726553, 0.94100046, -0.46864134, -0.6942141, -0.57790905, 0.8119048, 0.73528457, -0.31076303, -0.08765046, -0.70827913, -0.08619123, -0.88216525, -0.6041346, -0.3810739, -0.11530413, -0.13442513, -0.4149414, -0.5957935, 0.9114473, 0.2310665, 0.90151197, -0.39826927, -0.28147405, -0.6629779, -0.22040537, -0.009275858, 0.7314556, 0.73827994, 0.45136613, -0.40866834, 0.596622, 0.2498145, -0.73629636, 0.58091766, 0.061054625, -0.5806431, 0.30457136, -0.63601243, 0.75596184, 0.84225166, 0.5566621, 0.8414693, -0.8812203, -0.5945064, -0.1838208, -0.6550461, 0.398076, -0.35830444, -0.9163366, 0.090838455, -0.7425073, 0.46169525, 0.5820459, -0.14070049, 0.96369505, -0.8708294, -0.2782401, -0.06414111, 0.012369554, -0.35323688, -0.9444835, -0.17576902, -0.3385584, -0.2992951, -0.4640993, 0.2085849, 0.23347405, -0.45374587, -0.90239227, 0.63829213, 0.6198429, 0.32860276, -0.4211542, -0.0076343087, -0.12749591, -0.010912122, 0.24151018, -0.97696394, 0.20166701, 0.70358855, -0.2821945, -0.868322, 0.8396195, 0.9309109, 0.28882483, 0.7673257, 0.43306875, 0.84354746, -0.51084334, 0.044641964, 0.28929335, 0.47544158, -0.10946875, -0.69330114, 0.5956258, -0.76191485, 0.018710706, 0.8710015, -0.688003, 0.25408566, 0.25074816, -0.53759706, 0.23738746, -0.66945595, 0.750187, 0.6248462, -0.78852123, -0.55271226]","[7.0, 0.0, -18.0, -7.0, -2.0, -9.0, 6.0, -12.0, -20.0, -11.0, -2.0, 22.0, 5.0, 0.0, -12.0, -1.0, -4.0, 1.0, -10.0, 0.0, -26.0, 5.0, 0.0, 1.0, -7.0, -14.0, -6.0, -24.0, -5.0, -20.0, -14.0, 7.0, 0.0, 14.0, -2.0, -11.0, -8.0, -12.0, 3.0, 1.0, 3.0, 14.0, -8.0, -6.0, -16.0, 11.0, -6.0, -9.0, 1.0, -5.0, -5.0, -3.0, 6.0, 3.0, -17.0, -11.0, -9.0, 13.0, 5.0, 4.0, -11.0, 2.0, -18.0, 5.0, -5.0, -1.0, -3.0, -8.0, 1.0, -2.0, -21.0, 17.0, -10.0, -19.0, -22.0, -6.0, -4.0, -12.0, -2.0, -10.0, 16.0, -10.0, 7.0, -23.0, -10.0, -11.0, 2.0, 8.0, -8.0, -6.0, -1.0, -18.0, -4.0, -4.0, 4.0, -8.0, -15.0, -5.0, -7.0, -5.0, -13.0, 1.0, -6.0, -3.0, 7.0, -19.0, 13.0, -14.0, -10.0, -13.0, -11.0, 5.0, 2.0, 2.0, 4.0, -14.0, -7.0, 4.0, -7.0, -11.0, -14.0, 4.0, 4.0, -13.0, -22.0, -16.0, -13.0, -3.0, -6.0, -1.0, -1.0, 6.0, 1.0, -5.0, -2.0, 0.0, -13.0, -14.0, -9.0, -9.0, 14.0, -10.0, -3.0, -10.0, 2.0, -10.0, -7.0, -7.0, -10.0, 9.0, -10.0, -17.0, -15.0, 0.0, 9.0, -4.0, -18.0, -6.0, 4.0, -3.0, -7.0, -6.0, -8.0, 8.0, -8.0, 0.0, 13.0, -16.0, -9.0, 0.0, -6.0, -4.0, -5.0, -24.0, -30.0, -10.0, -32.0, -5.0, 10.0, -25.0, -21.0, -5.0, -16.0, -9.0, -10.0, -15.0, 6.0, -4.0, -21.0, 12.0, -9.0, -1.0, 4.0, -4.0, -10.0, -1.0, -1.0, -11.0, -10.0, -6.0, -17.0, -3.0, -5.0, 6.0, -7.0, 2.0, -6.0, -3.0, -7.0, 9.0, -15.0, 0.0, -5.0, 2.0, -11.0, -11.0, -3.0, -9.0, -7.0, -1.0, -9.0, 5.0, -1.0, 0.0, -7.0, -5.0, -28.0, 4.0, -13.0, -3.0, 20.0, -7.0, -20.0, 1.0, -11.0, 1.0, -3.0, -7.0, -16.0, -11.0, 6.0, 8.0, -2.0, 11.0, 9.0, 2.0, 2.0, -18.0, -17.0, -10.0, -10.0, -6.0, 11.0, -8.0, -7.0, 2.0, 6.0, -9.0, -7.0, -3.0, -6.0, -14.0, -21.0, -1.0, -5.0, -14.0, -10.0, -27.0, -13.0, 1.0, 5.0, 0.0, -6.0, 9.0, -5.0, -4.0, -16.0, 1.0, -8.0, 6.0, -2.0, -6.0, -10.0, -1.0, 8.0, -6.0, 7.0, -5.0, 7.0, -1.0, 4.0, 10.0, 3.0, -15.0, 3.0, 4.0, 7.0, -6.0, 4.0, 2.0, -10.0, 0.0, -14.0, 9.0, 1.0, -6.0, -14.0, -6.0, -4.0, -11.0, 11.0, -8.0, 0.0, 5.0, -9.0, 0.0, -9.0, -1.0, 10.0, -10.0, -19.0, -21.0, -7.0, 7.0, 1.0, -10.0, -7.0, -3.0, 1.0, 0.0, 2.0, 8.0, -19.0, -9.0, -7.0, -15.0, -12.0, -5.0, -4.0, -33.0, 5.0, 5.0, -5.0, -16.0, -16.0, -4.0, -10.0, 4.0, -19.0, 5.0, -15.0, -4.0, 1.0, -6.0, -19.0, -23.0, 5.0, 8.0, -20.0, -13.0, 4.0, 6.0, -11.0, -5.0, -3.0, -7.0, -12.0, -3.0, 2.0, -17.0, -17.0, -10.0, -2.0, -17.0, -5.0, -16.0, 24.0, 14.0, -6.0, -18.0, -3.0, -2.0, 0.0, -1.0, 0.0, -16.0, -10.0, 1.0, -10.0, -25.0, -6.0, 2.0, -6.0, -13.0, 2.0, 29.0, 2.0, -4.0, -6.0, -5.0, -6.0, 7.0, -7.0, -6.0, 0.0, -4.0, -23.0, -33.0, 9.0, -10.0, -6.0, 2.0, -4.0, 5.0, -2.0, -6.0, -13.0, -11.0, -20.0, -1.0, 7.0, -14.0, -3.0, 20.0, 4.0, -19.0, 3.0, -20.0, -7.0, -10.0, -9.0, 8.0, 10.0, 4.0, -6.0, -6.0, 9.0, -7.0, 10.0, 7.0, -6.0, -5.0, -8.0, 4.0, -2.0, -35.0, 11.0, -15.0, -5.0, -4.0, -5.0, -2.0, -2.0, -21.0, -9.0, -5.0, -2.0, -11.0, -5.0, 2.0, 4.0, -16.0, -7.0, -16.0, -4.0, -12.0, 18.0, 2.0, -13.0, -10.0, -14.0, -1.0, -23.0, -15.0, -4.0, -5.0, -18.0, -4.0, 6.0, -12.0, -9.0, -4.0, -6.0, -20.0, 13.0, 3.0, -13.0, -6.0, 0.0, 3.0, 14.0, -6.0, -10.0, 2.0, -4.0, -7.0, -18.0, 9.0, -6.0, -27.0]",-54.9285266055146,0.0,0.0,0,0.0031518936157226562
70,"[0.9134502, -0.82661635, -0.75353944, -0.62688285, 0.59536755, -0.5404644, -0.105430454, -0.38958257, -0.14986923, -0.47697264, 0.18761176, 0.48540184, 0.6338913, -0.6891683, 0.17292006, -0.22509132, -0.07152158, 0.90939826, -0.21652822, -0.76344466, 0.5005748, 0.05776296, 0.913938, -0.65363944, 0.9605903, 0.71757805, 0.5262672, -0.64130366, 0.9292184, 0.36485168, 0.058554247, 0.5362338, 0.8911654, -0.6082661, -0.913464, -0.7146631, 0.5085375, 0.32249245, -0.81923354, 0.6049867, -0.580372, 0.08264437, -0.33378625, -0.23642199, -0.6071605, -0.41870338, 0.018027602, 0.009114438, 0.8749633, 0.94418365, 0.13166407, 0.1993051, -0.49115178, 0.41511977, 0.71549493, 0.17862101, 0.31683335, -0.7604441, -0.9056811, 0.8002205, -0.846956, 0.021133084, 0.4826699, 0.944502, -0.98060715, 0.10416262, -0.15737645, 0.9285988, -0.5537434, 0.80478185, 0.21236865, 0.75329155, -0.74014974, 0.3556855, -0.4032575, -0.37160724, -0.64213544, 0.5283636, 0.64809513, 0.93986845, -0.36995435, 0.30708236, 0.6723362, 0.9734041, 0.5596912, -0.69421875, 0.93511945, -0.513337, 0.5761665, 0.2772437, -0.2725996, -0.5687125, 0.13089539, -0.2093374, -0.035845004, 0.5966631, 0.4209541, -0.56854945, -0.3001495, -0.31162134, 0.7453392, 0.98791385, -0.81260306, 0.9032888, 0.34907362, -0.9536722, 0.2731863, 0.1091012, -0.15121423, -0.1698834, -0.17399192, 0.32745463, -0.4009652, 0.96792346, -0.5425362, -0.67433506, -0.15509498, 0.7593047, -0.71674174, 0.93050545, -0.19186851, 0.16342394, 0.6426791, -0.87445694, -0.6221953, -0.86977303, -0.09175636, -0.60342306, -0.39560184, -0.38525233, -0.12710778, -0.79671437, 0.8435458, 0.18716072, 0.029423725, -0.08771999, -0.4885451, 0.40272942, -0.7653183, 0.3408256, -0.7922537, 0.90049314, 0.21125716, 0.7159941, 0.37858286, 0.59562206, 0.94375646, -0.39525658, 0.010329343, -0.35285857, 0.26492512, -0.813133, -0.7380981, 0.7296803, -0.3575864, -0.14661214, 0.59754676, -0.8271285, -0.08516421, -0.41910577, -0.31357107, -0.4331702, -0.020240633, -0.9805722, 0.7705657, 0.9368608, -0.63123465, -0.35666293, -0.48662737, 0.9221001, 0.83299667, 0.48422298, -0.6136387, 0.9693308, -0.28312352, -0.3818889, 0.432889, 0.17867428, -0.63887477, 0.45916364, -0.2433121, -0.44445905, -0.024158692, -0.25952137, -0.41870412, -0.534521, 0.7279939, 0.6979486, 0.38016915, -0.28250045, 0.2886624, -0.95298064, 0.104818426, 0.44531018, 0.24926469, 0.07700883, 0.7953836, -0.3572983, -0.6227362, -0.41121963, -0.60198265, -0.97335625, -0.81081086, -0.33092168, -0.9321731, -0.19285215, -0.008475759, 0.9137831, 0.4079627, 0.07291036, 0.9105814, 0.33175945, -0.8456563, -0.49679238, -0.9401464, 0.5639268, -0.58735996, -0.2786851, 0.5132587, -0.35772112, -0.4985584, 0.33618608, 0.16179048, -0.44804358, -0.68307924, -0.10033571, -0.24408515, -0.11381981, -0.114747174, 0.048056852, 0.8648849, -0.99032307, -0.6822075, 0.54415876, 0.92760414, -0.4432142, -0.93947357, -0.40783468, -0.97963864, 0.8810018, -0.71024936, 0.04055486, -0.20686656, -0.56704557, -0.37224844, 0.8919509, -0.9518838, -0.124143615, 0.05450544, 0.75942665, 0.32915533, 0.43471003, 0.399584, 0.12588458, 0.523447, -0.368308, -0.16406578, -0.43019122, -0.9245352, 0.081015214, 0.32519665, 0.9773334, -0.60759306, -0.8177349, 0.17045702, -0.784812, -0.75369227, -0.023996051, 0.46682003, -0.2982409, -0.6800145, 0.073016286, -0.42775887, -0.1841813, 0.7276182, -0.25567272, -0.46946773, 0.7914525, -0.16856404, 0.719687, 0.27830842, -0.2689539, 0.7866597, 0.4597646, 0.39764044, -0.5177508, -0.36975542, -0.27919996, -0.9899014, 0.19368413, -0.52582717, 0.3018358, -0.9478143, 0.70777005, 0.86949956, 0.8322676, -0.44738713, -0.8222114, 0.1605305, -0.9512736, -0.03341186, -0.475731, -0.563644, 0.7869358, 0.7522363, 0.38822678, 0.06640847, 0.8977355, 0.12141962, -0.88348997, 0.9220062, -0.32425147, -0.96118534, 0.6605411, -0.28588137, 0.9854559, 0.22808883, 0.15400937, -0.564498, 0.75917333, -0.2405808, 0.32187822, 0.32245225, 0.8399963, -0.175291, -0.3195928, -0.69560367, 0.4459577, 0.8364256, -0.25621176, 0.6848456, 0.124577925, -0.06501784, 0.08935749, 0.18075612, -0.5090431, 0.20695122, -0.45540664, -0.40438014, -0.39670864, 0.32063842, 0.81013906, 0.61336905, 0.61711013, -0.61380225, -0.58909273, -0.68656415, -0.6261597, 0.0071798684, -0.76934725, -0.34418243, -0.4546148, -0.10375468, 0.6276633, 0.28970695, 0.73329115, 0.29839706, 0.22197025, -0.039460476, 0.3695577, -0.79265285, -0.60694194, 0.847309, -0.21725021, 0.29839236, -0.8670738, -0.024078451, 0.26479802, 0.34588513, 0.62218326, 0.28873053, 0.5808807, -0.56033593, -0.28276742, 0.40895078, 0.5129435, -0.779511, -0.78947717, -0.76812655, 0.21839665, -0.9762946, 0.9107534, -0.9455771, 0.26583076, -0.3265587, 0.47254303, -0.48518664, -0.536109, 0.8695919, -0.7988371, 0.1683473, 0.15819436, 0.41285202, 0.22459869, -0.36959982, -0.27657717, 0.9509086, 0.15312663, -0.43857926, 0.95152843, 0.6393386, 0.23420466, 0.32465473, -0.6445562, -0.8770506, 0.2207073, -0.84014934, 0.5855681, 0.71719915, 0.18563606, -0.3740048, 0.5120703, 0.22094853, 0.4099831, 0.90481347, -0.58559823, 0.88116914, -0.582803, -0.81352353, 0.08682329, 0.418151, -0.5601199, 0.19487515, 0.16340654, -0.14781974, -0.5686485, 0.7750072, -0.00438565, -0.33194077, -0.4248611, -0.5211571, -0.68022716, 0.67548984, -0.4361849, 0.55345595, 0.518905, -0.49039516, -0.45458937, -0.10274215, 0.9113713, 0.45879117, 0.18998799, -0.37433532, 0.35572648, 0.055063397, 0.7460891, -0.0585848, -0.0041437387, 0.4482081, -0.28000802, -0.14954229, 0.3253991, 0.66831666, 0.56899154, -0.11026329, -0.13904284, 0.871604, -0.7283359, 0.9371106, 0.39453936, 0.10760014, 0.21570967, 0.46688905, 0.30906263, -0.92081696, 0.157287, 0.41124693, -0.0128774, 0.1554239, 0.3873829, 0.77044046, -0.65749, -0.08005197, -0.2845236, 0.06663994, 0.7857416, -0.079809435, -0.44901657, 0.4946474, -0.72992593, 0.4902881, 0.89450425, 0.48782572, -0.41219506, 0.62871647, -0.19558987, -0.5539557, -0.95351905, -0.4136222, -0.62895805, -0.5058872, -0.6618038, -0.7345953, -0.24994892, -0.07693643, 0.29434198, 0.01853774, 0.027135178, 0.46514934, 0.29240802]","[7.0, 0.0, -18.0, -7.0, -2.0, -9.0, 6.0, -12.0, -20.0, -11.0, -2.0, 22.0, 5.0, 0.0, -12.0, -1.0, -4.0, 1.0, -10.0, 0.0, -26.0, 5.0, 0.0, 1.0, -7.0, -14.0, -6.0, -24.0, -5.0, -20.0, -14.0, 7.0, 0.0, 14.0, -2.0, -11.0, -8.0, -12.0, 3.0, 1.0, 3.0, 14.0, -8.0, -6.0, -16.0, 11.0, -6.0, -9.0, 1.0, -5.0, -5.0, -3.0, 6.0, 3.0, -17.0, -11.0, -9.0, 13.0, 5.0, 4.0, -11.0, 2.0, -18.0, 5.0, -5.0, -1.0, -3.0, -8.0, 1.0, -2.0, -21.0, 17.0, -10.0, -19.0, -22.0, -6.0, -4.0, -12.0, -2.0, -10.0, 16.0, -10.0, 7.0, -23.0, -10.0, -11.0, 2.0, 8.0, -8.0, -6.0, -1.0, -18.0, -4.0, -4.0, 4.0, -8.0, -15.0, -5.0, -7.0, -5.0, -13.0, 1.0, -6.0, -3.0, 7.0, -19.0, 13.0, -14.0, -10.0, -13.0, -11.0, 5.0, 2.0, 2.0, 4.0, -14.0, -7.0, 4.0, -7.0, -11.0, -14.0, 4.0, 4.0, -13.0, -22.0, -16.0, -13.0, -3.0, -6.0, -1.0, -1.0, 6.0, 1.0, -5.0, -2.0, 0.0, -13.0, -14.0, -9.0, -9.0, 14.0, -10.0, -3.0, -10.0, 2.0, -10.0, -7.0, -7.0, -10.0, 9.0, -10.0, -17.0, -15.0, 0.0, 9.0, -4.0, -18.0, -6.0, 4.0, -3.0, -7.0, -6.0, -8.0, 8.0, -8.0, 0.0, 13.0, -16.0, -9.0, 0.0, -6.0, -4.0, -5.0, -24.0, -30.0, -10.0, -32.0, -5.0, 10.0, -25.0, -21.0, -5.0, -16.0, -9.0, -10.0, -15.0, 6.0, -4.0, -21.0, 12.0, -9.0, -1.0, 4.0, -4.0, -10.0, -1.0, -1.0, -11.0, -10.0, -6.0, -17.0, -3.0, -5.0, 6.0, -7.0, 2.0, -6.0, -3.0, -7.0, 9.0, -15.0, 0.0, -5.0, 2.0, -11.0, -11.0, -3.0, -9.0, -7.0, -1.0, -9.0, 5.0, -1.0, 0.0, -7.0, -5.0, -28.0, 4.0, -13.0, -3.0, 20.0, -7.0, -20.0, 1.0, -11.0, 1.0, -3.0, -7.0, -16.0, -11.0, 6.0, 8.0, -2.0, 11.0, 9.0, 2.0, 2.0, -18.0, -17.0, -10.0, -10.0, -6.0, 11.0, -8.0, -7.0, 2.0, 6.0, -9.0, -7.0, -3.0, -6.0, -14.0, -21.0, -1.0, -5.0, -14.0, -10.0, -27.0, -13.0, 1.0, 5.0, 0.0, -6.0, 9.0, -5.0, -4.0, -16.0, 1.0, -8.0, 6.0, -2.0, -6.0, -10.0, -1.0, 8.0, -6.0, 7.0, -5.0, 7.0, -1.0, 4.0, 10.0, 3.0, -15.0, 3.0, 4.0, 7.0, -6.0, 4.0, 2.0, -10.0, 0.0, -14.0, 9.0, 1.0, -6.0, -14.0, -6.0, -4.0, -11.0, 11.0, -8.0, 0.0, 5.0, -9.0, 0.0, -9.0, -1.0, 10.0, -10.0, -19.0, -21.0, -7.0, 7.0, 1.0, -10.0, -7.0, -3.0, 1.0, 0.0, 2.0, 8.0, -19.0, -9.0, -7.0, -15.0, -12.0, -5.0, -4.0, -33.0, 5.0, 5.0, -5.0, -16.0, -16.0, -4.0, -10.0, 4.0, -19.0, 5.0, -15.0, -4.0, 1.0, -6.0, -19.0, -23.0, 5.0, 8.0, -20.0, -13.0, 4.0, 6.0, -11.0, -5.0, -3.0, -7.0, -12.0, -3.0, 2.0, -17.0, -17.0, -10.0, -2.0, -17.0, -5.0, -16.0, 24.0, 14.0, -6.0, -18.0, -3.0, -2.0, 0.0, -1.0, 0.0, -16.0, -10.0, 1.0, -10.0, -25.0, -6.0, 2.0, -6.0, -13.0, 2.0, 29.0, 2.0, -4.0, -6.0, -5.0, -6.0, 7.0, -7.0, -6.0, 0.0, -4.0, -23.0, -33.0, 9.0, -10.0, -6.0, 2.0, -4.0, 5.0, -2.0, -6.0, -13.0, -11.0, -20.0, -1.0, 7.0, -14.0, -3.0, 20.0, 4.0, -19.0, 3.0, -20.0, -7.0, -10.0, -9.0, 8.0, 10.0, 4.0, -6.0, -6.0, 9.0, -7.0, 10.0, 7.0, -6.0, -5.0, -8.0, 4.0, -2.0, -35.0, 11.0, -15.0, -5.0, -4.0, -5.0, -2.0, -2.0, -21.0, -9.0, -5.0, -2.0, -11.0, -5.0, 2.0, 4.0, -16.0, -7.0, -16.0, -4.0, -12.0, 18.0, 2.0, -13.0, -10.0, -14.0, -1.0, -23.0, -15.0, -4.0, -5.0, -18.0, -4.0, 6.0, -12.0, -9.0, -4.0, -6.0, -20.0, 13.0, 3.0, -13.0, -6.0, 0.0, 3.0, 14.0, -6.0, -10.0, 2.0, -4.0, -7.0, -18.0, 9.0, -6.0, -27.0]",-54.9285266055146,0.0,0.0,0,0.003164529800415039
71,"[-0.53419876, 0.113522805, -0.18402576, -0.57992107, -0.6954451, 0.12535821, 0.5147832, 0.73775685, -0.35173875, 0.5565254, 0.12699327, 0.6457795, 0.6983776, 0.6540226, 0.80419344, 0.83099645, 0.83909506, 0.17450361, -0.8868938, -0.72345966, -0.588157, -0.65643066, 0.9102936, -0.6088322, -0.63315934, 0.45474455, -0.25644812, 0.7238913, -0.5188772, 0.47938263, 0.14551586, -0.7144713, -0.31955546, -0.049213447, -0.3150459, -0.58401376, -0.5074935, -0.4669419, 0.90593505, 0.19655609, 0.023574932, -0.32591745, 0.039162736, 0.92044777, -0.1187695, -0.72698194, -0.8408096, -0.76039195, 0.298592, 0.4001962, -0.43250367, -0.43412825, -0.2619519, 0.1960991, 0.6711828, 0.88785475, 0.12846974, -0.08328029, -0.37123764, 0.5047482, -0.37117803, -0.2202837, -0.8873631, 0.1359445, -0.80735123, -0.85645014, -0.9103236, -0.24833421, -0.7590658, 0.5456614, 0.64881605, -0.86582625, -0.43061996, -0.49532813, 0.10057371, 0.11914105, 0.86179805, 0.050875567, 0.7622326, 0.73220515, -0.44897074, 0.6875941, -0.34073412, -0.5189629, -0.0037312396, -0.41830263, -0.46776345, 0.89587677, 0.7187782, -0.4526657, 0.6212903, -0.48097843, -0.89731824, 0.76420045, -0.03636556, 0.36603042, 0.7111583, 0.36875919, 0.9403686, 0.31983343, 0.096364014, -0.1262102, 0.9480692, 0.32296476, -0.5601291, 0.83439904, 0.20994307, -0.16420078, -0.45559376, -0.8129333, -0.21285605, 0.102715544, 0.54535776, 0.2323394, 0.47222453, -0.55604726, 0.3593211, 0.01850057, -0.8228122, -0.608339, 0.32229373, 0.07450161, 0.36258096, -0.2635713, 0.8172891, 0.55691355, 0.38238978, -0.7398009, -0.14322023, 0.0896225, 0.036347445, 0.0337086, -0.076040395, 0.1636247, -0.7746667, -0.5853909, 0.7498643, 0.13399933, -0.034812644, 0.39239597, -0.5903375, -0.17533527, -0.28520858, -0.6522493, 0.8108118, 0.65699464, 0.984442, 0.67822677, 0.49548283, -0.42596918, -0.21791908, -0.07567276, 0.78222686, 0.10997387, -0.80185586, 0.68545926, -0.054807637, -0.41262946, 0.98695976, -0.4090743, 0.25206327, -0.6801685, -0.9453193, 0.68706346, 0.18754925, 0.4227454, 0.8325718, 0.11976352, 0.052767582, 0.7992039, 0.7836134, 0.3713623, 0.13064966, -0.310949, 0.3529847, -0.44108957, -0.31578577, -0.45206192, 0.18756889, -0.35531673, 0.12900671, -0.6029251, 0.12740184, -0.0023696641, 0.35040286, 0.8040081, -0.6945427, 0.96604717, -0.42283738, -0.5106412, 0.79207224, 0.77633554, -0.48582342, -0.11667817, -0.9508364, -0.24782133, 0.32770014, 0.4218685, -0.90189236, -0.21677256, -0.8557072, -0.9255955, 0.08634599, 0.8340892, 0.3526543, 0.5533423, 0.9017941, -0.9779958, -0.48930296, -0.760651, 0.10634966, -0.57645476, 0.24791692, 0.95539004, 0.3655177, -0.60830075, -0.7521539, -0.43679127, 0.5277056, -0.17924806, -0.06961569, -0.69562745, 0.00097615324, -0.967551, -0.7522723, 0.60925174, -0.622578, -0.7014809, -0.34914252, 0.14964776, -0.3400476, -0.9787326, -0.5101227, -0.97212505, -0.17464437, -0.5705249, 0.5983526, -0.6621627, 0.6746552, -0.873243, -0.25926095, 0.97800434, 0.25655288, 0.88538456, -0.24521674, -0.74559665, -0.80811554, 0.20815599, -0.08134569, -0.81460136, 0.389619, 0.9205964, 0.45757604, -0.46668375, 0.4635968, -0.76167005, 0.17850532, -0.55045, -0.23751588, -0.78707284, 0.40187666, -0.5533881, 0.94470155, -0.04423084, -0.5718533, 0.71667933, 0.9615136, -0.34997344, 0.107190475, -0.43089062, 0.8462275, -0.561993, -0.6282824, 0.018393517, -0.02685413, -0.6275618, -0.37308392, 0.16847758, -0.6271802, -0.5054024, 0.84215075, -0.559253, 0.2849134, -0.8158573, 0.08058438, 0.48235518, 0.4096347, -0.31170872, 0.44234625, 0.987395, 0.74426454, -0.6041514, 0.11800654, 0.3255511, -0.34444097, -0.25598836, 0.058471136, -0.27950582, 0.28406775, -0.4863665, 0.6068708, -0.07671687, 0.6001777, 0.75642604, 0.5520956, 0.59038574, 0.36997235, -0.28925937, -0.8734571, -0.05456436, -0.11522139, -0.19728899, -0.24486956, -0.1955858, 0.009044639, -0.10978539, -0.36033264, -0.81341165, 0.857369, -0.3613637, 0.5590327, 0.5912891, -0.3562528, 0.9971562, 0.9047026, -0.13909417, 0.84428006, 0.054325238, 0.6865068, -0.6592602, -0.68343943, 0.41266915, 0.3754782, 0.013010556, 0.012471701, -0.05367492, -0.3337648, -0.7030399, 0.08363269, -0.7041011, 0.20681812, 0.73968875, -0.21637242, -0.8117988, -0.10025952, -0.37612885, -0.9607145, -0.23386325, 0.68391895, 0.23670967, 0.9435155, -0.6394126, 0.123279005, 0.49408764, -0.47288615, 0.15366378, 0.048496585, 0.5001752, 0.82702154, 0.70266324, 0.72476095, -0.8704975, -0.44899225, 0.43098035, -0.49220258, -0.3600108, -0.5991018, -0.2699813, -0.7020706, -0.8317598, -0.42107707, -0.99324816, -0.8765942, -0.8713934, 0.83391285, -0.23163979, -0.06638433, 0.2032729, 0.86453164, -0.3400733, 0.24937889, 0.5903719, 0.5731417, 0.98185813, -0.3844124, 0.40855274, -0.69561505, -0.26409614, -0.7266109, 0.6045214, 0.09780317, -0.032069422, 0.26389208, -0.87977594, -0.05639155, 0.11498223, -0.07660832, -0.92608654, 0.7275867, -0.8022074, -0.26208082, 0.7423319, -0.28488806, 0.8066517, -0.41293162, 0.16124529, 0.77839744, -0.6139692, -0.21055515, 0.784468, -0.7769232, -0.5177254, 0.5855035, -0.9887027, 0.8079168, -0.95785457, 0.5314357, -0.6737504, -0.081516266, 0.94924825, 0.13250953, -0.741851, 0.60016793, 0.5068096, 0.48365992, 0.9909953, -0.48634973, 0.82060766, 0.76210135, 0.6011843, 0.31761998, -0.29273656, 0.72438854, 0.7439894, -0.04537237, -0.33965242, 0.3139032, 0.5064294, -0.61789745, 0.13590574, 0.5170286, 0.87737596, -0.28397548, 0.42593548, 0.4653181, 0.35300773, -0.014849308, -0.2002495, -0.5820303, -0.064171314, -0.9739104, 0.9217502, -0.8941421, 0.022128943, -0.3722787, 0.78600776, -0.060651224, 0.6091429, 0.30775398, -0.62051797, -0.47183532, 0.19185378, -0.36304247, -0.5640001, -0.5717797, -0.66159904, -0.9313058, 0.8814898, -0.491822, 0.14309336, -0.50839394, -0.22591904, 0.29406798, -0.9136852, 0.6564922, -0.7494822, 0.55333894, 0.35209343, 0.114472985, -0.08405654, -0.7513359, 0.85931987, 0.34271973, -0.7300105, 0.051614136, -0.6213625, -0.44277278, 0.9900515, 0.1886893, 0.6791724, 0.6640809, -0.7473339, 0.36172864, -0.21675272, 0.4883755, 0.5002966, -0.45494437, 0.15117739, 0.78667957, 0.0048453007]","[7.0, 0.0, -18.0, -7.0, -2.0, -9.0, 6.0, -12.0, -20.0, -11.0, -2.0, 22.0, 5.0, 0.0, -12.0, -1.0, -4.0, 1.0, -10.0, 0.0, -26.0, 5.0, 0.0, 1.0, -7.0, -14.0, -6.0, -24.0, -5.0, -20.0, -14.0, 7.0, 0.0, 14.0, -2.0, -11.0, -8.0, -12.0, 3.0, 1.0, 3.0, 14.0, -8.0, -6.0, -16.0, 11.0, -6.0, -9.0, 1.0, -5.0, -5.0, -3.0, 6.0, 3.0, -17.0, -11.0, -9.0, 13.0, 5.0, 4.0, -11.0, 2.0, -18.0, 5.0, -5.0, -1.0, -3.0, -8.0, 1.0, -2.0, -21.0, 17.0, -10.0, -19.0, -22.0, -6.0, -4.0, -12.0, -2.0, -10.0, 16.0, -10.0, 7.0, -23.0, -10.0, -11.0, 2.0, 8.0, -8.0, -6.0, -1.0, -18.0, -4.0, -4.0, 4.0, -8.0, -15.0, -5.0, -7.0, -5.0, -13.0, 1.0, -6.0, -3.0, 7.0, -19.0, 13.0, -14.0, -10.0, -13.0, -11.0, 5.0, 2.0, 2.0, 4.0, -14.0, -7.0, 4.0, -7.0, -11.0, -14.0, 4.0, 4.0, -13.0, -22.0, -16.0, -13.0, -3.0, -6.0, -1.0, -1.0, 6.0, 1.0, -5.0, -2.0, 0.0, -13.0, -14.0, -9.0, -9.0, 14.0, -10.0, -3.0, -10.0, 2.0, -10.0, -7.0, -7.0, -10.0, 9.0, -10.0, -17.0, -15.0, 0.0, 9.0, -4.0, -18.0, -6.0, 4.0, -3.0, -7.0, -6.0, -8.0, 8.0, -8.0, 0.0, 13.0, -16.0, -9.0, 0.0, -6.0, -4.0, -5.0, -24.0, -30.0, -10.0, -32.0, -5.0, 10.0, -25.0, -21.0, -5.0, -16.0, -9.0, -10.0, -15.0, 6.0, -4.0, -21.0, 12.0, -9.0, -1.0, 4.0, -4.0, -10.0, -1.0, -1.0, -11.0, -10.0, -6.0, -17.0, -3.0, -5.0, 6.0, -7.0, 2.0, -6.0, -3.0, -7.0, 9.0, -15.0, 0.0, -5.0, 2.0, -11.0, -11.0, -3.0, -9.0, -7.0, -1.0, -9.0, 5.0, -1.0, 0.0, -7.0, -5.0, -28.0, 4.0, -13.0, -3.0, 20.0, -7.0, -20.0, 1.0, -11.0, 1.0, -3.0, -7.0, -16.0, -11.0, 6.0, 8.0, -2.0, 11.0, 9.0, 2.0, 2.0, -18.0, -17.0, -10.0, -10.0, -6.0, 11.0, -8.0, -7.0, 2.0, 6.0, -9.0, -7.0, -3.0, -6.0, -14.0, -21.0, -1.0, -5.0, -14.0, -10.0, -27.0, -13.0, 1.0, 5.0, 0.0, -6.0, 9.0, -5.0, -4.0, -16.0, 1.0, -8.0, 6.0, -2.0, -6.0, -10.0, -1.0, 8.0, -6.0, 7.0, -5.0, 7.0, -1.0, 4.0, 10.0, 3.0, -15.0, 3.0, 4.0, 7.0, -6.0, 4.0, 2.0, -10.0, 0.0, -14.0, 9.0, 1.0, -6.0, -14.0, -6.0, -4.0, -11.0, 11.0, -8.0, 0.0, 5.0, -9.0, 0.0, -9.0, -1.0, 10.0, -10.0, -19.0, -21.0, -7.0, 7.0, 1.0, -10.0, -7.0, -3.0, 1.0, 0.0, 2.0, 8.0, -19.0, -9.0, -7.0, -15.0, -12.0, -5.0, -4.0, -33.0, 5.0, 5.0, -5.0, -16.0, -16.0, -4.0, -10.0, 4.0, -19.0, 5.0, -15.0, -4.0, 1.0, -6.0, -19.0, -23.0, 5.0, 8.0, -20.0, -13.0, 4.0, 6.0, -11.0, -5.0, -3.0, -7.0, -12.0, -3.0, 2.0, -17.0, -17.0, -10.0, -2.0, -17.0, -5.0, -16.0, 24.0, 14.0, -6.0, -18.0, -3.0, -2.0, 0.0, -1.0, 0.0, -16.0, -10.0, 1.0, -10.0, -25.0, -6.0, 2.0, -6.0, -13.0, 2.0, 29.0, 2.0, -4.0, -6.0, -5.0, -6.0, 7.0, -7.0, -6.0, 0.0, -4.0, -23.0, -33.0, 9.0, -10.0, -6.0, 2.0, -4.0, 5.0, -2.0, -6.0, -13.0, -11.0, -20.0, -1.0, 7.0, -14.0, -3.0, 20.0, 4.0, -19.0, 3.0, -20.0, -7.0, -10.0, -9.0, 8.0, 10.0, 4.0, -6.0, -6.0, 9.0, -7.0, 10.0, 7.0, -6.0, -5.0, -8.0, 4.0, -2.0, -35.0, 11.0, -15.0, -5.0, -4.0, -5.0, -2.0, -2.0, -21.0, -9.0, -5.0, -2.0, -11.0, -5.0, 2.0, 4.0, -16.0, -7.0, -16.0, -4.0, -12.0, 18.0, 2.0, -13.0, -10.0, -14.0, -1.0, -23.0, -15.0, -4.0, -5.0, -18.0, -4.0, 6.0, -12.0, -9.0, -4.0, -6.0, -20.0, 13.0, 3.0, -13.0, -6.0, 0.0, 3.0, 14.0, -6.0, -10.0, 2.0, -4.0, -7.0, -18.0, 9.0, -6.0, -27.0]",-54.9285266055146,0.0,0.0,0,0.003128528594970703
72,"[-0.73789024, -0.53272504, -0.03856032, -0.1789341, 0.81556195, 0.22426775, 0.8935307, 0.4446369, -0.03493269, -0.35742372, -0.078331724, -0.052417964, 0.06661322, 0.1046205, -0.5538603, 0.82354015, 0.18758354, 0.5461001, -0.7470214, 0.0038023095, -0.04068798, -0.6950435, -0.4990564, 0.652355, 0.782394, -0.35789317, -0.21449757, -0.49450728, 0.3204166, 0.63518196, 0.34985468, 0.40961918, 0.9260238, -0.1339289, 0.2525831, 0.5640909, 0.29619685, 0.3703635, -0.6348675, 0.5288027, 0.23802388, -0.2949269, 0.26892057, 0.9541236, 0.37650627, 0.113840915, -0.68236405, 0.32629052, -0.9190164, -0.12048074, 0.0699341, 0.9889772, 0.036298763, 0.6769774, 0.2477473, -0.69312984, -0.79162437, 0.94124997, -0.843298, -0.5275733, -0.41732204, 0.7884354, 0.47543094, -0.45499882, 0.25724715, -0.18687473, -0.4423367, -0.8623745, 0.80754334, 0.9870169, -0.49820343, 0.19453037, 0.8741899, -0.6294007, 0.22053538, 0.63644415, 0.78256446, -0.41843456, -0.60797566, -0.58866334, 0.59258157, -0.955055, -0.72371155, 0.07851908, 0.37612572, 0.960881, -0.966653, -0.43874502, -0.08023037, 0.34583145, 0.7973569, 0.5458171, -0.6203972, 0.61226195, -0.3337727, 0.26574424, -0.57670826, 0.88254553, 0.6377169, -0.5785984, -0.95184374, -0.7547945, 0.16501439, -0.31224087, -0.120535746, -0.53361976, -0.3490566, 0.48531243, 0.6920452, 0.41467625, -0.16700892, 0.039164037, -0.07862838, -0.8368614, -0.8581633, -0.44519815, 0.29642335, 0.50020355, 0.47478092, 0.66304934, -0.24832758, 0.53156275, -0.3529171, -0.60760045, -0.7886033, 0.8806801, 0.51974505, 0.8349361, 0.22720543, 0.9116823, -0.8085948, -0.5271276, 0.15123284, -0.27704084, 0.9793532, 0.13096964, -0.6426508, 0.09380136, 0.67859554, -0.1564095, -0.8043036, -0.02379105, 0.38674545, -0.30598882, -0.4589318, -0.27884766, -0.19139412, 0.20043245, 0.09903806, 0.4037757, -0.44692054, 0.89727473, -0.9019436, -0.08981625, -0.6819551, -0.8238458, 0.2647576, 0.32937688, 0.99932396, 0.47306293, 0.056266267, 0.23366204, -0.12294429, -0.31071672, 0.13939759, -0.5616895, 0.8811636, -0.14093488, -0.8665627, 0.36099494, 0.7677435, 0.064231366, 0.38220462, 0.67305714, 0.46256244, -0.9586254, 0.5513108, 0.89497316, -0.6199807, -0.8104196, 0.7349568, 0.96533316, -0.23499371, 0.8123516, -0.68924445, 0.56639177, 0.83857614, 0.09392979, 0.16376042, 0.11571432, 0.689114, 0.109421395, -0.5405849, 0.0046693874, 0.9077461, 0.8071943, 0.23119855, 0.57444966, -0.6660596, 0.20879516, 0.87328094, 0.82660717, -0.48968855, 0.63758594, 0.9808768, 0.88250154, -0.41966006, 0.30425578, -0.2171423, -0.13242882, -0.08189725, -0.31950912, -0.28439644, -0.7366289, 0.42101142, -0.47868347, 0.65344673, -0.38334253, 0.34205592, 0.22798875, 0.36751685, -0.92659336, 0.6513285, -0.041048218, 0.8136643, 0.02276367, -0.4453743, -0.15798433, -0.16049738, -0.8171626, 0.56976306, 0.12129392, 0.9754229, -0.833669, 0.84635776, -0.45428613, -0.33054727, -0.49526066, 0.953926, -0.50727373, 0.8958032, -0.8599251, -0.8194601, -0.82641524, 0.2048131, -0.7542642, -0.87064993, -0.8718151, 0.7689057, 0.75001556, -0.22382812, -0.1754943, -0.38666254, -0.27067974, 0.9386983, -0.51322526, 0.2831071, -0.9866102, 0.3724552, 0.4291783, 0.7694654, -0.3040485, 0.9346059, 0.115530044, 0.78668654, -0.21849802, 0.52956307, -0.25100946, 0.7474678, -0.86181504, 0.8364539, -0.4923445, 0.99617195, 0.68208003, 0.96266276, 0.98999864, -0.9439478, -0.034992136, 0.248642, 0.07874627, 0.34365433, -0.2647505, 0.6276154, -0.67487854, 0.38173285, -0.60639864, 0.9869879, 0.29400596, -0.008334499, -0.34446502, -0.3216244, -0.036526386, 0.3543067, 0.059315193, 0.023684893, 0.87063545, -0.87921923, -0.5190963, 0.46440977, 0.025766555, 0.7764026, 0.7379502, -0.09077156, 0.09854118, -0.40776977, 0.70534116, 0.64192456, -0.11543643, 0.6981899, -0.56426555, -0.76094717, 0.96361077, -0.3932835, 0.9811473, 0.3093514, 0.4282274, -0.47249833, -0.675939, -0.42324126, -0.3196209, 0.38112757, 0.06173222, 0.4106685, -0.91984063, -0.45570505, 0.10090932, -0.49365658, 0.99848604, 0.8366132, 0.5222685, -0.16795774, -0.94403535, 0.2814406, -0.41648635, -0.30717343, 0.61904985, 0.9635669, 0.20829271, 0.8387984, 0.6151682, 0.45228815, 0.95215046, -0.51290303, -0.2881191, 0.64472705, 0.69070184, 0.4967999, 0.47376966, -0.29979694, 0.57027185, 0.1725145, 0.687689, 0.6256264, 0.27209857, 0.78168374, 0.044158097, -0.68652844, 0.005799063, 0.7893731, 0.8237915, 0.28582662, -0.23888838, 0.36690813, -0.9000182, -0.99083656, 0.4145899, 0.6167831, -0.43629837, 0.6509074, -0.9736862, 0.80949783, 0.051300664, -0.5810803, 0.8584825, -0.861936, -0.40458986, 0.4852845, 0.68777573, 0.28921455, 0.2765573, -0.66501254, -0.75580925, 0.42988107, 0.1071678, -0.114250384, 0.14697057, -0.01821926, 0.70624655, -0.5856833, 0.23926435, 0.9320205, 0.3733693, 0.44929242, 0.48627555, -0.32763508, 0.85901666, -0.7720692, -0.13356093, -0.5853563, -0.1362377, -0.60519594, -0.26855564, -0.15772565, -0.423671, 0.0029677898, -0.5221187, -0.2630825, 0.9296477, -0.4825311, -0.616538, -0.573355, -0.3895169, -0.3407452, -0.051789396, 0.22127922, -0.5854403, -0.32832995, -0.5470365, -0.8079616, 0.024147866, 0.2029136, -0.109978884, 0.3694896, 0.21758783, 0.47145927, -0.3819279, -0.048291977, -0.7953246, 0.22517239, -0.4131665, -0.022903316, 0.09551913, 0.7789379, 0.8372405, 0.18819164, 0.9783319, -0.71966106, -0.79814464, -0.36600742, -0.69675636, 0.39516625, -0.700893, 0.6565007, -0.20395435, 0.7601449, 0.8683034, -0.8082656, -0.13110405, 0.52877843, -0.69848603, 0.41320336, 0.73840934, 0.36809862, -0.8834622, -0.03524866, 0.42752182, -0.702416, 0.8977558, -0.47866616, 0.63550395, 0.68581945, 0.9079058, -0.55316526, -0.822126, -0.041909624, 0.6621547, -0.17978321, -0.79750705, -0.07544453, -0.014106136, -0.8579089, -0.75082743, 0.90653837, 0.27493507, -0.4164784, 0.22914435, -0.63138443, 0.79907674, 0.3008517, -0.14992073, -0.7308067, -0.88503385, 0.07029245, -0.69243664, 0.53395146, 0.22449146, -0.096159875, 0.50412196, -0.23856159, -0.9986505, -0.62010354, 0.99403614, -0.16320841, 0.36940765, -0.38095075, 0.23671746, 0.40083393, -0.82409626, -0.7847364, 0.4666106]","[7.0, 0.0, -18.0, -7.0, -2.0, -9.0, 6.0, -12.0, -20.0, -11.0, -2.0, 22.0, 5.0, 0.0, -12.0, -1.0, -4.0, 1.0, -10.0, 0.0, -26.0, 5.0, 0.0, 1.0, -7.0, -14.0, -6.0, -24.0, -5.0, -20.0, -14.0, 7.0, 0.0, 14.0, -2.0, -11.0, -8.0, -12.0, 3.0, 1.0, 3.0, 14.0, -8.0, -6.0, -16.0, 11.0, -6.0, -9.0, 1.0, -5.0, -5.0, -3.0, 6.0, 3.0, -17.0, -11.0, -9.0, 13.0, 5.0, 4.0, -11.0, 2.0, -18.0, 5.0, -5.0, -1.0, -3.0, -8.0, 1.0, -2.0, -21.0, 17.0, -10.0, -19.0, -22.0, -6.0, -4.0, -12.0, -2.0, -10.0, 16.0, -10.0, 7.0, -23.0, -10.0, -11.0, 2.0, 8.0, -8.0, -6.0, -1.0, -18.0, -4.0, -4.0, 4.0, -8.0, -15.0, -5.0, -7.0, -5.0, -13.0, 1.0, -6.0, -3.0, 7.0, -19.0, 13.0, -14.0, -10.0, -13.0, -11.0, 5.0, 2.0, 2.0, 4.0, -14.0, -7.0, 4.0, -7.0, -11.0, -14.0, 4.0, 4.0, -13.0, -22.0, -16.0, -13.0, -3.0, -6.0, -1.0, -1.0, 6.0, 1.0, -5.0, -2.0, 0.0, -13.0, -14.0, -9.0, -9.0, 14.0, -10.0, -3.0, -10.0, 2.0, -10.0, -7.0, -7.0, -10.0, 9.0, -10.0, -17.0, -15.0, 0.0, 9.0, -4.0, -18.0, -6.0, 4.0, -3.0, -7.0, -6.0, -8.0, 8.0, -8.0, 0.0, 13.0, -16.0, -9.0, 0.0, -6.0, -4.0, -5.0, -24.0, -30.0, -10.0, -32.0, -5.0, 10.0, -25.0, -21.0, -5.0, -16.0, -9.0, -10.0, -15.0, 6.0, -4.0, -21.0, 12.0, -9.0, -1.0, 4.0, -4.0, -10.0, -1.0, -1.0, -11.0, -10.0, -6.0, -17.0, -3.0, -5.0, 6.0, -7.0, 2.0, -6.0, -3.0, -7.0, 9.0, -15.0, 0.0, -5.0, 2.0, -11.0, -11.0, -3.0, -9.0, -7.0, -1.0, -9.0, 5.0, -1.0, 0.0, -7.0, -5.0, -28.0, 4.0, -13.0, -3.0, 20.0, -7.0, -20.0, 1.0, -11.0, 1.0, -3.0, -7.0, -16.0, -11.0, 6.0, 8.0, -2.0, 11.0, 9.0, 2.0, 2.0, -18.0, -17.0, -10.0, -10.0, -6.0, 11.0, -8.0, -7.0, 2.0, 6.0, -9.0, -7.0, -3.0, -6.0, -14.0, -21.0, -1.0, -5.0, -14.0, -10.0, -27.0, -13.0, 1.0, 5.0, 0.0, -6.0, 9.0, -5.0, -4.0, -16.0, 1.0, -8.0, 6.0, -2.0, -6.0, -10.0, -1.0, 8.0, -6.0, 7.0, -5.0, 7.0, -1.0, 4.0, 10.0, 3.0, -15.0, 3.0, 4.0, 7.0, -6.0, 4.0, 2.0, -10.0, 0.0, -14.0, 9.0, 1.0, -6.0, -14.0, -6.0, -4.0, -11.0, 11.0, -8.0, 0.0, 5.0, -9.0, 0.0, -9.0, -1.0, 10.0, -10.0, -19.0, -21.0, -7.0, 7.0, 1.0, -10.0, -7.0, -3.0, 1.0, 0.0, 2.0, 8.0, -19.0, -9.0, -7.0, -15.0, -12.0, -5.0, -4.0, -33.0, 5.0, 5.0, -5.0, -16.0, -16.0, -4.0, -10.0, 4.0, -19.0, 5.0, -15.0, -4.0, 1.0, -6.0, -19.0, -23.0, 5.0, 8.0, -20.0, -13.0, 4.0, 6.0, -11.0, -5.0, -3.0, -7.0, -12.0, -3.0, 2.0, -17.0, -17.0, -10.0, -2.0, -17.0, -5.0, -16.0, 24.0, 14.0, -6.0, -18.0, -3.0, -2.0, 0.0, -1.0, 0.0, -16.0, -10.0, 1.0, -10.0, -25.0, -6.0, 2.0, -6.0, -13.0, 2.0, 29.0, 2.0, -4.0, -6.0, -5.0, -6.0, 7.0, -7.0, -6.0, 0.0, -4.0, -23.0, -33.0, 9.0, -10.0, -6.0, 2.0, -4.0, 5.0, -2.0, -6.0, -13.0, -11.0, -20.0, -1.0, 7.0, -14.0, -3.0, 20.0, 4.0, -19.0, 3.0, -20.0, -7.0, -10.0, -9.0, 8.0, 10.0, 4.0, -6.0, -6.0, 9.0, -7.0, 10.0, 7.0, -6.0, -5.0, -8.0, 4.0, -2.0, -35.0, 11.0, -15.0, -5.0, -4.0, -5.0, -2.0, -2.0, -21.0, -9.0, -5.0, -2.0, -11.0, -5.0, 2.0, 4.0, -16.0, -7.0, -16.0, -4.0, -12.0, 18.0, 2.0, -13.0, -10.0, -14.0, -1.0, -23.0, -15.0, -4.0, -5.0, -18.0, -4.0, 6.0, -12.0, -9.0, -4.0, -6.0, -20.0, 13.0, 3.0, -13.0, -6.0, 0.0, 3.0, 14.0, -6.0, -10.0, 2.0, -4.0, -7.0, -18.0, 9.0, -6.0, -27.0]",-54.9285266055146,0.0,0.0,0,0.0031213760375976562
73,"[-0.33488882, 0.44208118, 0.03855497, 0.507107, 0.30474818, 0.32849482, 0.15240085, 0.6258445, -0.27165836, -0.62637764, 0.79443204, -0.79146725, 0.8484828, -0.42032883, -0.88795704, -0.40901294, -0.009833887, 0.90231377, -0.40763006, -0.6991934, 0.66963565, -0.5575083, -0.29617748, 0.33732688, 0.09091237, -0.96760136, 0.51855016, 0.19604377, 0.6123261, -0.35832852, 0.8357666, -0.045069396, -0.623222, 0.72966665, -0.6848888, 0.34369108, -0.5599757, -0.76289177, -0.03072215, -0.002973795, 0.34025627, -0.045817908, 0.40795526, 0.17264485, -0.75885785, -0.22517881, -0.44879243, -0.8751171, -0.77292794, 0.6354156, 0.69047505, -0.24938793, 0.58417726, 0.6587934, -0.23095009, -0.6408303, 0.7268251, 0.9436446, -0.31822163, 0.38755667, -0.33873034, -0.7033514, 0.8055853, -0.2569994, 0.71922886, 0.61408526, 0.565615, 0.57365686, 0.8350497, 0.39396495, 0.07315267, -0.29006746, -0.89534783, 0.5694402, 0.6146517, -0.3653568, -0.5118841, -0.6870388, -0.9536395, 0.15555596, 0.67729, 0.040444985, -0.38912556, 0.5937631, 0.23035035, -0.7396031, 0.23339583, -0.5758938, 0.91398495, 0.47393143, 0.19288217, 0.7867051, -0.2803252, -0.30754966, -0.88540095, 0.4174975, -0.45680553, 0.12731321, 0.4648327, 0.5356232, 0.8310606, 0.8707523, 0.9774023, 0.13996951, -0.16916558, 0.35879034, 0.35832608, 0.13983451, 0.14317706, -0.28324357, -0.87704295, -0.32647568, 0.9096762, -0.59980357, 0.6258603, 0.4519857, 0.44963357, 0.67808765, 0.8378297, 0.28920206, -0.8993705, -0.3232928, -0.20025122, -0.3559959, 0.96843207, 0.5687636, -0.23289457, 0.8680386, -0.0848195, -0.76424766, -0.009748073, 0.010493477, -0.09763083, 0.02024036, -0.7503425, 0.62040055, -0.35916063, -0.18761387, -0.07309444, -0.5326589, 0.35464215, 0.33516124, -0.10610021, 0.47585708, 0.017973648, -0.00064892287, -0.7410612, -0.76736194, 0.15308614, -0.17833348, -0.50772774, 0.52211624, 0.6039868, 0.16180581, 0.72200614, -0.38515702, 0.89435863, -0.6593922, 0.9932733, 0.4072481, 0.16864994, 0.12652156, 0.75706017, 0.009334758, 0.7272937, -0.3080906, -0.57553965, -0.5046726, 0.24306124, 0.64830816, 0.8531624, 0.1730521, -0.14677629, -0.6123414, -0.9200535, -0.11398532, 0.11889485, 0.5868691, 0.9945951, -0.15462281, -0.56702375, 0.83724535, -0.9834429, -0.649339, 0.15850802, -0.24181917, 0.5075395, -0.627316, 0.91885597, 0.07653093, -0.30859226, -0.75486225, 0.9062501, -0.039132558, 0.91620463, 0.28550267, 0.31379634, -0.5892336, -0.0003416907, 0.6488086, -0.66291606, -0.14191934, -0.22026815, -0.9646013, -0.75648546, 0.2005918, -0.5565673, -0.98707485, -0.15446307, 0.5172205, -0.2733561, -0.5055093, 0.7247567, -0.36252034, 0.76843596, 0.80217046, -0.67735404, -0.9280189, 0.71448356, 0.61343503, -0.70716155, 0.122578315, 0.6933551, -0.88384956, -0.7567607, 0.30239707, -0.48363858, -0.58776057, -0.9189559, -0.9176384, -0.6931107, 0.69763976, 0.16367167, 0.44749635, -0.05711977, -0.45051557, 0.616333, 0.32961825, 0.42110875, 0.9514947, 0.02113652, 0.05637577, -0.7080281, 0.68057066, 0.3361515, 0.9235567, 0.5321556, 0.9474553, 0.63997877, 0.8313583, 0.5106448, -0.058870573, -0.47253546, -0.3346976, 0.87885046, -0.7424113, -0.23725308, 0.71124303, -0.56425047, 0.9707365, 0.87444204, 0.28464773, 0.6145715, 0.68325174, -0.9628343, 0.19471337, -0.7212387, -0.51700515, 0.62196237, 0.63552094, 0.03196733, -0.46208167, 0.67889524, 0.09518255, -0.75574243, 0.40683392, 0.08267686, -0.9227899, 0.36365706, -0.37040758, -0.7636869, 0.9761886, 0.65292615, 0.85852784, -0.6491659, -0.5646616, -0.030259872, -0.2424478, 0.06997195, 0.82804775, -0.46968907, 0.47173426, 0.9856087, -0.99851084, -0.5554676, 0.8058194, 0.0048208144, 0.16183616, -0.8822751, -0.11716286, 0.7559432, -0.52736694, -0.36883625, 0.1449829, 0.17821752, -0.2003117, -0.85873145, -0.92578685, 0.044072144, -0.43055728, -0.9878995, 0.2805981, -0.5440434, 0.27162185, -0.33549914, 0.21641716, 0.42355123, -0.6482745, -0.7431059, -0.25893453, -0.93121266, 0.6002465, 0.30360115, 0.85580766, -0.28271344, -0.47376668, 0.85257024, 0.12966582, -0.65840095, -0.63271034, 0.15655763, 0.84248835, 0.66529775, 0.21750955, -0.4001693, -0.28482565, -0.6773172, -0.4632644, -0.93040115, -0.6195658, -0.7334164, 0.13962694, 0.8596123, 0.69139826, 0.27607495, -0.048973814, -0.80090433, 0.45822927, 0.75788534, 0.9202638, -0.8244654, -0.94645613, -0.43853238, 0.5282481, 0.7647521, 0.9609997, 0.3443596, -0.19036134, 0.32211208, 0.05275788, -0.017335905, 0.5993944, -0.09767232, 0.85562134, -0.2929561, -0.21948877, -0.020222923, 0.12903969, -0.8821918, -0.88336676, 0.5102307, 0.8328649, -0.51809716, 0.24365033, -0.72915727, -0.0040066675, -0.79862636, -0.9329334, -0.16973415, -0.35896072, -0.00060127256, 0.6721768, 0.24506441, -0.78097737, 0.90292555, 0.6758983, 0.617688, -0.36243004, 0.8491371, -0.3708925, 0.93598765, -0.735185, 0.9674743, -0.7525759, 0.93941903, 0.22591157, -0.5347066, 0.69290537, -0.8037215, 0.7142225, 0.90057665, -0.22106923, -0.8168452, 0.9954447, -0.17262572, -0.9486587, 0.36587325, 0.24182825, -0.87599933, -0.9844276, 0.40623358, 0.8308115, 0.25936154, -0.774849, -0.21796425, 0.85505337, -0.9681705, -0.10762775, 0.4495268, -0.7389143, -0.9649419, -0.76046306, -0.92120326, 0.9011805, -0.5514639, -0.9081066, 0.010637653, -0.32496712, -0.8349581, 0.010354874, -0.16024241, 0.39146608, -0.8995061, -0.41838586, -0.34585115, 0.9547063, -0.41561854, -0.13113609, 0.4395003, 0.58553386, 0.7313247, -0.33777344, 0.8317027, -0.7377531, -0.17424744, 0.8166789, -0.19597363, 0.40374106, 0.041169662, -0.9861667, -0.97247523, -0.48600447, -0.7854794, 0.029914336, -0.9564219, -0.56377673, -0.65425086, 0.26711625, -0.27067703, 0.20901984, 0.12098961, -0.6189047, 0.64614314, 0.64838165, -0.45518604, -0.33263326, -0.96894884, -0.75662357, 0.3073787, 0.810974, -0.95950365, -0.49903494, -0.53609306, -0.84364605, 0.2747915, 0.6541238, -0.27735075, -0.65144324, -0.20388563, 0.24806271, 0.9847208, 0.09630909, 0.8420145, -0.48566067, -0.80626106, -0.96832615, -0.49922612, -0.6400574, -0.7884887, 0.68810594, 0.75150704, -0.6335679, -0.2512163, 0.29039237, 0.21389677, -0.6471339, -0.3394825, -0.6211713, 0.44015288, -0.91486937]","[7.0, 0.0, -18.0, -7.0, -2.0, -9.0, 6.0, -12.0, -20.0, -11.0, -2.0, 22.0, 5.0, 0.0, -12.0, -1.0, -4.0, 1.0, -10.0, 0.0, -26.0, 5.0, 0.0, 1.0, -7.0, -14.0, -6.0, -24.0, -5.0, -20.0, -14.0, 7.0, 0.0, 14.0, -2.0, -11.0, -8.0, -12.0, 3.0, 1.0, 3.0, 14.0, -8.0, -6.0, -16.0, 11.0, -6.0, -9.0, 1.0, -5.0, -5.0, -3.0, 6.0, 3.0, -17.0, -11.0, -9.0, 13.0, 5.0, 4.0, -11.0, 2.0, -18.0, 5.0, -5.0, -1.0, -3.0, -8.0, 1.0, -2.0, -21.0, 17.0, -10.0, -19.0, -22.0, -6.0, -4.0, -12.0, -2.0, -10.0, 16.0, -10.0, 7.0, -23.0, -10.0, -11.0, 2.0, 8.0, -8.0, -6.0, -1.0, -18.0, -4.0, -4.0, 4.0, -8.0, -15.0, -5.0, -7.0, -5.0, -13.0, 1.0, -6.0, -3.0, 7.0, -19.0, 13.0, -14.0, -10.0, -13.0, -11.0, 5.0, 2.0, 2.0, 4.0, -14.0, -7.0, 4.0, -7.0, -11.0, -14.0, 4.0, 4.0, -13.0, -22.0, -16.0, -13.0, -3.0, -6.0, -1.0, -1.0, 6.0, 1.0, -5.0, -2.0, 0.0, -13.0, -14.0, -9.0, -9.0, 14.0, -10.0, -3.0, -10.0, 2.0, -10.0, -7.0, -7.0, -10.0, 9.0, -10.0, -17.0, -15.0, 0.0, 9.0, -4.0, -18.0, -6.0, 4.0, -3.0, -7.0, -6.0, -8.0, 8.0, -8.0, 0.0, 13.0, -16.0, -9.0, 0.0, -6.0, -4.0, -5.0, -24.0, -30.0, -10.0, -32.0, -5.0, 10.0, -25.0, -21.0, -5.0, -16.0, -9.0, -10.0, -15.0, 6.0, -4.0, -21.0, 12.0, -9.0, -1.0, 4.0, -4.0, -10.0, -1.0, -1.0, -11.0, -10.0, -6.0, -17.0, -3.0, -5.0, 6.0, -7.0, 2.0, -6.0, -3.0, -7.0, 9.0, -15.0, 0.0, -5.0, 2.0, -11.0, -11.0, -3.0, -9.0, -7.0, -1.0, -9.0, 5.0, -1.0, 0.0, -7.0, -5.0, -28.0, 4.0, -13.0, -3.0, 20.0, -7.0, -20.0, 1.0, -11.0, 1.0, -3.0, -7.0, -16.0, -11.0, 6.0, 8.0, -2.0, 11.0, 9.0, 2.0, 2.0, -18.0, -17.0, -10.0, -10.0, -6.0, 11.0, -8.0, -7.0, 2.0, 6.0, -9.0, -7.0, -3.0, -6.0, -14.0, -21.0, -1.0, -5.0, -14.0, -10.0, -27.0, -13.0, 1.0, 5.0, 0.0, -6.0, 9.0, -5.0, -4.0, -16.0, 1.0, -8.0, 6.0, -2.0, -6.0, -10.0, -1.0, 8.0, -6.0, 7.0, -5.0, 7.0, -1.0, 4.0, 10.0, 3.0, -15.0, 3.0, 4.0, 7.0, -6.0, 4.0, 2.0, -10.0, 0.0, -14.0, 9.0, 1.0, -6.0, -14.0, -6.0, -4.0, -11.0, 11.0, -8.0, 0.0, 5.0, -9.0, 0.0, -9.0, -1.0, 10.0, -10.0, -19.0, -21.0, -7.0, 7.0, 1.0, -10.0, -7.0, -3.0, 1.0, 0.0, 2.0, 8.0, -19.0, -9.0, -7.0, -15.0, -12.0, -5.0, -4.0, -33.0, 5.0, 5.0, -5.0, -16.0, -16.0, -4.0, -10.0, 4.0, -19.0, 5.0, -15.0, -4.0, 1.0, -6.0, -19.0, -23.0, 5.0, 8.0, -20.0, -13.0, 4.0, 6.0, -11.0, -5.0, -3.0, -7.0, -12.0, -3.0, 2.0, -17.0, -17.0, -10.0, -2.0, -17.0, -5.0, -16.0, 24.0, 14.0, -6.0, -18.0, -3.0, -2.0, 0.0, -1.0, 0.0, -16.0, -10.0, 1.0, -10.0, -25.0, -6.0, 2.0, -6.0, -13.0, 2.0, 29.0, 2.0, -4.0, -6.0, -5.0, -6.0, 7.0, -7.0, -6.0, 0.0, -4.0, -23.0, -33.0, 9.0, -10.0, -6.0, 2.0, -4.0, 5.0, -2.0, -6.0, -13.0, -11.0, -20.0, -1.0, 7.0, -14.0, -3.0, 20.0, 4.0, -19.0, 3.0, -20.0, -7.0, -10.0, -9.0, 8.0, 10.0, 4.0, -6.0, -6.0, 9.0, -7.0, 10.0, 7.0, -6.0, -5.0, -8.0, 4.0, -2.0, -35.0, 11.0, -15.0, -5.0, -4.0, -5.0, -2.0, -2.0, -21.0, -9.0, -5.0, -2.0, -11.0, -5.0, 2.0, 4.0, -16.0, -7.0, -16.0, -4.0, -12.0, 18.0, 2.0, -13.0, -10.0, -14.0, -1.0, -23.0, -15.0, -4.0, -5.0, -18.0, -4.0, 6.0, -12.0, -9.0, -4.0, -6.0, -20.0, 13.0, 3.0, -13.0, -6.0, 0.0, 3.0, 14.0, -6.0, -10.0, 2.0, -4.0, -7.0, -18.0, 9.0, -6.0, -27.0]",-54.9285266055146,0.0,0.0,0,0.0031092166900634766
74,"[-0.07458479, -0.31706145, 0.2879421, 0.27043617, 0.82144296, -0.43494892, -0.835171, -0.46677956, 0.07220368, 0.7437997, 0.5893079, 0.5088632, -0.3424917, 0.69717103, -0.34973204, -0.22519636, 0.1789603, 0.05643991, -0.041052364, -0.28449547, 0.1887315, -0.16923825, 0.47987932, 0.05869511, -0.22999339, 0.2181661, 0.17986764, -0.74509305, 0.2542968, 0.40075377, 0.67926216, -0.5697394, 0.40276557, 0.973324, -0.41678885, -0.26686442, -0.27721262, 0.010613069, 0.47234827, -0.7762076, 0.45869207, -0.55855185, -0.65600556, -0.982732, 0.24944973, 0.6799235, 0.71056545, 0.8249785, 0.13369384, 0.5464224, -0.7749875, -0.5800439, 0.007959624, 0.24929154, -0.0059653907, -0.14187822, -0.013709495, -0.56004286, 0.16401349, 0.86250925, 0.75126785, -0.19339126, -0.8453146, 0.8282062, -0.3409906, 0.41645226, 0.22839533, 0.22215047, -0.16283663, 0.041880447, 0.32116613, 0.56376094, -0.16055594, 0.084707186, -0.48648453, 0.32437244, -0.3737193, 0.018521743, -0.74991244, 0.2509161, 0.8854918, -0.265617, 0.17218241, -0.78545654, -0.9251603, -0.6529723, 0.7745986, 0.020668056, 0.5491039, -0.932727, -0.46592948, 0.1989099, 0.34497836, -0.62667686, -0.41034856, 0.95995355, -0.61694694, -0.7355407, 0.76127607, -0.4837433, 0.86491144, 0.68928975, -0.41193587, -0.020452162, 0.5614974, -0.79266506, 0.18785864, -0.88746405, -0.97821033, -0.3814831, -0.6699062, 0.5611301, -0.034187164, 0.69372964, -0.30294448, 0.32399237, -0.61442935, -0.10704123, -0.6466914, -0.50281465, 0.7515295, 0.1642972, -0.63683623, -0.020265618, -0.97061443, 0.80722123, -0.97946185, -0.97807455, 0.5481164, 0.1704434, -0.22188981, -0.45548156, 0.5231445, -0.96638715, 0.8494622, 0.33265355, -0.6663714, 0.8651993, -0.3125747, 0.53930545, -0.94413203, 0.13991068, -0.7947862, -0.5532057, -0.08483988, -0.71959615, 0.30437028, -0.107096285, -0.74944025, -0.33555076, 0.9675967, 0.7222598, 0.65893376, -0.3293841, 0.49173972, 0.65868366, -0.5834054, 0.51310956, -0.4753055, -0.3349935, 0.028064353, 0.8684794, 0.87639534, -0.20519792, -0.89627045, -0.36441323, -0.45657068, -0.68622893, 0.7671441, -0.5565045, -0.083725385, 0.3069779, -0.09200247, -0.4330713, 0.20194001, -0.8894018, 0.8245057, -0.4385022, -0.13599958, 0.41496268, -0.7916246, 0.32718283, -0.23579428, -0.6306587, -0.5229841, -0.11327609, 0.6147438, -0.7566133, 0.7687891, -0.9604074, 0.52303743, 0.61863065, -0.15756238, 0.08581333, -0.4485854, -0.663628, 0.42092225, -0.42386672, 0.9435472, -0.7992378, 0.60037315, 0.45439702, 0.42810988, -0.0869691, -0.28105903, 0.24727714, -0.36511, 0.29067338, -0.7335917, -0.365881, 0.48085937, -0.022187097, -0.49502957, 0.9549704, -0.60558164, 0.31670523, -0.78984094, -0.83885014, 0.02602204, 0.2667941, -0.9403701, -0.19377482, 0.87268645, -0.74763227, -0.4021347, 0.3986759, -0.9528356, -0.3554168, 0.6308506, -0.9577518, -0.14484847, -0.67977214, 0.953191, -0.56456375, -0.74196947, -0.5397103, -0.8744502, 0.52759755, -0.09772927, 0.7525205, 0.2587246, 0.40700555, 0.40636665, 0.066928886, -0.16174394, -0.7966963, 0.12520644, 0.099516205, 0.51547045, -0.9086106, -0.6229282, 0.40270042, 0.7356695, -0.93714714, -0.4462738, 0.51541984, -0.0018020383, 0.55255306, -0.4732733, -0.0529764, -0.90172863, -0.9662208, -0.92199427, -0.6871534, 0.05054534, -0.6051231, -0.41354388, -0.551686, -0.8871531, -0.92344934, 0.21978739, 0.039344385, -0.9762282, 0.97786665, -0.5446964, -0.63332766, -0.73787403, -0.7635531, -0.85624415, 0.7443273, -0.083885364, -0.1859679, 0.9790545, 0.63213, -0.6985424, -0.0015943005, -0.43334293, 0.11854516, 0.9225098, -0.042177282, -0.65479195, -0.17079909, 0.06244489, -0.12952316, -0.09745735, -0.455532, -0.22705068, -0.8975569, 0.82384074, 0.73294, 0.9412387, 0.09102571, -0.2410904, -0.5902921, 0.74854255, -0.33040935, -0.19213371, 0.56438696, 0.77065605, 0.90528053, 0.5930393, 0.06958626, 0.05599422, -0.29531762, -0.8504056, -0.8444126, -0.7642114, 0.48012188, 0.42902794, 0.7918689, 0.04932222, -0.23732373, -0.01347052, 0.6539917, 0.4220873, -0.5753147, 0.81544906, 0.1723344, 0.8998658, 0.5529039, -0.31231073, -0.17918594, -0.41113335, -0.9933747, -0.6146948, 0.47624123, -0.55549335, -0.95782197, -0.60941017, -0.8586901, 0.14729866, -0.1692852, 0.48440468, -0.627762, 0.28780922, 0.26576957, -0.2800278, 0.15724252, -0.71848655, 0.69070935, -0.5365936, -0.50153214, -0.08493469, -0.7307984, -0.13827734, 0.29153436, -0.50836563, -0.788405, 0.15670379, -0.23062505, -0.15553877, 0.33963606, 0.40059394, 0.39426294, -0.37655663, -0.42324775, -0.37749094, -0.85615855, 0.6305772, -0.16373901, -0.63740975, -0.49964163, 0.90573496, -0.20558967, -0.598043, 0.07448789, 0.6584192, -0.67524946, -0.36484486, -0.87879074, -0.46362844, 0.8824373, 0.3202829, -0.8430581, -0.7181979, 0.46309283, 0.41038015, -0.3503764, -0.87629354, 0.56259584, -0.16521746, 0.062880695, 0.5530962, -0.22000706, 0.9940959, 0.27423462, 0.976516, -0.05731581, -0.68519807, 0.58029044, 0.060639758, -0.15658107, 0.6295445, -0.6959242, -0.7385414, 0.64919907, 0.33551776, -0.7874062, 0.4143623, 0.5693987, -0.9710144, 0.59959465, -0.6304492, -0.67108583, 0.825718, -0.19696353, -0.68207467, 0.11021382, 0.509367, -0.934849, -0.29217905, -0.91445935, 0.8867843, -0.7202783, -0.6541617, -0.5846044, 0.09328645, 0.48576835, -0.11724205, 0.4517857, -0.6387738, -0.7001596, -0.35103104, -0.7411071, 0.72588634, -0.17130084, 0.94975644, 0.017195722, 0.14153725, -0.43786925, -0.8773726, -0.9985792, 0.84529734, -0.08892422, -0.41897413, -0.32973242, 0.5984679, 0.39281598, -0.7519249, -0.9032493, -0.5956817, 0.85597616, 0.31475642, 0.56615406, 0.73686963, -0.9500687, -0.0792249, -0.44672942, 0.14176899, 0.26085585, -0.536623, -0.09070139, 0.9835071, -0.5977809, -0.9004299, -0.56926346, -0.61322606, -0.33432665, -0.10189856, -0.17074849, 0.41666514, 0.2934449, -0.7766867, 0.13891013, 0.105415024, -0.40977547, 0.97630984, 0.9049824, 0.94472563, -0.04509487, -0.83681697, 0.035541505, 0.017943904, -0.24719577, -0.95762044, 0.861903, -0.9973465, 0.51232255, -0.8281232, -0.97841555, 0.027513852, -0.25819716, -0.636839, 0.95097256, -0.6908569, -0.36995155, 0.6521205, 0.057590533, -0.90933985, 0.24297097]","[7.0, 0.0, -18.0, -7.0, -2.0, -9.0, 6.0, -12.0, -20.0, -11.0, -2.0, 22.0, 5.0, 0.0, -12.0, -1.0, -4.0, 1.0, -10.0, 0.0, -26.0, 5.0, 0.0, 1.0, -7.0, -14.0, -6.0, -24.0, -5.0, -20.0, -14.0, 7.0, 0.0, 14.0, -2.0, -11.0, -8.0, -12.0, 3.0, 1.0, 3.0, 14.0, -8.0, -6.0, -16.0, 11.0, -6.0, -9.0, 1.0, -5.0, -5.0, -3.0, 6.0, 3.0, -17.0, -11.0, -9.0, 13.0, 5.0, 4.0, -11.0, 2.0, -18.0, 5.0, -5.0, -1.0, -3.0, -8.0, 1.0, -2.0, -21.0, 17.0, -10.0, -19.0, -22.0, -6.0, -4.0, -12.0, -2.0, -10.0, 16.0, -10.0, 7.0, -23.0, -10.0, -11.0, 2.0, 8.0, -8.0, -6.0, -1.0, -18.0, -4.0, -4.0, 4.0, -8.0, -15.0, -5.0, -7.0, -5.0, -13.0, 1.0, -6.0, -3.0, 7.0, -19.0, 13.0, -14.0, -10.0, -13.0, -11.0, 5.0, 2.0, 2.0, 4.0, -14.0, -7.0, 4.0, -7.0, -11.0, -14.0, 4.0, 4.0, -13.0, -22.0, -16.0, -13.0, -3.0, -6.0, -1.0, -1.0, 6.0, 1.0, -5.0, -2.0, 0.0, -13.0, -14.0, -9.0, -9.0, 14.0, -10.0, -3.0, -10.0, 2.0, -10.0, -7.0, -7.0, -10.0, 9.0, -10.0, -17.0, -15.0, 0.0, 9.0, -4.0, -18.0, -6.0, 4.0, -3.0, -7.0, -6.0, -8.0, 8.0, -8.0, 0.0, 13.0, -16.0, -9.0, 0.0, -6.0, -4.0, -5.0, -24.0, -30.0, -10.0, -32.0, -5.0, 10.0, -25.0, -21.0, -5.0, -16.0, -9.0, -10.0, -15.0, 6.0, -4.0, -21.0, 12.0, -9.0, -1.0, 4.0, -4.0, -10.0, -1.0, -1.0, -11.0, -10.0, -6.0, -17.0, -3.0, -5.0, 6.0, -7.0, 2.0, -6.0, -3.0, -7.0, 9.0, -15.0, 0.0, -5.0, 2.0, -11.0, -11.0, -3.0, -9.0, -7.0, -1.0, -9.0, 5.0, -1.0, 0.0, -7.0, -5.0, -28.0, 4.0, -13.0, -3.0, 20.0, -7.0, -20.0, 1.0, -11.0, 1.0, -3.0, -7.0, -16.0, -11.0, 6.0, 8.0, -2.0, 11.0, 9.0, 2.0, 2.0, -18.0, -17.0, -10.0, -10.0, -6.0, 11.0, -8.0, -7.0, 2.0, 6.0, -9.0, -7.0, -3.0, -6.0, -14.0, -21.0, -1.0, -5.0, -14.0, -10.0, -27.0, -13.0, 1.0, 5.0, 0.0, -6.0, 9.0, -5.0, -4.0, -16.0, 1.0, -8.0, 6.0, -2.0, -6.0, -10.0, -1.0, 8.0, -6.0, 7.0, -5.0, 7.0, -1.0, 4.0, 10.0, 3.0, -15.0, 3.0, 4.0, 7.0, -6.0, 4.0, 2.0, -10.0, 0.0, -14.0, 9.0, 1.0, -6.0, -14.0, -6.0, -4.0, -11.0, 11.0, -8.0, 0.0, 5.0, -9.0, 0.0, -9.0, -1.0, 10.0, -10.0, -19.0, -21.0, -7.0, 7.0, 1.0, -10.0, -7.0, -3.0, 1.0, 0.0, 2.0, 8.0, -19.0, -9.0, -7.0, -15.0, -12.0, -5.0, -4.0, -33.0, 5.0, 5.0, -5.0, -16.0, -16.0, -4.0, -10.0, 4.0, -19.0, 5.0, -15.0, -4.0, 1.0, -6.0, -19.0, -23.0, 5.0, 8.0, -20.0, -13.0, 4.0, 6.0, -11.0, -5.0, -3.0, -7.0, -12.0, -3.0, 2.0, -17.0, -17.0, -10.0, -2.0, -17.0, -5.0, -16.0, 24.0, 14.0, -6.0, -18.0, -3.0, -2.0, 0.0, -1.0, 0.0, -16.0, -10.0, 1.0, -10.0, -25.0, -6.0, 2.0, -6.0, -13.0, 2.0, 29.0, 2.0, -4.0, -6.0, -5.0, -6.0, 7.0, -7.0, -6.0, 0.0, -4.0, -23.0, -33.0, 9.0, -10.0, -6.0, 2.0, -4.0, 5.0, -2.0, -6.0, -13.0, -11.0, -20.0, -1.0, 7.0, -14.0, -3.0, 20.0, 4.0, -19.0, 3.0, -20.0, -7.0, -10.0, -9.0, 8.0, 10.0, 4.0, -6.0, -6.0, 9.0, -7.0, 10.0, 7.0, -6.0, -5.0, -8.0, 4.0, -2.0, -35.0, 11.0, -15.0, -5.0, -4.0, -5.0, -2.0, -2.0, -21.0, -9.0, -5.0, -2.0, -11.0, -5.0, 2.0, 4.0, -16.0, -7.0, -16.0, -4.0, -12.0, 18.0, 2.0, -13.0, -10.0, -14.0, -1.0, -23.0, -15.0, -4.0, -5.0, -18.0, -4.0, 6.0, -12.0, -9.0, -4.0, -6.0, -20.0, 13.0, 3.0, -13.0, -6.0, 0.0, 3.0, 14.0, -6.0, -10.0, 2.0, -4.0, -7.0, -18.0, 9.0, -6.0, -27.0]",-54.9285266055146,0.0,0.0,0,0.003117799758911133
75,"[0.80779165, 0.6495728, 0.71604735, 0.049326792, 0.23810017, 0.27764553, -0.9532255, -0.7486588, 0.76501036, 0.72039247, 0.6206283, 0.98018605, -0.43217027, 0.2578197, 0.45980573, 0.56513596, 0.51614785, -0.53169465, -0.0007609893, 0.26600185, 0.037729185, -0.8733614, 0.09557929, -0.23822221, 0.10791023, 0.8292666, -0.21656747, -0.6956736, -0.8768456, 0.039220568, -0.0029536497, -0.17657284, -0.6907582, -0.72685194, -0.14123297, -0.33336726, 0.18334103, -0.26595408, 0.19548875, -0.41922966, 0.1946632, 0.7202747, 0.54625565, -0.6595319, 0.039100945, 0.36350113, 0.64975476, 0.3225054, 0.92975795, -0.9384696, 0.47258443, 0.3551345, 0.6642563, -0.14900632, 0.83964896, 0.7413601, 0.6456293, 0.2849241, -0.5920473, 0.81645113, -0.28927854, -0.8063651, 0.08394017, 0.16175818, 0.16691874, -0.23540105, -0.09128229, 0.6105808, 0.15228193, -0.951347, -0.35762015, 0.7082085, -0.70174277, 0.29893735, -0.43050194, -0.5646028, 0.7213811, 0.33006537, -0.17876215, -0.19651355, -0.22410211, 0.3403272, 0.092675015, 0.7691698, 0.27672315, -0.12569088, 0.15571466, 0.030520696, -0.6318374, 0.78391075, -0.38574475, -0.26814812, -0.76874614, -0.45780247, 0.21271318, -0.4642281, 0.88064253, -0.37311295, 0.26802683, -0.9012283, -0.12211325, -0.9374387, -0.79890007, 0.11156689, 0.92631054, 0.47059652, 0.085185625, 0.07361713, 0.8588384, -0.51468647, 0.28727654, -0.0005998898, -0.5050714, -0.27259365, -0.99272907, -0.06369412, 0.9954915, 0.7857118, -0.081515476, 0.3376328, 0.10587216, 0.2758658, 0.20974098, 0.6184533, -0.23341708, -0.064338975, -0.8271389, 0.60144794, 0.86453515, -0.288685, 0.50536513, 0.7779301, 0.7045843, -0.9024664, 0.7090782, 0.5779267, -0.14350393, -0.92998034, 0.745355, 0.8334823, 0.14003195, 0.0777599, 0.6744483, -0.44952887, 0.5885455, 0.54828507, -0.1319091, -0.5991829, -0.05153602, -0.4968083, -0.88848454, 0.93654615, 0.5810168, 0.07794796, -0.050111037, -0.3911992, 0.13791114, -0.002204678, 0.8518931, 0.4622296, 0.18443552, -0.14693145, 0.21284352, 0.95052344, 0.7565884, 0.4576947, 0.24652018, 0.3156381, 0.00772056, 0.9817724, 0.61154234, 0.7644336, -0.5185981, -0.6346256, 0.7872625, 0.29922357, -0.30784306, -0.7460703, -0.52765787, -0.70463103, 0.91877687, 0.29074368, -0.99258447, -0.7415009, 0.7128935, 0.86464417, 0.96853375, -0.7999096, -0.49732003, -0.463714, 0.8688171, 0.26738688, -0.83468044, 0.8861898, 0.8480332, 0.4325792, -0.39452618, -0.3329853, 0.6888594, -0.07598742, 0.046266157, -0.620931, 0.9596596, 0.26499504, -0.28850073, 0.89788634, 0.06394633, 0.9961865, -0.09742156, 0.9178696, -0.14579873, 0.005203926, 0.30736285, -0.6763394, 0.52069503, -0.40327573, 0.03943202, -0.6155866, -0.20895897, 0.11716738, 0.5798168, -0.88174635, -0.46410277, 0.3565906, 0.03464737, 0.6806951, -0.032677192, 0.16305576, 0.8384103, -0.30594411, -0.20828255, 0.14511672, -0.18712023, 0.9987205, 0.8474183, -0.23454846, -0.20457698, -0.9551469, -0.99781674, -0.9997046, -0.80698353, 0.43231428, 0.21229821, 0.23833422, 0.032539763, -0.70556563, 0.05912246, -0.8401647, -0.96362096, -0.86502993, 0.19978008, -0.4359477, 0.22815119, 0.057309963, 0.47188696, -0.38775495, 0.75448245, 0.09236785, -0.20144728, 0.99104714, -0.55809176, -0.30441976, 0.39928484, 0.22027168, 0.5182256, 0.08126332, 0.24588014, 0.83431864, -0.69497836, -0.5353108, 0.57446307, -0.4415705, -0.7122, -0.7411257, -0.14844832, -0.50898534, 0.9916881, 0.7354855, -0.43307137, 0.3350207, 0.892136, 0.7690974, 0.4541963, -0.14693083, -0.33059028, -0.8755889, 0.67585313, 0.37323353, -0.87448627, -0.5768239, -0.5976716, 0.41763392, -0.864859, -0.33892867, 0.6954874, 0.8171793, 0.12674618, -0.4635296, 0.13151653, -0.507389, 0.11985976, 0.32833534, -0.6557117, 0.4971737, -0.5316279, -0.59030783, 0.8624543, 0.7962225, -0.3688217, 0.2922632, -0.6703061, -0.83932406, 0.34058177, -0.72566503, 0.7848953, 0.5650828, -0.23597832, -0.8302803, 0.32753283, -0.45646867, 0.085840434, 0.9487842, 0.036212012, 0.47411874, -0.51425827, 0.46657172, 0.99850976, -0.5076624, 0.93055505, -0.5366921, -0.95818657, 0.4307794, 0.2527072, 0.39730605, 0.59050345, 0.6525696, -0.82407916, -0.15275697, 0.7382731, 0.19290008, -0.9546286, -0.63434464, -0.96694905, 0.9510351, -0.47273192, 0.4646822, -0.13784312, -0.14135085, 0.57122296, 0.18136828, 0.8394417, -0.13951509, 0.53624433, 0.7847024, 0.36722073, 0.27833268, 0.9169559, -0.7759015, -0.8365942, 0.30218726, 0.9085619, -0.43537465, 0.7556549, 0.6337957, -0.4118874, -0.34947705, -0.991989, -0.50707936, 0.9587505, 0.86690027, -0.6488346, 0.030941313, 0.57087225, 0.84645665, 0.7631101, -0.5890513, 0.04927644, 0.5665691, 0.24555407, -0.7178299, 0.94405216, -0.959713, 0.121502064, 0.9060995, 0.004529737, 0.8487918, -0.07847497, -0.6933568, -0.93800074, -0.62165934, -0.27715492, -0.865978, 0.30699468, 0.38252735, -0.1829815, -0.7164534, 0.83842534, -0.07267984, 0.35410118, -0.7648101, 0.30625707, 0.18522623, 0.32691917, -0.9442023, -0.14846724, -0.036701903, 0.8278883, -0.94643444, 0.29494748, -0.08526168, -0.3644579, -0.20818016, 0.4366614, 0.8364134, 0.34430596, -0.02845047, -0.63489187, -0.45444232, -0.59151715, -0.17085691, -0.19556078, -0.45530388, -0.22591488, -0.31378895, 0.77126557, 0.59475434, -0.5232185, 0.07495969, -0.704548, -0.07220525, -0.10694467, -0.38948262, -0.92328054, -0.916374, 0.47150004, 0.20722331, 0.9046883, 0.118167505, 0.7865987, -0.9546973, 0.8422377, -0.5844166, -0.6327296, -0.97787225, -0.35294396, -0.37177226, -0.61095, 0.39260116, -0.7420019, -0.78039414, -0.2992221, -0.8375437, -0.5675119, -0.35530066, -0.70762193, -0.23143682, -0.03359025, -0.32035366, -0.12854435, 0.22175224, 0.06382121, -0.5906813, 0.95230603, -0.43886957, 0.9935697, -0.9284943, -0.55150175, -0.8333652, -0.9792956, 0.27648476, 0.660556, 0.29038715, 0.22509502, -0.84327465, -0.4503454, -0.9547258, 0.52805966, -0.35429963, 0.8012217, 0.026438328, -0.39947844, 0.9898482, -0.8373158, -0.14573883, -0.85651606, 0.65564877, -0.5348997, -0.63436866, 0.32882693, -0.017027196, 0.8821323, -0.70940083, -0.40808025, 0.9926393, -0.43435544, -0.8258321, 0.12518989, 0.078445844, -0.029520886, -0.88492215]","[7.0, 0.0, -18.0, -7.0, -2.0, -9.0, 6.0, -12.0, -20.0, -11.0, -2.0, 22.0, 5.0, 0.0, -12.0, -1.0, -4.0, 1.0, -10.0, 0.0, -26.0, 5.0, 0.0, 1.0, -7.0, -14.0, -6.0, -24.0, -5.0, -20.0, -14.0, 7.0, 0.0, 14.0, -2.0, -11.0, -8.0, -12.0, 3.0, 1.0, 3.0, 14.0, -8.0, -6.0, -16.0, 11.0, -6.0, -9.0, 1.0, -5.0, -5.0, -3.0, 6.0, 3.0, -17.0, -11.0, -9.0, 13.0, 5.0, 4.0, -11.0, 2.0, -18.0, 5.0, -5.0, -1.0, -3.0, -8.0, 1.0, -2.0, -21.0, 17.0, -10.0, -19.0, -22.0, -6.0, -4.0, -12.0, -2.0, -10.0, 16.0, -10.0, 7.0, -23.0, -10.0, -11.0, 2.0, 8.0, -8.0, -6.0, -1.0, -18.0, -4.0, -4.0, 4.0, -8.0, -15.0, -5.0, -7.0, -5.0, -13.0, 1.0, -6.0, -3.0, 7.0, -19.0, 13.0, -14.0, -10.0, -13.0, -11.0, 5.0, 2.0, 2.0, 4.0, -14.0, -7.0, 4.0, -7.0, -11.0, -14.0, 4.0, 4.0, -13.0, -22.0, -16.0, -13.0, -3.0, -6.0, -1.0, -1.0, 6.0, 1.0, -5.0, -2.0, 0.0, -13.0, -14.0, -9.0, -9.0, 14.0, -10.0, -3.0, -10.0, 2.0, -10.0, -7.0, -7.0, -10.0, 9.0, -10.0, -17.0, -15.0, 0.0, 9.0, -4.0, -18.0, -6.0, 4.0, -3.0, -7.0, -6.0, -8.0, 8.0, -8.0, 0.0, 13.0, -16.0, -9.0, 0.0, -6.0, -4.0, -5.0, -24.0, -30.0, -10.0, -32.0, -5.0, 10.0, -25.0, -21.0, -5.0, -16.0, -9.0, -10.0, -15.0, 6.0, -4.0, -21.0, 12.0, -9.0, -1.0, 4.0, -4.0, -10.0, -1.0, -1.0, -11.0, -10.0, -6.0, -17.0, -3.0, -5.0, 6.0, -7.0, 2.0, -6.0, -3.0, -7.0, 9.0, -15.0, 0.0, -5.0, 2.0, -11.0, -11.0, -3.0, -9.0, -7.0, -1.0, -9.0, 5.0, -1.0, 0.0, -7.0, -5.0, -28.0, 4.0, -13.0, -3.0, 20.0, -7.0, -20.0, 1.0, -11.0, 1.0, -3.0, -7.0, -16.0, -11.0, 6.0, 8.0, -2.0, 11.0, 9.0, 2.0, 2.0, -18.0, -17.0, -10.0, -10.0, -6.0, 11.0, -8.0, -7.0, 2.0, 6.0, -9.0, -7.0, -3.0, -6.0, -14.0, -21.0, -1.0, -5.0, -14.0, -10.0, -27.0, -13.0, 1.0, 5.0, 0.0, -6.0, 9.0, -5.0, -4.0, -16.0, 1.0, -8.0, 6.0, -2.0, -6.0, -10.0, -1.0, 8.0, -6.0, 7.0, -5.0, 7.0, -1.0, 4.0, 10.0, 3.0, -15.0, 3.0, 4.0, 7.0, -6.0, 4.0, 2.0, -10.0, 0.0, -14.0, 9.0, 1.0, -6.0, -14.0, -6.0, -4.0, -11.0, 11.0, -8.0, 0.0, 5.0, -9.0, 0.0, -9.0, -1.0, 10.0, -10.0, -19.0, -21.0, -7.0, 7.0, 1.0, -10.0, -7.0, -3.0, 1.0, 0.0, 2.0, 8.0, -19.0, -9.0, -7.0, -15.0, -12.0, -5.0, -4.0, -33.0, 5.0, 5.0, -5.0, -16.0, -16.0, -4.0, -10.0, 4.0, -19.0, 5.0, -15.0, -4.0, 1.0, -6.0, -19.0, -23.0, 5.0, 8.0, -20.0, -13.0, 4.0, 6.0, -11.0, -5.0, -3.0, -7.0, -12.0, -3.0, 2.0, -17.0, -17.0, -10.0, -2.0, -17.0, -5.0, -16.0, 24.0, 14.0, -6.0, -18.0, -3.0, -2.0, 0.0, -1.0, 0.0, -16.0, -10.0, 1.0, -10.0, -25.0, -6.0, 2.0, -6.0, -13.0, 2.0, 29.0, 2.0, -4.0, -6.0, -5.0, -6.0, 7.0, -7.0, -6.0, 0.0, -4.0, -23.0, -33.0, 9.0, -10.0, -6.0, 2.0, -4.0, 5.0, -2.0, -6.0, -13.0, -11.0, -20.0, -1.0, 7.0, -14.0, -3.0, 20.0, 4.0, -19.0, 3.0, -20.0, -7.0, -10.0, -9.0, 8.0, 10.0, 4.0, -6.0, -6.0, 9.0, -7.0, 10.0, 7.0, -6.0, -5.0, -8.0, 4.0, -2.0, -35.0, 11.0, -15.0, -5.0, -4.0, -5.0, -2.0, -2.0, -21.0, -9.0, -5.0, -2.0, -11.0, -5.0, 2.0, 4.0, -16.0, -7.0, -16.0, -4.0, -12.0, 18.0, 2.0, -13.0, -10.0, -14.0, -1.0, -23.0, -15.0, -4.0, -5.0, -18.0, -4.0, 6.0, -12.0, -9.0, -4.0, -6.0, -20.0, 13.0, 3.0, -13.0, -6.0, 0.0, 3.0, 14.0, -6.0, -10.0, 2.0, -4.0, -7.0, -18.0, 9.0, -6.0, -27.0]",-54.9285266055146,0.0,0.0,0,0.003148794174194336
76,"[0.36881292, -0.39360994, 0.80641496, 0.89152133, 0.6595262, 0.42776272, -0.09708925, 0.459182, 0.0053953147, -0.21545808, 0.8560754, -0.6075474, 0.0032938577, -0.25176832, 0.059172843, 0.20861273, -0.22891094, 0.97223127, 0.90225106, 0.9113324, -0.23513627, 0.39786845, -0.35989448, -0.26877415, 0.026662042, 0.22701144, -0.02770342, 0.74836034, -0.8660424, -0.6361785, 0.36847496, 0.5921504, 0.937496, 0.7791459, 0.3266317, -0.8442625, -0.4410354, 0.8328986, 0.34766877, 0.3932638, 0.900682, -0.016445989, 0.16993152, -0.43963674, -0.49227345, 0.9812284, -0.935202, 0.45972753, 0.06745466, -0.7303079, -0.48632008, 0.97735465, -0.2542302, -0.049189944, -0.51010746, -0.048510976, -0.72009236, 0.21010852, -0.9209559, -0.606192, 0.0012014982, -0.6813613, 0.64148915, 0.17763157, 0.37623078, -0.68700206, -0.98049647, 0.034465265, -0.9171572, 0.6391751, -0.29182217, 0.67854524, -0.0056472737, 0.5829078, -0.014856863, -0.92856914, -0.6700393, 0.44946045, -0.5537562, 0.5098298, 0.95339954, -0.9402189, 0.16302253, 0.93056595, -0.2684711, -0.19992666, -0.07718492, 0.6250162, -0.35465574, -0.6309411, 0.68158615, -0.05055589, 0.4323518, 0.07021331, 0.3932454, -0.6241863, 0.04857863, -0.8135238, 0.2594773, 0.8564811, 0.9098915, 0.28787926, 0.69364125, 0.093688525, -0.66169596, -0.89244545, 0.29933682, 0.7936572, -0.14035864, -0.98238665, 0.23825727, -0.68821496, 0.6878682, 0.39656982, -0.54438037, -0.99644554, 0.4143402, 0.55393595, 0.9917461, 0.6550589, 0.45332333, -0.58148533, 0.034136888, 0.87686235, -0.11778101, -0.013724842, 0.57919955, -0.11198027, 0.7156535, 0.046027824, -0.5602741, 0.05703573, -0.75361395, 0.71293366, 0.7710006, -0.86124796, 0.34658134, -0.48757827, 0.8450608, 0.31322935, -0.516947, -0.6277141, 0.0263842, -0.8177992, 0.4322125, 0.51112205, -0.72083205, -0.15362523, 0.45958123, 0.92876035, -0.024916286, -0.9714701, 0.7512538, -0.11433271, 0.8059321, -0.13694055, 0.68315303, 0.078222156, -0.23967928, -0.1564588, 0.15265761, 0.73207885, 0.08702832, -0.6678451, -0.90766853, -0.7561229, -0.2650454, -0.1937362, -0.80563825, -0.27477774, 0.054901335, 0.38739678, -0.4406749, -0.78678274, -0.07220633, -0.692173, -0.761916, 0.49031094, 0.472601, -0.982497, 0.64679974, -0.4885904, -0.077083245, -0.330785, -0.7283771, -0.20381539, -0.33580562, 0.5063454, 0.854888, 0.52595055, 0.8518265, 0.9350371, -0.07216312, -0.27541235, -0.19161136, 0.3873985, 0.4118992, 0.98566437, -0.8826557, 0.6643068, 0.7698545, -0.077923685, -0.277183, -0.93440294, 0.47150415, -0.16298197, 0.11038535, -0.17867532, 0.91063446, -0.70944536, -0.20907278, -0.6190581, -0.41518426, -0.38165608, -0.16287953, -0.6491227, -0.5962879, -0.047429122, 0.64133483, 0.037666522, -0.70857805, 0.85685915, 0.68057615, -0.96478206, 0.4737619, -0.55791795, -0.99158806, -0.5972058, -0.72626066, -0.13463008, -0.20926344, -0.689674, 0.010807282, -0.417674, -0.03913887, 0.82344854, -0.51822704, -0.709194, -0.67120624, -0.6457734, -0.5787935, 0.9211593, 0.5590852, -0.88683975, -0.7783784, 0.077262476, -0.9554624, 0.9741297, -0.86738193, 0.9034531, -0.07728987, -0.38706616, -0.7420477, 0.046447374, 0.4628302, -0.35925266, 0.04052842, -0.7630371, -0.5823381, 0.9940348, 0.37599313, -0.7835207, 0.28802377, -0.9038735, -0.9158849, -0.19524619, -0.33321047, -0.021360407, -0.8642285, 0.43669614, -0.62049663, 0.557454, 0.13030767, 0.012238315, -0.30437016, -0.5189649, -0.7179998, 0.5363471, 0.75130713, 0.5413541, 0.90216535, -0.80767655, -0.5533331, 0.28193983, -0.053221706, 0.02653362, -0.5091869, -0.92484593, -0.62336016, 0.25826317, -0.47840303, -0.66799295, 0.16173503, -0.47263098, -0.9871271, -0.91172034, -0.18314287, 0.35827705, 0.85149485, -0.43695986, 0.53903395, -0.7828842, -0.16347376, -0.29786363, 0.37387577, -0.22376925, -0.08181668, -0.051877163, -0.3392719, -0.47711107, 0.055202503, -0.9147693, 0.6968553, 0.74299765, 0.5236837, -0.48885316, 0.2683622, 0.28988975, 0.55414176, -0.21983771, 0.6486125, 0.3458499, 0.7986492, 0.05809479, -0.7609326, -0.5223506, 0.16369936, -0.39664742, 0.2297617, 0.041202676, -0.054837134, -0.30044252, -0.23203255, -0.098633796, -0.33518448, 0.2376286, -0.71871996, -0.24012767, 0.1676475, 0.060643584, 0.9501296, 0.77228814, 0.52028084, 0.5798703, 0.6770857, 0.54564196, -0.5015752, -0.6373667, 0.04237137, -0.9456323, -0.98796374, -0.19571581, -0.6715308, -0.10068871, -0.1244936, 0.26611832, -0.69125926, 0.9433947, -0.41708648, -0.28702858, -0.41166067, -0.45037997, -0.7588506, 0.13255988, -0.3306939, -0.15436381, 0.23065574, -0.9760052, -0.6849291, 0.97791946, 0.2691266, 0.41473323, -0.16143657, 0.83041227, -0.39498433, -0.3255555, -0.56084996, 0.48284107, -0.8477638, 0.6073815, -0.3270999, 0.34871644, 0.15551075, 0.6807596, -0.6438026, -0.14045668, -0.92069614, 0.82933676, 0.75868, 0.049912855, -0.65056515, 0.28659242, 0.24185038, -0.231426, -0.33809662, -0.2617258, -0.7915057, 0.4507724, -0.16565774, -0.8481871, 0.7434675, -0.9347221, -0.7437135, 0.96450853, -0.8403567, -0.13175851, -0.22247066, -0.29161814, -0.88829017, -0.15488952, 0.19676356, 0.12635876, 0.4837615, -0.8606098, 0.79606867, 0.6884525, -0.37384713, -0.4315228, -0.22191437, 0.7585904, -0.4108687, -0.5435804, 0.6653063, -0.69120556, 0.01581577, 0.045431618, 0.51828295, -0.14405796, 0.21345732, -0.3858684, -0.6452674, 0.736396, 0.3135831, -0.11680081, -0.6417952, -0.6717776, 0.2523939, 0.043634523, -0.7129289, 0.8506216, 0.39947054, 0.14998026, -0.46413666, -0.93540287, -0.021759283, 0.26293442, -0.8702147, 0.607631, -0.27206177, -0.87195015, -0.25754148, 0.52731395, 0.6091842, 0.539545, -0.7551635, 0.99316937, 0.022410788, -0.3534823, 0.0658617, 0.1631799, -0.9301025, -0.39451623, 0.58790207, 0.57459587, 0.8662231, 0.7588785, -0.37598893, 0.6043175, 0.92168117, -0.421745, 0.5203785, -0.43403158, 0.78570527, -0.5520348, -0.95665455, -0.9885796, 0.25254568, 0.793168, 0.42922637, -0.94597447, -0.86821365, 0.88369596, 0.1899036, -0.22448957, -0.91331166, -0.5983069, 0.3783968, -0.16224661, 0.3713833, 0.26541507, -0.6545426, -0.592955, -0.17550178, -0.12601678, 0.506607, -0.9953712, 0.28807, 0.498942, 0.13339654, 0.18961297]","[7.0, 0.0, -18.0, -7.0, -2.0, -9.0, 6.0, -12.0, -20.0, -11.0, -2.0, 22.0, 5.0, 0.0, -12.0, -1.0, -4.0, 1.0, -10.0, 0.0, -26.0, 5.0, 0.0, 1.0, -7.0, -14.0, -6.0, -24.0, -5.0, -20.0, -14.0, 7.0, 0.0, 14.0, -2.0, -11.0, -8.0, -12.0, 3.0, 1.0, 3.0, 14.0, -8.0, -6.0, -16.0, 11.0, -6.0, -9.0, 1.0, -5.0, -5.0, -3.0, 6.0, 3.0, -17.0, -11.0, -9.0, 13.0, 5.0, 4.0, -11.0, 2.0, -18.0, 5.0, -5.0, -1.0, -3.0, -8.0, 1.0, -2.0, -21.0, 17.0, -10.0, -19.0, -22.0, -6.0, -4.0, -12.0, -2.0, -10.0, 16.0, -10.0, 7.0, -23.0, -10.0, -11.0, 2.0, 8.0, -8.0, -6.0, -1.0, -18.0, -4.0, -4.0, 4.0, -8.0, -15.0, -5.0, -7.0, -5.0, -13.0, 1.0, -6.0, -3.0, 7.0, -19.0, 13.0, -14.0, -10.0, -13.0, -11.0, 5.0, 2.0, 2.0, 4.0, -14.0, -7.0, 4.0, -7.0, -11.0, -14.0, 4.0, 4.0, -13.0, -22.0, -16.0, -13.0, -3.0, -6.0, -1.0, -1.0, 6.0, 1.0, -5.0, -2.0, 0.0, -13.0, -14.0, -9.0, -9.0, 14.0, -10.0, -3.0, -10.0, 2.0, -10.0, -7.0, -7.0, -10.0, 9.0, -10.0, -17.0, -15.0, 0.0, 9.0, -4.0, -18.0, -6.0, 4.0, -3.0, -7.0, -6.0, -8.0, 8.0, -8.0, 0.0, 13.0, -16.0, -9.0, 0.0, -6.0, -4.0, -5.0, -24.0, -30.0, -10.0, -32.0, -5.0, 10.0, -25.0, -21.0, -5.0, -16.0, -9.0, -10.0, -15.0, 6.0, -4.0, -21.0, 12.0, -9.0, -1.0, 4.0, -4.0, -10.0, -1.0, -1.0, -11.0, -10.0, -6.0, -17.0, -3.0, -5.0, 6.0, -7.0, 2.0, -6.0, -3.0, -7.0, 9.0, -15.0, 0.0, -5.0, 2.0, -11.0, -11.0, -3.0, -9.0, -7.0, -1.0, -9.0, 5.0, -1.0, 0.0, -7.0, -5.0, -28.0, 4.0, -13.0, -3.0, 20.0, -7.0, -20.0, 1.0, -11.0, 1.0, -3.0, -7.0, -16.0, -11.0, 6.0, 8.0, -2.0, 11.0, 9.0, 2.0, 2.0, -18.0, -17.0, -10.0, -10.0, -6.0, 11.0, -8.0, -7.0, 2.0, 6.0, -9.0, -7.0, -3.0, -6.0, -14.0, -21.0, -1.0, -5.0, -14.0, -10.0, -27.0, -13.0, 1.0, 5.0, 0.0, -6.0, 9.0, -5.0, -4.0, -16.0, 1.0, -8.0, 6.0, -2.0, -6.0, -10.0, -1.0, 8.0, -6.0, 7.0, -5.0, 7.0, -1.0, 4.0, 10.0, 3.0, -15.0, 3.0, 4.0, 7.0, -6.0, 4.0, 2.0, -10.0, 0.0, -14.0, 9.0, 1.0, -6.0, -14.0, -6.0, -4.0, -11.0, 11.0, -8.0, 0.0, 5.0, -9.0, 0.0, -9.0, -1.0, 10.0, -10.0, -19.0, -21.0, -7.0, 7.0, 1.0, -10.0, -7.0, -3.0, 1.0, 0.0, 2.0, 8.0, -19.0, -9.0, -7.0, -15.0, -12.0, -5.0, -4.0, -33.0, 5.0, 5.0, -5.0, -16.0, -16.0, -4.0, -10.0, 4.0, -19.0, 5.0, -15.0, -4.0, 1.0, -6.0, -19.0, -23.0, 5.0, 8.0, -20.0, -13.0, 4.0, 6.0, -11.0, -5.0, -3.0, -7.0, -12.0, -3.0, 2.0, -17.0, -17.0, -10.0, -2.0, -17.0, -5.0, -16.0, 24.0, 14.0, -6.0, -18.0, -3.0, -2.0, 0.0, -1.0, 0.0, -16.0, -10.0, 1.0, -10.0, -25.0, -6.0, 2.0, -6.0, -13.0, 2.0, 29.0, 2.0, -4.0, -6.0, -5.0, -6.0, 7.0, -7.0, -6.0, 0.0, -4.0, -23.0, -33.0, 9.0, -10.0, -6.0, 2.0, -4.0, 5.0, -2.0, -6.0, -13.0, -11.0, -20.0, -1.0, 7.0, -14.0, -3.0, 20.0, 4.0, -19.0, 3.0, -20.0, -7.0, -10.0, -9.0, 8.0, 10.0, 4.0, -6.0, -6.0, 9.0, -7.0, 10.0, 7.0, -6.0, -5.0, -8.0, 4.0, -2.0, -35.0, 11.0, -15.0, -5.0, -4.0, -5.0, -2.0, -2.0, -21.0, -9.0, -5.0, -2.0, -11.0, -5.0, 2.0, 4.0, -16.0, -7.0, -16.0, -4.0, -12.0, 18.0, 2.0, -13.0, -10.0, -14.0, -1.0, -23.0, -15.0, -4.0, -5.0, -18.0, -4.0, 6.0, -12.0, -9.0, -4.0, -6.0, -20.0, 13.0, 3.0, -13.0, -6.0, 0.0, 3.0, 14.0, -6.0, -10.0, 2.0, -4.0, -7.0, -18.0, 9.0, -6.0, -27.0]",-54.9285266055146,0.0,0.0,0,0.003116607666015625
77,"[-0.18742779, 0.47931033, 0.03150715, -0.64962876, -0.5035863, 0.9595018, 0.81025094, 0.5567674, -0.05138041, -0.14922479, 0.5312974, 0.016035514, 0.77275467, 0.95117277, -0.90310705, 0.049962632, 0.32983404, 0.1263198, -0.3197835, 0.9496479, -0.6599364, 0.5889408, 0.0033574984, -0.40835232, 0.009512053, -0.5053828, 0.6675097, 0.2664249, -0.9597832, 0.70379585, -0.7766493, -0.3401155, -0.7639427, 0.9948885, 0.37373087, -0.8212836, -0.24016738, 0.8194704, -0.44738963, 0.47069126, 0.785092, 0.33473894, 0.9209251, -0.411888, 0.5290805, 0.6088364, 0.61065614, 0.5880375, -0.0251083, 0.004795038, 0.69938135, 0.46695346, 0.04389431, -0.5544098, 0.7105269, -0.82743955, -0.21356253, 0.81371146, -0.8592325, -0.7992836, -0.7610042, -0.77567846, -0.8255948, -0.118522376, -0.9642398, 0.5757714, -0.22076921, -0.8892519, -0.85073465, 0.02412764, -0.29832286, -0.49499893, 0.35645697, 0.400792, -0.24786006, 0.41297653, 0.97727865, -0.8730662, -0.73177654, -0.7103033, -0.63288534, -0.30526558, 0.49257123, -0.21293293, 0.96147805, 0.71739763, 0.89230466, 0.68065655, 0.44275367, 0.692965, -0.5107621, -0.86474735, -0.3123662, 0.41084674, 0.16323633, 0.6970606, -0.84500426, 0.040600136, 0.25646907, 0.89022315, -0.5840192, -0.8818092, 0.30957875, 0.8848082, -0.39794987, 0.30344027, 0.045178793, 0.011112898, -0.41677734, 0.42878923, 0.8220351, 0.7915029, 0.46960506, -0.2987139, 0.62091434, -0.48493463, 0.7666292, -0.8161882, -0.415967, 0.122868836, 0.7062471, -0.3763432, -0.78218806, 0.20457755, -0.460343, -0.80305946, 0.5780721, -0.014975765, 0.54715216, -0.43034708, -0.48902497, -0.9194054, 0.26007822, 0.20371678, -0.62766933, 0.8672428, -0.13916545, -0.2276865, 0.19164208, -0.102728836, 0.6994086, -0.16069977, -0.2727857, -0.5475512, 0.40651527, 0.017516695, -0.8583219, -0.6028013, -0.6488077, -0.5785358, -0.7148704, 0.6263541, 0.098035686, 0.7149159, 0.4615951, -0.10633309, -0.5752223, 0.44295883, 0.97346395, 0.5016595, 0.78017545, 0.66538423, 0.0771755, -0.366135, 0.7199636, -0.30988795, -0.21328561, -0.5526632, -0.42027846, 0.39932683, 0.4854175, 0.5947393, -0.096909605, -0.05806572, 0.30318972, 0.37009668, -0.8169713, -0.32500312, -0.31501454, 0.30157393, 0.17293578, -0.4169792, -0.9289723, 0.98708445, 0.9854324, -0.7120785, -0.7080727, 0.96615726, 0.65137815, 0.96422404, 0.5484801, -0.54973984, 0.42279595, 0.084847115, -0.21717517, -0.7557611, 0.07731215, -0.6326624, 0.72696406, -0.6116372, 0.5011459, -0.4217059, 0.0314422, -0.14295909, -0.38246173, -0.5068797, -0.28496173, 0.7341363, 0.85307753, -0.96884185, 0.715304, -0.1547813, -0.02755536, -0.8853662, -0.32527992, -0.62345314, -0.98975784, -0.60748285, -0.45675915, -0.65999514, -0.5716058, 0.53655887, -0.19167995, -0.16096729, 0.5859129, 0.35645813, 0.8041125, -0.070480235, 0.8363829, 0.35898727, 0.4131791, -0.9413212, -0.66993415, -0.97254646, -0.50250125, 0.024286496, 0.44442114, -0.57209176, 0.23654272, 0.9756169, -0.29812607, -0.9790159, 0.56591123, -0.61732936, 0.56598043, -0.5721253, 0.65408295, -0.8951079, -0.1686786, 0.3045023, -0.7957409, -0.5573934, -0.9525528, -0.8731606, 0.76374453, -0.084282845, -0.8147309, 0.96767366, -0.17593928, 0.85080266, 0.9296557, -0.35302326, 0.8728534, -0.9272809, 0.120541565, -0.7278826, 0.9452105, 0.4286319, -0.45795015, 0.6366578, 0.423312, 0.74591225, 0.078858085, -0.85915256, -0.39408094, 0.86521524, 0.46803302, 0.74679774, -0.38627818, 0.39638144, 0.5373055, -0.22923139, 0.16346553, 0.28269213, 0.098888695, -0.41706392, -0.8299863, -0.25754324, 0.48251885, -0.10895195, -0.33271074, 0.2265945, 0.04089799, 0.061450295, -0.3938878, 0.40950322, 0.13528034, 0.4484706, -0.15508574, 0.6667422, -0.84899473, 0.68321437, 0.17972219, 0.36787027, -0.89221215, 0.6107251, 0.93293774, -0.065042265, 0.33046955, 0.30557182, 0.11906335, -0.67249787, 0.10783821, -0.4391911, -0.23711902, 0.33137336, 0.23686314, 0.24515416, -0.99001664, -0.121143654, -0.3547896, -0.9311518, -0.928418, -0.7447594, -0.24164546, 0.09696496, -0.72336733, -0.5492116, 0.3243844, 0.75116044, 0.5755973, -0.61119664, 0.7190677, 0.5791872, -0.65636456, -0.95704097, -0.9083563, 0.009433792, 0.32353577, 0.64749753, 0.27678797, 0.8804297, -0.052562736, 0.6628722, 0.8874217, -0.40876076, -0.12815255, 0.4947769, -0.90837693, -0.42893898, -0.45111912, -0.342235, -0.7404913, 0.43966722, 0.97843313, -0.5951482, -0.037363887, 0.89529985, -0.7670919, 0.50186473, 0.031166423, 0.15515465, 0.8692699, 0.46989566, -0.8906217, -0.26453564, -0.79454005, 0.9009487, 0.63454527, 0.7932668, -0.107714996, -0.56314546, 0.7013455, -0.61984164, 0.59856355, -0.082889706, 0.6624574, -0.3882736, -0.75011337, -0.19122022, -0.97865134, 0.91103303, 0.055553, -0.77912384, -0.95068794, 0.7377178, 0.5238559, 0.32098633, 0.6105842, -0.2384549, -0.15139578, 0.815671, -0.6367405, -0.2127875, -0.7176432, -0.50837445, 0.45866325, 0.6297992, 0.81435937, -0.050866555, 0.283301, 0.97060627, -0.14404386, 0.5235168, -0.69103307, -0.6191291, 0.8317348, 0.6189766, 0.06968021, 0.86230606, 0.42787734, 0.45908156, 0.663803, -0.95153433, -0.5479525, -0.79039264, 0.9541903, -0.6518401, 0.68947417, 0.15067033, 0.8824273, 0.758748, -0.7869363, 0.18270648, 0.24863748, 0.053373106, 0.52654666, -0.0006426075, 0.17834175, 0.3391858, -0.30340952, 0.42929432, 0.35335156, 0.9654645, 0.9757847, -0.8743834, -0.100158386, -0.28065088, -0.29524106, -0.94281024, -0.42682657, -0.20866077, -0.38573426, -0.50281113, -0.17729579, -0.48054513, 0.91505885, 0.17194086, 0.53965163, -0.47387046, 0.66281575, 0.21826105, -0.6657332, 0.106692135, -0.030344263, 0.47049445, -0.40623266, -0.6782199, 0.12298694, -0.35412958, 0.81245697, -0.3191826, 0.43408954, -0.24643214, -0.7225942, 0.91732836, 0.6738866, 0.37379026, -0.6015896, -0.48725054, -0.27972597, -0.7681759, -0.004041511, 0.10408149, -0.4015199, 0.8070228, 0.059097245, -0.084381446, 0.6007721, 0.977989, -0.059368666, 0.63978726, 0.73152393, 0.23483907, -0.42568028, -0.8945092, 0.03887703, -0.075755335, 0.46565175, -0.2758991, 0.14185075, 0.15726136, -0.35852447, -0.013530763, -0.06826194, 0.39339992, -0.22035334, -0.16652416, -0.23797809, -0.82112074]","[7.0, 0.0, -18.0, -7.0, -2.0, -9.0, 6.0, -12.0, -20.0, -11.0, -2.0, 22.0, 5.0, 0.0, -12.0, -1.0, -4.0, 1.0, -10.0, 0.0, -26.0, 5.0, 0.0, 1.0, -7.0, -14.0, -6.0, -24.0, -5.0, -20.0, -14.0, 7.0, 0.0, 14.0, -2.0, -11.0, -8.0, -12.0, 3.0, 1.0, 3.0, 14.0, -8.0, -6.0, -16.0, 11.0, -6.0, -9.0, 1.0, -5.0, -5.0, -3.0, 6.0, 3.0, -17.0, -11.0, -9.0, 13.0, 5.0, 4.0, -11.0, 2.0, -18.0, 5.0, -5.0, -1.0, -3.0, -8.0, 1.0, -2.0, -21.0, 17.0, -10.0, -19.0, -22.0, -6.0, -4.0, -12.0, -2.0, -10.0, 16.0, -10.0, 7.0, -23.0, -10.0, -11.0, 2.0, 8.0, -8.0, -6.0, -1.0, -18.0, -4.0, -4.0, 4.0, -8.0, -15.0, -5.0, -7.0, -5.0, -13.0, 1.0, -6.0, -3.0, 7.0, -19.0, 13.0, -14.0, -10.0, -13.0, -11.0, 5.0, 2.0, 2.0, 4.0, -14.0, -7.0, 4.0, -7.0, -11.0, -14.0, 4.0, 4.0, -13.0, -22.0, -16.0, -13.0, -3.0, -6.0, -1.0, -1.0, 6.0, 1.0, -5.0, -2.0, 0.0, -13.0, -14.0, -9.0, -9.0, 14.0, -10.0, -3.0, -10.0, 2.0, -10.0, -7.0, -7.0, -10.0, 9.0, -10.0, -17.0, -15.0, 0.0, 9.0, -4.0, -18.0, -6.0, 4.0, -3.0, -7.0, -6.0, -8.0, 8.0, -8.0, 0.0, 13.0, -16.0, -9.0, 0.0, -6.0, -4.0, -5.0, -24.0, -30.0, -10.0, -32.0, -5.0, 10.0, -25.0, -21.0, -5.0, -16.0, -9.0, -10.0, -15.0, 6.0, -4.0, -21.0, 12.0, -9.0, -1.0, 4.0, -4.0, -10.0, -1.0, -1.0, -11.0, -10.0, -6.0, -17.0, -3.0, -5.0, 6.0, -7.0, 2.0, -6.0, -3.0, -7.0, 9.0, -15.0, 0.0, -5.0, 2.0, -11.0, -11.0, -3.0, -9.0, -7.0, -1.0, -9.0, 5.0, -1.0, 0.0, -7.0, -5.0, -28.0, 4.0, -13.0, -3.0, 20.0, -7.0, -20.0, 1.0, -11.0, 1.0, -3.0, -7.0, -16.0, -11.0, 6.0, 8.0, -2.0, 11.0, 9.0, 2.0, 2.0, -18.0, -17.0, -10.0, -10.0, -6.0, 11.0, -8.0, -7.0, 2.0, 6.0, -9.0, -7.0, -3.0, -6.0, -14.0, -21.0, -1.0, -5.0, -14.0, -10.0, -27.0, -13.0, 1.0, 5.0, 0.0, -6.0, 9.0, -5.0, -4.0, -16.0, 1.0, -8.0, 6.0, -2.0, -6.0, -10.0, -1.0, 8.0, -6.0, 7.0, -5.0, 7.0, -1.0, 4.0, 10.0, 3.0, -15.0, 3.0, 4.0, 7.0, -6.0, 4.0, 2.0, -10.0, 0.0, -14.0, 9.0, 1.0, -6.0, -14.0, -6.0, -4.0, -11.0, 11.0, -8.0, 0.0, 5.0, -9.0, 0.0, -9.0, -1.0, 10.0, -10.0, -19.0, -21.0, -7.0, 7.0, 1.0, -10.0, -7.0, -3.0, 1.0, 0.0, 2.0, 8.0, -19.0, -9.0, -7.0, -15.0, -12.0, -5.0, -4.0, -33.0, 5.0, 5.0, -5.0, -16.0, -16.0, -4.0, -10.0, 4.0, -19.0, 5.0, -15.0, -4.0, 1.0, -6.0, -19.0, -23.0, 5.0, 8.0, -20.0, -13.0, 4.0, 6.0, -11.0, -5.0, -3.0, -7.0, -12.0, -3.0, 2.0, -17.0, -17.0, -10.0, -2.0, -17.0, -5.0, -16.0, 24.0, 14.0, -6.0, -18.0, -3.0, -2.0, 0.0, -1.0, 0.0, -16.0, -10.0, 1.0, -10.0, -25.0, -6.0, 2.0, -6.0, -13.0, 2.0, 29.0, 2.0, -4.0, -6.0, -5.0, -6.0, 7.0, -7.0, -6.0, 0.0, -4.0, -23.0, -33.0, 9.0, -10.0, -6.0, 2.0, -4.0, 5.0, -2.0, -6.0, -13.0, -11.0, -20.0, -1.0, 7.0, -14.0, -3.0, 20.0, 4.0, -19.0, 3.0, -20.0, -7.0, -10.0, -9.0, 8.0, 10.0, 4.0, -6.0, -6.0, 9.0, -7.0, 10.0, 7.0, -6.0, -5.0, -8.0, 4.0, -2.0, -35.0, 11.0, -15.0, -5.0, -4.0, -5.0, -2.0, -2.0, -21.0, -9.0, -5.0, -2.0, -11.0, -5.0, 2.0, 4.0, -16.0, -7.0, -16.0, -4.0, -12.0, 18.0, 2.0, -13.0, -10.0, -14.0, -1.0, -23.0, -15.0, -4.0, -5.0, -18.0, -4.0, 6.0, -12.0, -9.0, -4.0, -6.0, -20.0, 13.0, 3.0, -13.0, -6.0, 0.0, 3.0, 14.0, -6.0, -10.0, 2.0, -4.0, -7.0, -18.0, 9.0, -6.0, -27.0]",-54.9285266055146,0.0,0.0,0,0.003307819366455078
78,"[-0.7944763, -0.073316574, -0.40317494, 0.2728445, 0.6320865, -0.74839246, -0.6915746, -0.8454314, -0.667351, -0.20771822, 0.8686617, -0.12043263, -0.6341152, 0.9141647, -0.31804925, 0.50051737, 0.92015475, 0.8336596, -0.4672686, -0.58499265, 0.3514817, 0.35540113, -0.4974761, -0.80298895, -0.8616578, -0.5701476, 0.6317968, 0.12032972, 0.25370726, 0.16454403, 0.7649306, 0.67123055, 0.7001759, -0.5282954, -0.7335863, 0.6927506, -0.52922505, 0.1899145, -0.9522915, -0.8671729, -0.2259394, 0.95763814, 0.580529, 0.34483507, 0.7289957, 0.10792783, 0.42118198, 0.10047871, -0.9389101, 0.12084258, 0.89960206, 0.33522582, -0.3079318, 0.8170683, 0.42657274, -0.06717817, -0.79652864, -0.23431902, 0.08156665, -0.26324415, -0.94911915, 0.55413324, 0.23414992, 0.86891514, 0.6641453, 0.14972083, 0.93869174, -0.7145171, -0.7984541, -0.2241424, 0.19444434, -0.026966885, 0.6426962, -0.73642325, -0.87695736, 0.872528, 0.6241102, -0.15602376, -0.3958692, -0.8826874, 0.53454614, 0.40496498, 0.7420014, 0.7065267, 0.5538075, 0.12167967, -0.3596505, 0.7854821, 0.7738936, 0.60026354, -0.0124901505, 0.3566849, 0.47539857, 0.09726692, -0.78582, 0.8423583, -0.36251166, -0.7151576, -0.4179696, -0.89033085, -0.8550417, 0.6939815, -0.6168245, -0.9378202, -0.24887782, -0.40764105, -0.39906433, -0.20282574, -0.8924039, -0.8895634, -0.80737805, 0.14955397, -0.4736768, 0.38512036, -0.45196828, 0.3168734, 0.9284578, 0.109719306, -0.49759132, 0.0743645, 0.27087986, 0.376951, -0.49138966, -0.42984405, -0.18096486, -0.777535, -0.07630972, -0.7129835, 0.5294836, 0.45646825, 0.995112, 0.6279845, 0.468713, 0.75716203, -0.4714551, -0.1197287, -0.47232476, 0.019639159, -0.91365564, -0.9399169, -0.2917401, 0.39476314, -0.7375558, 0.21309015, -0.22248685, -0.43529403, 0.31829658, 0.6985853, -0.7067451, -0.49551502, 0.62341446, 0.078605734, 0.11701473, 0.20878841, -0.6570653, -0.34723562, 0.9287539, 0.19450596, 0.02454458, -0.3927059, -0.83422637, 0.2481681, -0.95180756, 0.52981865, 0.6731041, -0.44168964, -0.7154869, 0.3365782, -0.6864362, -0.44791976, -0.2780035, -0.86285675, 0.18422273, -0.39360195, 0.11157603, 0.60369104, 0.031325307, -0.40726504, -0.8424866, -0.5161591, -0.84990686, -0.43882987, -0.25504366, -0.5957654, -0.14037745, -0.21182276, -0.5968695, 0.99662155, 0.38206202, 0.8035086, 0.39677155, -0.8741915, 0.5998341, 0.5189899, 0.7393703, -0.03193274, 0.10984383, -0.17772299, -0.19432577, 0.17589106, -0.29623243, 0.28747982, 0.22231522, -0.2379632, -0.4982334, 0.096891075, -0.6129657, -0.24205002, -0.6071793, 0.33455548, -0.48380986, -0.018102387, -0.40457767, 0.1452504, 0.1639519, -0.58180624, 0.36070454, -0.12246989, 0.9510824, 0.028019622, -0.94671017, 0.03228326, -0.64613736, 0.9671125, -0.279464, 0.13203862, 0.49323338, 0.22225302, 0.14647548, -0.6668468, 0.9454272, 0.28635553, -0.111770086, -0.56320095, 0.9669816, -0.2671747, 0.27598402, 0.041899495, -0.11433571, -0.8431886, 0.41326463, -0.7202314, -0.76988125, -0.2762302, -0.4340567, 0.7777454, 0.8146448, -0.5899203, -0.41019332, -0.16818489, 0.64002234, -0.82102597, 0.022971997, -0.9983128, 0.6782663, 0.28660572, -0.9836593, 0.934578, 0.0741236, -0.9506521, 0.25850248, -0.54715747, 0.8003028, -0.95124596, -0.126407, 0.9147667, -0.40600294, 0.7673598, 0.06849953, 0.47929654, 0.18426628, 0.014393672, 0.16580805, -0.72404635, 0.24334238, -0.42407072, 0.32177657, -0.38523492, 0.96517724, -0.37575972, -0.6441653, -0.062608, -0.30711684, -0.47321323, 0.5480992, 0.99614847, 0.6611166, 0.63102263, -0.23427752, -0.032400988, 0.3563176, 0.16203026, -0.17910793, 0.8929505, 0.11976879, -0.51975065, -0.8813339, -0.29713127, -0.016355127, -0.07491614, 0.5325432, -0.08116825, 0.38739243, -0.29159132, 0.91300887, -0.12364719, -0.7582835, -0.9159411, 0.28062013, 0.72075266, -0.23673616, -0.6766338, 0.060541194, -0.20701942, -0.38766426, -0.85977876, -0.67629, -0.718604, -0.58506936, 0.9777175, 0.9982962, -0.8277077, -0.30439898, 0.27894196, 0.9576512, -0.69764966, 0.11004234, 0.40004262, 0.95562845, 0.18236019, 0.25556457, 0.37042657, 0.34143463, -0.63808155, -0.42753103, 0.6625251, 0.38442034, 0.43077266, 0.09724983, 0.020670626, -0.6396996, 0.43594295, -0.5154408, 0.9644399, -0.86312014, 0.49572048, -0.33493146, -0.61502844, 0.5749422, -0.76140267, 0.017645013, 0.6432742, -0.05926764, -0.7511826, 0.057153765, 0.72681206, 0.80986863, 0.77036506, 0.5728769, 0.040200353, -0.88008547, 0.9429204, 0.6575116, 0.4248126, 0.85775954, 0.07799528, -0.8870758, 0.9691689, 0.21602996, 0.018522367, -0.49129784, 0.990894, 0.35043988, 0.5851869, 0.62017334, -0.3185404, -0.6063964, 0.057513148, -0.93420726, 0.7654658, 0.032343123, -0.45021, -0.22986537, -0.87606645, 0.551168, -0.77170104, 0.7961877, 0.8758763, -0.24482915, -0.63368094, -0.60737044, -0.76086664, 0.40275353, 0.66709745, -0.34098315, 0.11417049, 0.7420497, 0.8105209, -0.40050235, -0.743445, -0.7957478, -0.11587448, 0.6695887, -0.76869124, 0.10055914, 0.10678983, 0.49948058, -0.6898665, 0.23984315, -0.26813334, -0.51809216, 0.8725741, -0.23202664, -0.33418393, 0.8810651, -0.5185925, 0.93838733, 0.58412457, 0.67528415, -0.9451086, -0.923284, 0.64207685, 0.12840591, 0.4859356, -0.34840453, -0.21935044, -0.0047385124, -0.92282116, 0.2960618, 0.35373285, -0.7177164, 0.5290131, 0.79577315, -0.25192535, 0.7697603, 0.9643708, -0.8017992, -0.57059777, -0.24169901, -0.9304965, 0.17711233, 0.12899864, 0.036475617, -0.09536586, -0.4590468, -0.38780802, -0.09467619, 0.6391315, -0.016464015, -0.13666216, 0.2572404, -0.66118604, -0.67014843, 0.6507883, 0.7470976, 0.16889948, 0.8047963, -0.7295049, -0.37353444, 0.26909003, -0.6728388, 0.2707326, 0.12999068, -0.5769499, 0.109101154, 0.64692736, -0.6474625, -0.8276325, -0.4098196, -0.026317656, -0.47607368, -0.05168967, 0.33711663, 0.80833113, 0.01229598, 0.8956093, -0.9752059, -0.28918675, 0.40911183, -0.09294614, 0.44160745, -0.55738753, 0.19589232, 0.28903097, 0.6477734, -0.7086412, -0.70467097, 0.9188946, 0.28033552, -0.03850692, -0.15290561, -0.452984, 0.16971108, 0.7447614, 0.027378367, -0.33544847, 0.27612257, 0.8286096, 0.7259066, -0.9968529]","[7.0, 0.0, -18.0, -7.0, -2.0, -9.0, 6.0, -12.0, -20.0, -11.0, -2.0, 22.0, 5.0, 0.0, -12.0, -1.0, -4.0, 1.0, -10.0, 0.0, -26.0, 5.0, 0.0, 1.0, -7.0, -14.0, -6.0, -24.0, -5.0, -20.0, -14.0, 7.0, 0.0, 14.0, -2.0, -11.0, -8.0, -12.0, 3.0, 1.0, 3.0, 14.0, -8.0, -6.0, -16.0, 11.0, -6.0, -9.0, 1.0, -5.0, -5.0, -3.0, 6.0, 3.0, -17.0, -11.0, -9.0, 13.0, 5.0, 4.0, -11.0, 2.0, -18.0, 5.0, -5.0, -1.0, -3.0, -8.0, 1.0, -2.0, -21.0, 17.0, -10.0, -19.0, -22.0, -6.0, -4.0, -12.0, -2.0, -10.0, 16.0, -10.0, 7.0, -23.0, -10.0, -11.0, 2.0, 8.0, -8.0, -6.0, -1.0, -18.0, -4.0, -4.0, 4.0, -8.0, -15.0, -5.0, -7.0, -5.0, -13.0, 1.0, -6.0, -3.0, 7.0, -19.0, 13.0, -14.0, -10.0, -13.0, -11.0, 5.0, 2.0, 2.0, 4.0, -14.0, -7.0, 4.0, -7.0, -11.0, -14.0, 4.0, 4.0, -13.0, -22.0, -16.0, -13.0, -3.0, -6.0, -1.0, -1.0, 6.0, 1.0, -5.0, -2.0, 0.0, -13.0, -14.0, -9.0, -9.0, 14.0, -10.0, -3.0, -10.0, 2.0, -10.0, -7.0, -7.0, -10.0, 9.0, -10.0, -17.0, -15.0, 0.0, 9.0, -4.0, -18.0, -6.0, 4.0, -3.0, -7.0, -6.0, -8.0, 8.0, -8.0, 0.0, 13.0, -16.0, -9.0, 0.0, -6.0, -4.0, -5.0, -24.0, -30.0, -10.0, -32.0, -5.0, 10.0, -25.0, -21.0, -5.0, -16.0, -9.0, -10.0, -15.0, 6.0, -4.0, -21.0, 12.0, -9.0, -1.0, 4.0, -4.0, -10.0, -1.0, -1.0, -11.0, -10.0, -6.0, -17.0, -3.0, -5.0, 6.0, -7.0, 2.0, -6.0, -3.0, -7.0, 9.0, -15.0, 0.0, -5.0, 2.0, -11.0, -11.0, -3.0, -9.0, -7.0, -1.0, -9.0, 5.0, -1.0, 0.0, -7.0, -5.0, -28.0, 4.0, -13.0, -3.0, 20.0, -7.0, -20.0, 1.0, -11.0, 1.0, -3.0, -7.0, -16.0, -11.0, 6.0, 8.0, -2.0, 11.0, 9.0, 2.0, 2.0, -18.0, -17.0, -10.0, -10.0, -6.0, 11.0, -8.0, -7.0, 2.0, 6.0, -9.0, -7.0, -3.0, -6.0, -14.0, -21.0, -1.0, -5.0, -14.0, -10.0, -27.0, -13.0, 1.0, 5.0, 0.0, -6.0, 9.0, -5.0, -4.0, -16.0, 1.0, -8.0, 6.0, -2.0, -6.0, -10.0, -1.0, 8.0, -6.0, 7.0, -5.0, 7.0, -1.0, 4.0, 10.0, 3.0, -15.0, 3.0, 4.0, 7.0, -6.0, 4.0, 2.0, -10.0, 0.0, -14.0, 9.0, 1.0, -6.0, -14.0, -6.0, -4.0, -11.0, 11.0, -8.0, 0.0, 5.0, -9.0, 0.0, -9.0, -1.0, 10.0, -10.0, -19.0, -21.0, -7.0, 7.0, 1.0, -10.0, -7.0, -3.0, 1.0, 0.0, 2.0, 8.0, -19.0, -9.0, -7.0, -15.0, -12.0, -5.0, -4.0, -33.0, 5.0, 5.0, -5.0, -16.0, -16.0, -4.0, -10.0, 4.0, -19.0, 5.0, -15.0, -4.0, 1.0, -6.0, -19.0, -23.0, 5.0, 8.0, -20.0, -13.0, 4.0, 6.0, -11.0, -5.0, -3.0, -7.0, -12.0, -3.0, 2.0, -17.0, -17.0, -10.0, -2.0, -17.0, -5.0, -16.0, 24.0, 14.0, -6.0, -18.0, -3.0, -2.0, 0.0, -1.0, 0.0, -16.0, -10.0, 1.0, -10.0, -25.0, -6.0, 2.0, -6.0, -13.0, 2.0, 29.0, 2.0, -4.0, -6.0, -5.0, -6.0, 7.0, -7.0, -6.0, 0.0, -4.0, -23.0, -33.0, 9.0, -10.0, -6.0, 2.0, -4.0, 5.0, -2.0, -6.0, -13.0, -11.0, -20.0, -1.0, 7.0, -14.0, -3.0, 20.0, 4.0, -19.0, 3.0, -20.0, -7.0, -10.0, -9.0, 8.0, 10.0, 4.0, -6.0, -6.0, 9.0, -7.0, 10.0, 7.0, -6.0, -5.0, -8.0, 4.0, -2.0, -35.0, 11.0, -15.0, -5.0, -4.0, -5.0, -2.0, -2.0, -21.0, -9.0, -5.0, -2.0, -11.0, -5.0, 2.0, 4.0, -16.0, -7.0, -16.0, -4.0, -12.0, 18.0, 2.0, -13.0, -10.0, -14.0, -1.0, -23.0, -15.0, -4.0, -5.0, -18.0, -4.0, 6.0, -12.0, -9.0, -4.0, -6.0, -20.0, 13.0, 3.0, -13.0, -6.0, 0.0, 3.0, 14.0, -6.0, -10.0, 2.0, -4.0, -7.0, -18.0, 9.0, -6.0, -27.0]",-54.9285266055146,0.0,0.0,0,0.0031349658966064453
79,"[-0.34267625, 0.22440599, 0.0043878816, -0.7704987, 0.13824861, 0.110795006, -0.7313629, -0.9665074, 0.24429229, -0.07314175, -0.40002668, 0.14015606, -0.14922108, -0.17832808, -0.95185274, 0.23369682, -0.7058575, 0.2847676, 0.36122006, -0.6695891, 0.6185754, 0.03714466, 0.27624965, 0.95320386, 0.39808926, -0.3343833, 0.38380826, 0.6389048, 0.36594468, -0.72771245, 0.6204953, -0.43300197, 0.9566903, -0.23641036, -0.00018041517, 0.9284058, 0.5598689, -0.89964813, 0.6678447, 0.124610886, 0.9995504, 0.92207766, 0.9750241, -0.45231956, 0.20005748, -0.28478202, -0.35732487, 0.3335166, -0.63265234, -0.2687788, 0.27365413, 0.10164918, 0.714171, -0.15600188, -0.24427958, -0.118500166, 0.6036065, 0.79377186, -0.27804422, 0.6357931, 0.064351335, -0.9339642, 0.3337948, 0.6569702, 0.07779588, 0.13159512, 0.17448144, -0.044875197, -0.92026556, -0.76586574, 0.8349347, 0.90860945, 0.9427457, 0.7121319, 0.116487674, -0.3123103, 0.83380055, -0.8284682, -0.6142672, 0.29586947, -0.6903328, 0.8012682, -0.8478243, 0.6695348, 0.8027971, -0.38841283, 0.7047726, -0.48159504, 0.24371782, -0.480782, 0.44736135, -0.8310309, -0.45608607, 0.3022633, 0.5760043, -0.58397144, -0.11093555, -0.66413015, -0.7680331, -0.31759602, -0.8169021, 0.13235296, 0.8545835, 0.42996922, 0.27664274, 0.956808, -0.7147913, 0.22787195, -0.59815866, -0.3296506, 0.7259597, 0.95335966, -0.7244465, -0.79669875, 0.00050092326, 0.958122, 0.9479473, -0.4730449, -0.7443085, -0.53227055, 0.20067386, -0.22185113, -0.6303981, -0.80353093, 0.9560142, 0.7830306, -0.77926, 0.1266702, -0.9497687, -0.18906906, -0.71287584, -0.6754612, -0.87682426, -0.8475924, 0.2628162, -0.060382813, 0.23113903, 0.7288289, 0.26073194, -0.11767557, -0.9086001, 0.242516, 0.39991492, -0.008168962, 0.23686203, 0.4383796, 0.57227266, -0.40241483, 0.81618726, 0.48978445, 0.80853766, 0.86709607, 0.7152614, -0.5285708, 0.16785593, -0.79963785, 0.2828124, -0.58985573, 0.6621023, 0.58620423, -0.27858528, -0.031394623, -0.18310182, -0.45552507, 0.012548709, -0.46894613, -0.7877393, 0.94856, -0.17179969, -0.08922916, 0.044692118, 0.8111768, -0.84692234, -0.28539637, -0.3273089, -0.5074357, -0.5325251, 0.27478516, -0.76098186, 0.4199599, 0.026063245, -0.84000725, 0.889857, 0.83244795, -0.74951625, -0.610999, 0.86761725, -0.31609213, 0.8054571, 0.12569468, 0.42132273, 0.8067826, -0.8329706, -0.19740036, 0.8214841, -0.43845257, -0.51569176, 0.57318264, 0.742163, 0.18047525, -0.2975045, 0.25713, -0.236229, 0.33742273, -0.30098298, -0.7046232, 0.55041766, 0.9575779, 0.059169892, 0.4012679, 0.6644755, 0.7109362, -0.33516568, -0.044504203, 0.73367745, -0.33055303, 0.6371828, 0.71978563, 0.951872, 0.74047345, -0.3820457, 0.6067776, 0.8018429, 0.9513429, -0.6043373, 0.8328019, -0.9646462, -0.07750144, 0.948946, 0.95922047, 0.66566205, -0.38695928, -0.5730621, -0.37400272, 0.90835434, -0.3108597, -0.47907272, 0.016540382, -0.7074641, 0.08022058, 0.32564515, 0.48805392, 0.6104274, 0.98420376, 0.9403443, -0.47197977, 0.099346206, -0.2781653, 0.1663079, 0.65049136, -0.9373454, -0.9349862, -0.96768665, -0.21941674, -0.14453256, -0.010469275, 0.8985707, 0.107431844, -0.48807782, -0.34373444, -0.3424094, 0.27397767, -0.39979187, -0.12978804, -0.8734575, -0.6153002, 0.7535791, -0.02623618, -0.36341116, 0.76269704, 0.7976458, 0.48451063, -0.07168975, 0.57954586, -0.40024918, -0.59039783, 0.6956867, 0.16078085, 0.99037254, 0.614338, 0.9757365, -0.73937833, -0.58645666, -0.61398953, 0.45588657, 0.20130986, 0.17122105, -0.31453386, 0.8522456, 0.7979659, 0.0639206, -0.7982236, 0.95208794, -0.9915739, 0.71824473, -0.27460063, -0.5666603, -0.6327434, -0.6977307, 0.7245919, 0.06291186, -0.37645313, -0.9365767, -0.6651418, -0.4570202, -0.8186047, 0.15650864, 0.41197652, 0.32815954, 0.30154502, 0.7429391, 0.61894196, -0.18512928, -0.29249084, 0.2937717, 0.9187067, -0.09574685, 0.98436046, -0.39334956, 0.7230227, -0.9070968, 0.7640238, 0.96592665, 0.29445955, -0.27936125, -0.7650461, 0.06102458, 0.28283754, 0.5020928, 0.4797155, 0.8431134, 0.3604956, 0.99297005, 0.66481817, -0.9140387, -0.97113365, 0.2608716, -0.55061716, -0.9556455, 0.4956528, 0.43609637, -0.10821197, 0.33113495, -0.5677027, -0.35006002, -0.22263837, -0.7210618, -0.51672846, 0.2188364, 0.35179222, 0.96389425, 0.029142192, -0.063483104, -0.48589766, 0.44870436, -0.17655, -0.4196341, -0.29129046, -0.63120663, -0.059640147, -0.90577006, 0.3494589, 0.462887, -0.20545416, -0.3750047, 0.859723, 0.94301754, -0.79378784, -0.24232687, -0.73919207, 0.029996036, 0.18106215, 0.14457712, -0.5882171, -0.7233488, 0.38243738, -0.6630115, 0.16216867, 0.5668356, 0.39150122, -0.5877283, -0.5154817, 0.1040903, -0.665884, 0.9403699, 0.6002482, 0.5335938, 0.4202709, 0.34582046, 0.116383925, 0.28502402, -0.25921863, -0.9562085, 0.9500567, 0.24866705, 0.6214293, 0.058535427, -0.7185651, -0.9757518, -0.04403308, -0.84509724, -0.82515085, -0.16211589, 0.20827727, -0.06492174, 0.3635664, -0.9619336, 0.43110225, 0.8821771, 0.40443733, -0.10520004, 0.56146437, -0.8193831, 0.6155124, -0.09580184, -0.41947496, -0.0077419924, -0.26138592, -0.20902471, -0.75369704, -0.06469771, 0.358977, -0.7191418, 0.57185036, -0.8572794, -0.47410867, 0.8816779, -0.8394117, 0.36627173, 0.27332067, -0.442641, 0.398631, -0.7448555, -0.6237046, -0.5289774, -0.76346993, -0.7383607, 0.78528506, -0.24994543, 0.95796174, -0.6771682, 0.059686303, -0.5618641, -0.62094635, -0.48729867, -0.4804913, 0.07453214, 0.6524085, -0.71174496, -0.12475436, 0.98058295, -0.21015108, 0.42145398, -0.4902266, 0.053065937, -0.74274755, -0.46523088, 0.8437665, -0.048592504, -0.6659595, 0.992977, 0.64577705, 0.5710865, -0.7128271, -0.9261085, 0.43993574, 0.49617213, -0.9720797, -0.15624315, 0.7688083, 0.86894715, -0.6291191, 0.2708418, -0.69532627, -0.37054527, 0.4137215, -0.39993083, -0.59945816, 0.8279342, 0.10331342, -0.9506542, 0.15567832, 0.48200464, -0.67463464, -0.53100824, 0.13183175, -0.8801667, -0.39357564, 0.40909848, 0.43432218, -0.27340427, 0.81758505, -0.7175011, 0.83514696, -0.4734253, -0.85965025, -0.66984695, 0.74119526, 0.35342547, -0.89912343]","[7.0, 0.0, -18.0, -7.0, -2.0, -9.0, 6.0, -12.0, -20.0, -11.0, -2.0, 22.0, 5.0, 0.0, -12.0, -1.0, -4.0, 1.0, -10.0, 0.0, -26.0, 5.0, 0.0, 1.0, -7.0, -14.0, -6.0, -24.0, -5.0, -20.0, -14.0, 7.0, 0.0, 14.0, -2.0, -11.0, -8.0, -12.0, 3.0, 1.0, 3.0, 14.0, -8.0, -6.0, -16.0, 11.0, -6.0, -9.0, 1.0, -5.0, -5.0, -3.0, 6.0, 3.0, -17.0, -11.0, -9.0, 13.0, 5.0, 4.0, -11.0, 2.0, -18.0, 5.0, -5.0, -1.0, -3.0, -8.0, 1.0, -2.0, -21.0, 17.0, -10.0, -19.0, -22.0, -6.0, -4.0, -12.0, -2.0, -10.0, 16.0, -10.0, 7.0, -23.0, -10.0, -11.0, 2.0, 8.0, -8.0, -6.0, -1.0, -18.0, -4.0, -4.0, 4.0, -8.0, -15.0, -5.0, -7.0, -5.0, -13.0, 1.0, -6.0, -3.0, 7.0, -19.0, 13.0, -14.0, -10.0, -13.0, -11.0, 5.0, 2.0, 2.0, 4.0, -14.0, -7.0, 4.0, -7.0, -11.0, -14.0, 4.0, 4.0, -13.0, -22.0, -16.0, -13.0, -3.0, -6.0, -1.0, -1.0, 6.0, 1.0, -5.0, -2.0, 0.0, -13.0, -14.0, -9.0, -9.0, 14.0, -10.0, -3.0, -10.0, 2.0, -10.0, -7.0, -7.0, -10.0, 9.0, -10.0, -17.0, -15.0, 0.0, 9.0, -4.0, -18.0, -6.0, 4.0, -3.0, -7.0, -6.0, -8.0, 8.0, -8.0, 0.0, 13.0, -16.0, -9.0, 0.0, -6.0, -4.0, -5.0, -24.0, -30.0, -10.0, -32.0, -5.0, 10.0, -25.0, -21.0, -5.0, -16.0, -9.0, -10.0, -15.0, 6.0, -4.0, -21.0, 12.0, -9.0, -1.0, 4.0, -4.0, -10.0, -1.0, -1.0, -11.0, -10.0, -6.0, -17.0, -3.0, -5.0, 6.0, -7.0, 2.0, -6.0, -3.0, -7.0, 9.0, -15.0, 0.0, -5.0, 2.0, -11.0, -11.0, -3.0, -9.0, -7.0, -1.0, -9.0, 5.0, -1.0, 0.0, -7.0, -5.0, -28.0, 4.0, -13.0, -3.0, 20.0, -7.0, -20.0, 1.0, -11.0, 1.0, -3.0, -7.0, -16.0, -11.0, 6.0, 8.0, -2.0, 11.0, 9.0, 2.0, 2.0, -18.0, -17.0, -10.0, -10.0, -6.0, 11.0, -8.0, -7.0, 2.0, 6.0, -9.0, -7.0, -3.0, -6.0, -14.0, -21.0, -1.0, -5.0, -14.0, -10.0, -27.0, -13.0, 1.0, 5.0, 0.0, -6.0, 9.0, -5.0, -4.0, -16.0, 1.0, -8.0, 6.0, -2.0, -6.0, -10.0, -1.0, 8.0, -6.0, 7.0, -5.0, 7.0, -1.0, 4.0, 10.0, 3.0, -15.0, 3.0, 4.0, 7.0, -6.0, 4.0, 2.0, -10.0, 0.0, -14.0, 9.0, 1.0, -6.0, -14.0, -6.0, -4.0, -11.0, 11.0, -8.0, 0.0, 5.0, -9.0, 0.0, -9.0, -1.0, 10.0, -10.0, -19.0, -21.0, -7.0, 7.0, 1.0, -10.0, -7.0, -3.0, 1.0, 0.0, 2.0, 8.0, -19.0, -9.0, -7.0, -15.0, -12.0, -5.0, -4.0, -33.0, 5.0, 5.0, -5.0, -16.0, -16.0, -4.0, -10.0, 4.0, -19.0, 5.0, -15.0, -4.0, 1.0, -6.0, -19.0, -23.0, 5.0, 8.0, -20.0, -13.0, 4.0, 6.0, -11.0, -5.0, -3.0, -7.0, -12.0, -3.0, 2.0, -17.0, -17.0, -10.0, -2.0, -17.0, -5.0, -16.0, 24.0, 14.0, -6.0, -18.0, -3.0, -2.0, 0.0, -1.0, 0.0, -16.0, -10.0, 1.0, -10.0, -25.0, -6.0, 2.0, -6.0, -13.0, 2.0, 29.0, 2.0, -4.0, -6.0, -5.0, -6.0, 7.0, -7.0, -6.0, 0.0, -4.0, -23.0, -33.0, 9.0, -10.0, -6.0, 2.0, -4.0, 5.0, -2.0, -6.0, -13.0, -11.0, -20.0, -1.0, 7.0, -14.0, -3.0, 20.0, 4.0, -19.0, 3.0, -20.0, -7.0, -10.0, -9.0, 8.0, 10.0, 4.0, -6.0, -6.0, 9.0, -7.0, 10.0, 7.0, -6.0, -5.0, -8.0, 4.0, -2.0, -35.0, 11.0, -15.0, -5.0, -4.0, -5.0, -2.0, -2.0, -21.0, -9.0, -5.0, -2.0, -11.0, -5.0, 2.0, 4.0, -16.0, -7.0, -16.0, -4.0, -12.0, 18.0, 2.0, -13.0, -10.0, -14.0, -1.0, -23.0, -15.0, -4.0, -5.0, -18.0, -4.0, 6.0, -12.0, -9.0, -4.0, -6.0, -20.0, 13.0, 3.0, -13.0, -6.0, 0.0, 3.0, 14.0, -6.0, -10.0, 2.0, -4.0, -7.0, -18.0, 9.0, -6.0, -27.0]",-54.9285266055146,0.0,0.0,0,0.0031349658966064453
80,"[0.1032061, 0.7739462, -0.68753535, 0.023302093, 0.1346512, -0.3581076, 0.042611726, -0.14043601, 0.77312964, 0.94959426, 0.65198624, 0.57697624, -0.09226783, -0.052248504, 0.92206234, -0.09731064, 0.36191595, 0.5302756, -0.34099948, -0.47444114, -0.06717911, 0.46011057, 0.541285, -0.15029413, -0.9019704, -0.20938239, 0.8410983, 0.00783262, -0.117711954, -0.8459589, -0.83746666, 0.43079245, -0.695287, -0.11819543, -0.40066275, 0.4817318, -0.39037186, 0.36178568, -0.5081713, 0.8715252, 0.29045102, -0.6468077, 0.66441596, 0.056371216, 0.43879327, 0.8714036, 0.8321856, 0.17471246, 0.66649914, 0.16466206, -0.15317163, -0.25613415, -0.25409988, -0.8704871, 0.07014765, 0.644191, 0.43620637, -0.5981727, 0.22483721, -0.16159916, -0.6546038, 0.0044083525, -0.19932492, 0.83134955, -0.15991302, 0.8297154, -0.4188576, 0.7914629, -0.21291451, 0.64500195, 0.42879617, 0.86546177, -0.54673636, 0.004671953, -0.83672446, -0.7994246, 0.86350846, -0.62629116, -0.5876381, -0.7631315, 0.19717643, -0.03650274, 0.12501322, -0.29391295, 0.84533805, -0.944134, -0.6969694, -0.0071574305, -0.292834, -0.18846497, 0.22397114, 0.81793123, -0.48592713, 0.49029145, 0.9085551, -0.6969258, 0.79048425, -0.0035450894, 0.5561188, -0.8870429, -0.27003688, -0.053647414, 0.4954036, -0.9207046, -0.92573494, 0.22430044, -0.35006857, -0.28718704, -0.99214315, -0.31173167, -0.43862984, -0.8102391, 0.59825295, -0.80397725, 0.3062482, 0.890978, 0.06696976, 0.011191215, 0.95698225, 0.50123507, -0.80475545, 0.60489064, 0.9880759, 0.638538, -0.8479721, -0.105917156, 0.5737121, 0.47093242, 0.28290698, -0.68660593, 0.9723244, -0.6390654, -0.29123026, 0.5550371, 0.87249947, -0.29942286, 0.44180137, 0.7728585, -0.57573533, 0.13393144, -0.44705388, -0.73146915, -0.6056237, -0.6979952, -0.6754404, -0.6334594, -0.36776397, -0.29760927, 0.81792414, 0.97873914, -0.56798846, -0.96291655, -0.9502362, -0.44114533, -0.9419971, 0.43790808, -0.22083901, 0.6619479, 0.30623573, -0.865493, 0.3883436, -0.012358475, -0.06829728, 0.7384093, -0.94804746, 0.33078688, -0.9258866, 0.24576606, 0.092806086, 0.904827, -0.834565, 0.06880423, 0.034955055, 0.311037, 0.17185353, -0.3326711, -0.8166062, -0.4065981, 0.62599593, 0.1206462, -0.2792611, 0.70685124, -0.065165155, -0.5581705, -0.8078818, 0.31779316, 0.8694921, -0.5648153, -0.09519201, -0.56447953, -0.3663503, -0.89398915, 0.77957535, 0.53034437, 0.37851998, 0.83737177, 0.37866783, -0.7250571, 0.45768237, 0.20627846, -0.551155, 0.39280817, 0.18886195, -0.5035045, -0.8419825, 0.6586354, -0.96520996, -0.50679827, 0.47197726, -0.555726, 0.9289368, -0.162243, -0.725968, 0.29600236, 0.54301715, -0.69091576, 0.0744654, -0.9242005, -0.90992177, 0.6076664, -0.3470193, 0.88675284, -0.29801422, -0.22793046, 0.59466046, 0.09266814, 0.47634345, -0.59283936, 0.72182953, -0.85106784, -0.3406612, -0.29181096, 0.70757794, 0.6682508, -0.9353892, -0.42969722, 0.41400865, 0.5646272, -0.40265542, -0.8276038, -0.26791114, -0.44018364, 0.9831254, -0.53825945, 0.87788266, -0.6325907, -0.1128198, -0.32488635, -0.40030515, 0.37891883, 0.3407414, -0.057349533, -0.83663744, -0.84788316, 0.080574654, -0.7387989, 0.6145062, 0.9076472, 0.32263282, -0.28081605, 0.6733506, 0.4312226, 0.08954272, 0.55858237, -0.71173096, -0.3972336, -0.26019567, -0.41098112, 0.6772922, -0.86755836, 0.18080857, -0.3444029, 0.0838049, 0.06393831, -0.771133, -0.04500589, 0.922017, 0.31092528, 0.078372255, 0.6518426, 0.38147897, -0.6360008, 0.90570414, -0.24959235, 0.4724506, -0.21687019, 0.6186969, 0.8545706, 0.54883975, 0.6326826, -0.8609576, 0.33538273, -0.6626859, -0.8292986, -0.44760948, -0.5590108, 0.57683784, -0.86973053, 0.5763724, 0.9017261, 0.47456357, -0.48549265, 0.99162257, 0.27291554, 0.63895684, -0.0564142, -0.06190023, 0.65495557, -0.38850135, 0.87259954, 0.63246, -0.73393303, -0.2889766, 0.30146295, -0.22033408, 0.43597218, -0.61509806, -0.37638965, -0.20983212, -0.9941802, 0.5482821, -0.71317065, 0.4448243, 0.28934455, 0.3285201, -0.8141559, 0.1419838, -0.33909985, 0.022747796, 0.016720824, 0.77470714, 0.8340426, 0.52467257, 0.1250833, -0.270453, -0.41854858, -0.084281154, -0.54950994, -0.42078838, -0.26298803, -0.4759976, -0.004229763, 0.31168932, -0.25101972, 0.96922183, -0.38412163, 0.35343632, 0.08113353, 0.6485866, -0.6504949, 0.62964714, -0.09918274, 0.38469598, -0.2512668, 0.0730376, 0.5107284, 0.99557066, -0.8341257, 0.96734995, 0.108484775, 0.22740273, 0.25800562, -0.6597449, -0.10362552, -0.63981795, 0.80593324, -0.6864591, -0.20318373, -0.24329023, 0.9378976, 0.9085063, -0.86331046, 0.60692346, -0.4733064, -0.37097523, 0.008419908, 0.21902679, 0.8145148, -0.5845615, 0.5430009, 0.8980506, -0.7646166, -0.0028384365, 0.27326763, -0.09879855, 0.9323659, 0.14403036, -0.7216535, 0.32120752, 0.117235616, 0.4265757, -0.40040338, 0.6881262, 0.7054866, -0.47655338, 0.4174045, -0.35165066, -0.0567291, 0.4489839, 0.021813484, 0.98766077, 0.12543283, 0.1584317, 0.30703324, -0.011049564, 0.3344737, -0.83388317, -0.012698725, 0.37175226, -0.12781687, -0.23781003, 0.5150134, 0.20561619, -0.41197675, -0.8108485, 0.3325302, 0.20078072, -0.52549034, 0.91702855, 0.028533006, 0.860538, 0.62336373, 0.73808557, 0.07120665, 0.41268176, 0.27294773, 0.55528045, -0.99329233, -0.0041313698, 0.7450421, 0.8339133, -0.88946635, 0.71801, 0.20242897, -0.41526484, -0.7350282, -0.8773233, -0.8401475, 0.26754573, 0.07368992, 0.41528988, -0.550477, -0.12220389, 0.2650746, 0.84657496, -0.7289225, -0.6326818, -0.7514686, -0.0047484995, -0.92995507, 0.6687242, 0.8635291, 0.91574293, 0.85114175, 0.58211654, 0.38568678, -0.22752284, -0.42874292, 0.12853694, -0.12173271, -0.25705606, 0.518753, -0.35749266, -0.57418525, -0.6560796, -0.2647402, 0.8434569, 0.3325143, 0.42504427, -0.15453179, -0.31397647, 0.4195215, 0.18584052, 0.3157825, 0.11589436, 0.85491246, 0.6371906, 0.1354506, -0.5535241, 0.018364975, 0.41578567, 0.24173884, 0.7817063, -0.9639499, 0.26452583, 0.1422615, 0.36618236, 0.23884702, -0.27294087, -0.84497076, -0.15768875, 0.032199327, -0.7066924, 0.8613922, -0.15413617, 0.2987912, 0.7086045, -0.9077793, -0.01783268, 0.92359453]","[7.0, 0.0, -18.0, -7.0, -2.0, -9.0, 6.0, -12.0, -20.0, -11.0, -2.0, 22.0, 5.0, 0.0, -12.0, -1.0, -4.0, 1.0, -10.0, 0.0, -26.0, 5.0, 0.0, 1.0, -7.0, -14.0, -6.0, -24.0, -5.0, -20.0, -14.0, 7.0, 0.0, 14.0, -2.0, -11.0, -8.0, -12.0, 3.0, 1.0, 3.0, 14.0, -8.0, -6.0, -16.0, 11.0, -6.0, -9.0, 1.0, -5.0, -5.0, -3.0, 6.0, 3.0, -17.0, -11.0, -9.0, 13.0, 5.0, 4.0, -11.0, 2.0, -18.0, 5.0, -5.0, -1.0, -3.0, -8.0, 1.0, -2.0, -21.0, 17.0, -10.0, -19.0, -22.0, -6.0, -4.0, -12.0, -2.0, -10.0, 16.0, -10.0, 7.0, -23.0, -10.0, -11.0, 2.0, 8.0, -8.0, -6.0, -1.0, -18.0, -4.0, -4.0, 4.0, -8.0, -15.0, -5.0, -7.0, -5.0, -13.0, 1.0, -6.0, -3.0, 7.0, -19.0, 13.0, -14.0, -10.0, -13.0, -11.0, 5.0, 2.0, 2.0, 4.0, -14.0, -7.0, 4.0, -7.0, -11.0, -14.0, 4.0, 4.0, -13.0, -22.0, -16.0, -13.0, -3.0, -6.0, -1.0, -1.0, 6.0, 1.0, -5.0, -2.0, 0.0, -13.0, -14.0, -9.0, -9.0, 14.0, -10.0, -3.0, -10.0, 2.0, -10.0, -7.0, -7.0, -10.0, 9.0, -10.0, -17.0, -15.0, 0.0, 9.0, -4.0, -18.0, -6.0, 4.0, -3.0, -7.0, -6.0, -8.0, 8.0, -8.0, 0.0, 13.0, -16.0, -9.0, 0.0, -6.0, -4.0, -5.0, -24.0, -30.0, -10.0, -32.0, -5.0, 10.0, -25.0, -21.0, -5.0, -16.0, -9.0, -10.0, -15.0, 6.0, -4.0, -21.0, 12.0, -9.0, -1.0, 4.0, -4.0, -10.0, -1.0, -1.0, -11.0, -10.0, -6.0, -17.0, -3.0, -5.0, 6.0, -7.0, 2.0, -6.0, -3.0, -7.0, 9.0, -15.0, 0.0, -5.0, 2.0, -11.0, -11.0, -3.0, -9.0, -7.0, -1.0, -9.0, 5.0, -1.0, 0.0, -7.0, -5.0, -28.0, 4.0, -13.0, -3.0, 20.0, -7.0, -20.0, 1.0, -11.0, 1.0, -3.0, -7.0, -16.0, -11.0, 6.0, 8.0, -2.0, 11.0, 9.0, 2.0, 2.0, -18.0, -17.0, -10.0, -10.0, -6.0, 11.0, -8.0, -7.0, 2.0, 6.0, -9.0, -7.0, -3.0, -6.0, -14.0, -21.0, -1.0, -5.0, -14.0, -10.0, -27.0, -13.0, 1.0, 5.0, 0.0, -6.0, 9.0, -5.0, -4.0, -16.0, 1.0, -8.0, 6.0, -2.0, -6.0, -10.0, -1.0, 8.0, -6.0, 7.0, -5.0, 7.0, -1.0, 4.0, 10.0, 3.0, -15.0, 3.0, 4.0, 7.0, -6.0, 4.0, 2.0, -10.0, 0.0, -14.0, 9.0, 1.0, -6.0, -14.0, -6.0, -4.0, -11.0, 11.0, -8.0, 0.0, 5.0, -9.0, 0.0, -9.0, -1.0, 10.0, -10.0, -19.0, -21.0, -7.0, 7.0, 1.0, -10.0, -7.0, -3.0, 1.0, 0.0, 2.0, 8.0, -19.0, -9.0, -7.0, -15.0, -12.0, -5.0, -4.0, -33.0, 5.0, 5.0, -5.0, -16.0, -16.0, -4.0, -10.0, 4.0, -19.0, 5.0, -15.0, -4.0, 1.0, -6.0, -19.0, -23.0, 5.0, 8.0, -20.0, -13.0, 4.0, 6.0, -11.0, -5.0, -3.0, -7.0, -12.0, -3.0, 2.0, -17.0, -17.0, -10.0, -2.0, -17.0, -5.0, -16.0, 24.0, 14.0, -6.0, -18.0, -3.0, -2.0, 0.0, -1.0, 0.0, -16.0, -10.0, 1.0, -10.0, -25.0, -6.0, 2.0, -6.0, -13.0, 2.0, 29.0, 2.0, -4.0, -6.0, -5.0, -6.0, 7.0, -7.0, -6.0, 0.0, -4.0, -23.0, -33.0, 9.0, -10.0, -6.0, 2.0, -4.0, 5.0, -2.0, -6.0, -13.0, -11.0, -20.0, -1.0, 7.0, -14.0, -3.0, 20.0, 4.0, -19.0, 3.0, -20.0, -7.0, -10.0, -9.0, 8.0, 10.0, 4.0, -6.0, -6.0, 9.0, -7.0, 10.0, 7.0, -6.0, -5.0, -8.0, 4.0, -2.0, -35.0, 11.0, -15.0, -5.0, -4.0, -5.0, -2.0, -2.0, -21.0, -9.0, -5.0, -2.0, -11.0, -5.0, 2.0, 4.0, -16.0, -7.0, -16.0, -4.0, -12.0, 18.0, 2.0, -13.0, -10.0, -14.0, -1.0, -23.0, -15.0, -4.0, -5.0, -18.0, -4.0, 6.0, -12.0, -9.0, -4.0, -6.0, -20.0, 13.0, 3.0, -13.0, -6.0, 0.0, 3.0, 14.0, -6.0, -10.0, 2.0, -4.0, -7.0, -18.0, 9.0, -6.0, -27.0]",-54.9285266055146,0.0,0.0,0,0.003122568130493164
81,"[-0.82198757, -0.64744186, -0.07781698, -0.8336313, -0.2474359, -0.28853783, 0.3150831, 0.32017368, -0.74499595, -0.72105515, -0.778365, 0.80932915, 0.89738065, 0.20434746, 0.706524, 0.56844616, -0.6959021, 0.754109, 0.061837863, -0.29612932, 0.702532, -0.21038185, 0.73667186, -0.59654766, 0.03047762, 0.99793917, -0.5330478, -0.24325901, -0.8727901, 0.9113875, -0.3936996, -0.28911254, -0.9552184, -0.014537737, -0.94292444, 0.40279627, 0.2824476, -0.5031151, -0.42704654, 0.7351785, 0.8898365, 0.30896053, 0.8802599, -0.077684954, 0.6288207, -0.86495125, -0.67231387, -0.1493351, 0.6189277, -0.22717568, 0.040812723, -0.65133893, -0.3240084, -0.17770846, 0.9932183, -0.43122143, -0.28084153, 0.5579627, 0.18961544, -0.3258937, -0.05344383, -0.2259712, 0.64962876, 0.87045795, -0.82787585, -0.23403706, -0.2311562, 0.91933095, -0.8439825, -0.82941294, 0.919442, -0.63713527, -0.27907884, -0.26854184, 0.100104935, -0.62934494, -0.28443336, 0.6340551, -0.6139864, -0.98530614, -0.292242, -0.6453784, 0.056399014, 0.73889405, -0.07364163, -0.8216992, -0.48704687, -0.26661554, 0.10529011, -0.009097149, -0.78789026, -0.43603083, 0.5743594, 0.89254, 0.36544642, -0.33770087, -0.63974994, 0.5452904, 0.059956495, -0.4975147, 0.60738766, 0.31432673, 0.94970155, 0.51806945, -0.32919404, -0.87024164, -0.48482326, 0.03733628, -0.22920886, 0.04967012, -0.8704502, 0.91262084, -0.34820083, -0.41855422, 0.88391215, -0.7569537, -0.41580904, -0.94102025, -0.090013556, -0.96683633, 0.92746717, 0.55202204, 0.80975354, -0.9746111, -0.5001006, 0.047558, 0.371775, -0.30573425, -0.566004, -0.7477162, -0.65550554, -0.08145713, 0.41403097, 0.8955216, -0.67937464, 0.6537244, -0.453974, 0.42224047, 0.33119634, -0.8538942, -0.42842633, 0.21195243, 0.3180888, 0.6772148, -0.16691312, -0.09068021, -0.16192731, -0.26027706, 0.38543746, 0.91022146, -0.34191406, -0.37051758, 0.29465798, 0.8371731, 0.860323, 0.48235005, -0.47940105, -0.057253502, -0.58535224, -0.1428886, -0.4749024, 0.6895252, 0.64901626, 0.26315275, -0.58832854, -0.9065252, -0.14211255, 0.44401917, -0.49369422, 0.3727792, -0.43556166, 0.422471, 0.4894085, 0.05606316, 0.9946382, 0.61474264, -0.5858545, 0.44553557, 0.5570211, 0.57113945, -0.69548005, -0.6597635, 0.17769544, -0.1559409, 0.52309346, 0.9211836, -0.22532834, 0.89638096, 0.9860773, 0.1335675, -0.9890011, 0.113961466, 0.74124277, -0.0512287, -0.3089028, 0.5768552, 0.3637019, 0.34919262, 0.22004972, 0.11735466, -0.9542062, 0.3639495, 0.7667672, 0.7696016, 0.15263167, -0.9512565, -0.14907825, -0.44117078, -0.800007, -0.68365383, 0.085073106, -0.76643866, 0.20255655, 0.21059869, -0.56037515, 0.67452645, 0.77928257, 0.8504222, -0.62784666, 0.93187267, 0.7039834, -0.0049460637, -0.17759264, 0.96029085, 0.23231891, -0.033613984, 0.51263505, 0.46240214, 0.43617374, -0.073070705, 0.15389162, 0.33364272, 0.38501444, -0.17584236, 0.44562897, -0.58203965, 0.6491773, 0.66364944, -0.16911161, -0.42310953, 0.8730779, 0.19957703, 0.7863932, -0.85002935, -0.5323446, 0.5043544, -0.05270028, -0.6122983, -0.7490864, -0.9912374, 0.6660002, -0.778788, 0.7025785, -0.22839345, 0.23112507, 0.20667486, -0.516048, 0.26648957, -0.22116765, 0.048281997, -0.6681655, 0.5977312, 0.52516824, -0.42454073, -0.5903481, 0.41914248, -0.78296596, -0.01233118, 0.9612969, 0.19702816, 0.15791942, -0.046965994, -0.9336089, 0.9572973, 0.52769387, -0.14689706, 0.047090787, -0.97387546, -0.39955795, 0.84683424, 0.22126587, 0.20370775, 0.83197904, 0.9574069, -0.72435004, 0.50062543, 0.23494305, -0.8844425, -0.3312543, 0.036924332, -0.35758454, 0.9112394, 0.1267545, 0.121393844, 0.46210343, -0.22125842, -0.7420005, 0.059343334, 0.20306472, -0.88726974, 0.229345, -0.07738821, 0.3101141, -0.6151734, -0.3045074, -0.8983954, -0.30108023, -0.21639901, 0.58511615, 0.1763897, -0.71190315, -0.6691401, -0.70264983, -0.6846652, -0.27529776, 0.9299029, -0.6218943, 0.67537534, 0.14378765, 0.021134164, 0.3359703, -0.3137436, -0.1301112, -0.8221691, 0.33174837, 0.39704174, 0.036430106, -0.70772296, 0.5358951, 0.32432914, 0.10457431, -0.9391239, 0.53761244, 0.40115458, 0.48356086, 0.27913907, 0.87722623, -0.63204217, -0.44343358, 0.32701898, -0.7495448, -0.19854619, -0.055995975, -0.39707756, 0.36570048, -0.7413183, -0.27472988, 0.10837262, 0.99098885, -0.97675925, 0.7338381, -0.057943046, -0.06549393, 0.47020063, 0.8624296, -0.8243039, 0.075223714, 0.18715146, 0.78625375, 0.88051105, -0.20641339, 0.22141466, -0.106254935, -0.32406577, 0.37219512, -0.49677292, 0.10955804, -0.2430684, 0.34890604, 0.3441506, 0.60937726, 0.83802265, 0.10933694, 0.048820205, -0.8007003, -0.40325314, 0.58255315, 0.028254803, 0.5595933, 0.65958315, 0.8066683, 0.32620382, -0.9591891, -0.40977156, -0.9786833, 0.4618524, -0.7538574, 0.21114159, -0.88552874, 0.0702266, 0.040811095, 0.24909231, 0.43938953, 0.008457498, 0.7620735, -0.9633437, 0.8740817, 0.69151336, 0.6951613, 0.70818156, -0.0857566, -0.71020335, -0.62276185, -0.37115663, 0.18017396, 0.35862815, 0.34060618, 0.379213, 0.3632267, 0.5698983, -0.94204223, -0.96968263, -0.33652896, 0.9761948, -0.65048885, -0.58285517, -0.5099854, -0.35435137, 0.11254263, 0.81273454, 0.63953835, 0.5562967, -0.9139437, 0.562419, -0.6364332, -0.88224286, -0.84298676, -0.5517449, 0.5434144, 0.9500446, 0.9567266, -0.6228575, 0.07550066, -0.061321575, -0.29530442, -0.75809884, -0.72989875, -0.50018233, 0.7526747, 0.011166543, 0.47182614, 0.7948145, 0.5347175, 0.65370715, -0.22937061, -0.4226404, 0.41797617, 0.6506209, -0.09458756, -0.6996726, -0.31909433, 0.0059626596, -0.1566089, -0.45741728, 0.5659416, -0.36518484, 0.7153527, 0.2518608, 0.419387, 0.136468, -0.8485654, -0.631169, 0.97793126, -0.24772367, -0.6902564, -0.8913743, -0.56758064, 0.9053596, 0.96229607, 0.57497317, 0.9327353, 0.30270717, 0.3245218, 0.10614498, -0.83158493, -0.9045279, 0.8964037, 0.38126495, -0.75529414, -0.96809775, 0.6486839, -0.504066, -0.08083175, 0.31549543, -0.87558895, -0.4123233, -0.2909827, -0.6105609, 0.97235626, -0.8052999, -0.1472901, 0.14682776, 0.96521854, 0.72267956, 0.037658345, 0.9731418, -0.17061688, -0.21966925, 0.73706543, -0.83883893]","[7.0, 0.0, -18.0, -7.0, -2.0, -9.0, 6.0, -12.0, -20.0, -11.0, -2.0, 22.0, 5.0, 0.0, -12.0, -1.0, -4.0, 1.0, -10.0, 0.0, -26.0, 5.0, 0.0, 1.0, -7.0, -14.0, -6.0, -24.0, -5.0, -20.0, -14.0, 7.0, 0.0, 14.0, -2.0, -11.0, -8.0, -12.0, 3.0, 1.0, 3.0, 14.0, -8.0, -6.0, -16.0, 11.0, -6.0, -9.0, 1.0, -5.0, -5.0, -3.0, 6.0, 3.0, -17.0, -11.0, -9.0, 13.0, 5.0, 4.0, -11.0, 2.0, -18.0, 5.0, -5.0, -1.0, -3.0, -8.0, 1.0, -2.0, -21.0, 17.0, -10.0, -19.0, -22.0, -6.0, -4.0, -12.0, -2.0, -10.0, 16.0, -10.0, 7.0, -23.0, -10.0, -11.0, 2.0, 8.0, -8.0, -6.0, -1.0, -18.0, -4.0, -4.0, 4.0, -8.0, -15.0, -5.0, -7.0, -5.0, -13.0, 1.0, -6.0, -3.0, 7.0, -19.0, 13.0, -14.0, -10.0, -13.0, -11.0, 5.0, 2.0, 2.0, 4.0, -14.0, -7.0, 4.0, -7.0, -11.0, -14.0, 4.0, 4.0, -13.0, -22.0, -16.0, -13.0, -3.0, -6.0, -1.0, -1.0, 6.0, 1.0, -5.0, -2.0, 0.0, -13.0, -14.0, -9.0, -9.0, 14.0, -10.0, -3.0, -10.0, 2.0, -10.0, -7.0, -7.0, -10.0, 9.0, -10.0, -17.0, -15.0, 0.0, 9.0, -4.0, -18.0, -6.0, 4.0, -3.0, -7.0, -6.0, -8.0, 8.0, -8.0, 0.0, 13.0, -16.0, -9.0, 0.0, -6.0, -4.0, -5.0, -24.0, -30.0, -10.0, -32.0, -5.0, 10.0, -25.0, -21.0, -5.0, -16.0, -9.0, -10.0, -15.0, 6.0, -4.0, -21.0, 12.0, -9.0, -1.0, 4.0, -4.0, -10.0, -1.0, -1.0, -11.0, -10.0, -6.0, -17.0, -3.0, -5.0, 6.0, -7.0, 2.0, -6.0, -3.0, -7.0, 9.0, -15.0, 0.0, -5.0, 2.0, -11.0, -11.0, -3.0, -9.0, -7.0, -1.0, -9.0, 5.0, -1.0, 0.0, -7.0, -5.0, -28.0, 4.0, -13.0, -3.0, 20.0, -7.0, -20.0, 1.0, -11.0, 1.0, -3.0, -7.0, -16.0, -11.0, 6.0, 8.0, -2.0, 11.0, 9.0, 2.0, 2.0, -18.0, -17.0, -10.0, -10.0, -6.0, 11.0, -8.0, -7.0, 2.0, 6.0, -9.0, -7.0, -3.0, -6.0, -14.0, -21.0, -1.0, -5.0, -14.0, -10.0, -27.0, -13.0, 1.0, 5.0, 0.0, -6.0, 9.0, -5.0, -4.0, -16.0, 1.0, -8.0, 6.0, -2.0, -6.0, -10.0, -1.0, 8.0, -6.0, 7.0, -5.0, 7.0, -1.0, 4.0, 10.0, 3.0, -15.0, 3.0, 4.0, 7.0, -6.0, 4.0, 2.0, -10.0, 0.0, -14.0, 9.0, 1.0, -6.0, -14.0, -6.0, -4.0, -11.0, 11.0, -8.0, 0.0, 5.0, -9.0, 0.0, -9.0, -1.0, 10.0, -10.0, -19.0, -21.0, -7.0, 7.0, 1.0, -10.0, -7.0, -3.0, 1.0, 0.0, 2.0, 8.0, -19.0, -9.0, -7.0, -15.0, -12.0, -5.0, -4.0, -33.0, 5.0, 5.0, -5.0, -16.0, -16.0, -4.0, -10.0, 4.0, -19.0, 5.0, -15.0, -4.0, 1.0, -6.0, -19.0, -23.0, 5.0, 8.0, -20.0, -13.0, 4.0, 6.0, -11.0, -5.0, -3.0, -7.0, -12.0, -3.0, 2.0, -17.0, -17.0, -10.0, -2.0, -17.0, -5.0, -16.0, 24.0, 14.0, -6.0, -18.0, -3.0, -2.0, 0.0, -1.0, 0.0, -16.0, -10.0, 1.0, -10.0, -25.0, -6.0, 2.0, -6.0, -13.0, 2.0, 29.0, 2.0, -4.0, -6.0, -5.0, -6.0, 7.0, -7.0, -6.0, 0.0, -4.0, -23.0, -33.0, 9.0, -10.0, -6.0, 2.0, -4.0, 5.0, -2.0, -6.0, -13.0, -11.0, -20.0, -1.0, 7.0, -14.0, -3.0, 20.0, 4.0, -19.0, 3.0, -20.0, -7.0, -10.0, -9.0, 8.0, 10.0, 4.0, -6.0, -6.0, 9.0, -7.0, 10.0, 7.0, -6.0, -5.0, -8.0, 4.0, -2.0, -35.0, 11.0, -15.0, -5.0, -4.0, -5.0, -2.0, -2.0, -21.0, -9.0, -5.0, -2.0, -11.0, -5.0, 2.0, 4.0, -16.0, -7.0, -16.0, -4.0, -12.0, 18.0, 2.0, -13.0, -10.0, -14.0, -1.0, -23.0, -15.0, -4.0, -5.0, -18.0, -4.0, 6.0, -12.0, -9.0, -4.0, -6.0, -20.0, 13.0, 3.0, -13.0, -6.0, 0.0, 3.0, 14.0, -6.0, -10.0, 2.0, -4.0, -7.0, -18.0, 9.0, -6.0, -27.0]",-54.9285266055146,0.0,0.0,0,0.003107786178588867
82,"[0.15826361, 0.39688784, 0.96112174, 0.7263042, 0.86961085, 0.1262876, -0.45537987, 0.95443, 0.65307087, 0.96954364, -0.41402453, 0.7677512, 0.51332694, -0.8640838, -0.008191453, 0.2865926, 0.2709728, -0.977253, 0.4772552, -0.8131269, 0.9548094, -0.25059462, 0.951112, 0.74457115, 0.2648145, -0.14331901, 0.64237434, -0.8407019, 0.31435442, 0.9419916, 0.20828234, 0.6334472, 0.31660026, -0.81133103, 0.19512373, -0.7351062, 0.23390743, 0.5462592, -0.9380162, -0.6625256, -0.26620767, -0.5795139, -0.96637267, -0.04671088, -0.8046984, 0.5200528, 0.7993467, -0.0893538, 0.5889054, -0.780901, -0.27444795, 0.993132, -0.27961642, -0.40167305, 0.36143878, -0.7372268, -0.8399646, -0.60100126, 0.57392496, 0.4227563, -0.26670167, 0.33373564, -0.11896505, -0.43459415, 0.8606392, 0.15179212, 0.97105694, 0.5037555, -0.0070355437, 0.59122676, 0.24606074, -0.4537306, 0.3196183, 0.41815868, -0.045444667, -0.4014344, -0.69465584, -0.7556363, 0.6793932, 0.5521361, 0.23990686, 0.4773274, 0.23255454, -0.294386, 0.82241976, 0.93589514, 0.8922737, 0.6281099, 0.07837967, -0.040881433, 0.63072425, -0.16923085, -0.33979127, 0.6948591, 0.9185565, -0.30796188, -0.027748244, -0.5181438, -0.62597054, 0.5088393, 0.70170194, 0.22319946, -0.67322963, -0.29209012, -0.079660065, -0.19081159, -0.73937666, 0.8162685, 0.3067459, -0.49221298, 0.31074566, 0.920494, 0.467946, -0.36942476, -0.982381, -0.19836447, -0.37429592, -0.5647926, 0.2479352, 0.9993216, 0.6804629, 0.41850355, 0.028125668, 0.045182984, -0.5431642, -0.13563687, -0.8174799, 0.6888153, 0.71276325, -0.13815123, -0.96153533, 0.1674246, -0.11024553, -0.6282568, -0.3614434, 0.996082, 0.40007362, -0.6215927, 0.4678146, 0.32630342, -0.56319016, -0.21548966, -0.8367656, 0.46644887, 0.5276544, 0.658762, -0.11286073, 0.11438016, -0.2760717, 0.06792334, -0.3952895, -0.3588205, 0.11420331, -0.10261439, -0.6281856, 0.7920491, -0.6878962, 0.46997252, -0.93405765, -0.8732813, 0.22723144, 0.8380163, -0.23029296, -0.28801635, 0.1647401, 0.8562132, -0.52762586, 0.50555336, -0.4556193, 0.3451458, -0.07015531, 0.27753365, 0.27371362, 0.48549926, -0.4555511, 0.33803564, 0.8863067, -0.048894506, 0.75080013, 0.3050078, -0.5957878, -0.5611389, -0.3262164, 0.5423773, 0.19023295, -0.41844538, 0.3543946, 0.14529224, 0.69809794, 0.77546847, -0.51363355, -0.7202236, 0.77723086, 0.84521407, -0.45625815, 0.8289869, -0.10083287, 0.88484466, -0.6236758, -0.46611464, -0.4164563, -0.031076036, -0.23783202, -0.33400524, 0.57601964, -0.9408464, -0.9355497, 0.11925474, 0.43322197, 0.75800467, 0.7451275, -0.9575809, 0.0067642312, -0.7416781, -0.32253063, -0.924168, -0.5846514, 0.89679193, 0.5795807, 0.043331653, -0.933474, 0.65523946, 0.14457546, 0.8582916, 0.25208706, 0.10197291, -0.9420619, -0.6554851, -0.9883343, 0.77585095, -0.26221907, 0.73706317, -0.13726987, 0.31251305, 0.7844411, 0.23333664, -0.6424725, -0.834378, -0.1823244, -0.0041569895, 0.38712403, -0.36477074, -0.9742597, 0.76932985, 0.54148877, 0.1898534, 0.72708476, 0.9106791, -0.68397075, 0.8918404, -0.79525703, -0.28497708, 0.99475366, 0.24031498, -0.6848509, -0.38841867, -0.3415135, -0.49307436, 0.2691993, 0.8067036, -0.16021211, -0.07098407, -0.16353807, -0.9734749, -0.764254, -0.29420832, 0.34496987, -0.7640401, 0.36662403, -0.9410627, -0.8394516, 0.27199832, 0.59699297, -0.4045476, -0.95320624, -0.8150212, 0.7575551, -0.3836421, -0.4163408, 0.04441858, 0.4280426, -0.8157059, 0.95874953, 0.9881735, -0.2533712, 0.79193777, -0.9561462, 0.55774707, 0.32230008, 0.15329659, -0.18351191, 0.12628263, 0.79847145, -0.9748, -0.82501477, 0.54147005, 0.64322525, -0.78306216, 0.8049667, -0.6537433, -0.21669553, -0.9702515, -0.6087088, -0.09789433, 0.20651765, 0.2008687, 0.06306799, 0.9149474, 0.71695435, -0.91481626, 0.4447847, -0.050788, -0.85033274, -0.83207184, -0.26976007, 0.21489887, 0.09739039, -0.07628666, -0.4036437, -0.059023086, 0.39757636, -0.8378419, -0.004684548, -0.72387534, -0.50013316, -0.47597057, 0.8785848, 0.3852558, -0.6717203, -0.090701915, 0.7496889, -0.28144026, -0.9126239, 0.5263986, -0.5032196, -0.68261737, -0.8738929, 0.86127526, -0.29835537, 0.16302943, 0.52904975, -0.6745002, -0.8285833, -0.7982383, 0.9945644, 0.34886733, 0.62114424, 0.66509956, -0.048211124, -0.59195924, -0.64000267, -0.8072135, 0.061976824, 0.9281613, 0.12837021, 0.06746905, 0.3405067, 0.16600284, 0.52466345, 0.14163949, 0.7228163, -0.9292616, -0.31056848, -0.7222347, 0.3078309, -0.24221621, 0.4766118, 0.13844495, 0.54589146, -0.7489731, -0.4653556, -0.37332734, -0.13400099, -0.32466874, -0.05801005, 0.5642101, 0.04884643, 0.07776401, -0.27842063, -0.9267793, 0.32858884, 0.96377987, 0.9104665, 0.9802712, -0.8617809, 0.74155617, 0.97397697, -0.19847219, 0.4607426, -0.73694736, -0.848312, -0.5754069, -0.91479766, -0.49612993, -0.34560633, 0.75973934, 0.046610933, -0.75199836, 0.81964874, 0.056306645, -0.43864766, 0.05430493, 0.22119331, 0.72929347, 0.2228917, 0.5613263, -0.7764862, -0.17740646, 0.7848087, -0.76037836, 0.7189106, 0.11516077, 0.23314336, -0.4249345, -0.58076537, 0.6536481, -0.56748897, 0.29554635, -0.875478, 0.3275544, -0.3843254, 0.90915465, 0.6027227, 0.071169004, -0.05039435, -0.34994525, 0.80737877, -0.08007255, 0.08551417, 0.8080938, 0.37796423, 0.32872012, 0.35792026, 0.9972483, -0.41800117, 0.09733715, -0.6888597, -0.8360108, 0.9425993, -0.24669299, 0.35635567, -0.8339754, -0.40136006, -0.78599304, 0.84150934, 0.0063372143, 0.2530039, -0.12485581, -0.32935876, 0.47857538, 0.59203917, -0.06929402, 0.5644252, -0.37078348, -0.2982851, -0.05544537, -0.15963535, 0.90757567, 0.13101837, 0.67450804, -0.62948996, 0.49405336, 0.5520589, 0.7141785, -0.8376095, 0.9296933, 0.30764773, -0.945504, -0.46922016, -0.022910487, 0.032706566, 0.0014987773, 0.52613527, 0.25645936, 0.17646155, 0.9665213, 0.22267337, -0.61410046, 0.8250694, -0.7277239, -0.0999378, -0.55474436, 0.87043095, -0.31910434, 0.467066, -0.77935857, 0.6120077, -0.109391764, -0.78414214, 0.9710307, 0.30380848, -0.36995664, 0.7153909, 0.89236796, 0.65773666, -0.7500446, -0.037281647, -0.7661891, 0.6216199, -0.17463417]","[7.0, 0.0, -18.0, -7.0, -2.0, -9.0, 6.0, -12.0, -20.0, -11.0, -2.0, 22.0, 5.0, 0.0, -12.0, -1.0, -4.0, 1.0, -10.0, 0.0, -26.0, 5.0, 0.0, 1.0, -7.0, -14.0, -6.0, -24.0, -5.0, -20.0, -14.0, 7.0, 0.0, 14.0, -2.0, -11.0, -8.0, -12.0, 3.0, 1.0, 3.0, 14.0, -8.0, -6.0, -16.0, 11.0, -6.0, -9.0, 1.0, -5.0, -5.0, -3.0, 6.0, 3.0, -17.0, -11.0, -9.0, 13.0, 5.0, 4.0, -11.0, 2.0, -18.0, 5.0, -5.0, -1.0, -3.0, -8.0, 1.0, -2.0, -21.0, 17.0, -10.0, -19.0, -22.0, -6.0, -4.0, -12.0, -2.0, -10.0, 16.0, -10.0, 7.0, -23.0, -10.0, -11.0, 2.0, 8.0, -8.0, -6.0, -1.0, -18.0, -4.0, -4.0, 4.0, -8.0, -15.0, -5.0, -7.0, -5.0, -13.0, 1.0, -6.0, -3.0, 7.0, -19.0, 13.0, -14.0, -10.0, -13.0, -11.0, 5.0, 2.0, 2.0, 4.0, -14.0, -7.0, 4.0, -7.0, -11.0, -14.0, 4.0, 4.0, -13.0, -22.0, -16.0, -13.0, -3.0, -6.0, -1.0, -1.0, 6.0, 1.0, -5.0, -2.0, 0.0, -13.0, -14.0, -9.0, -9.0, 14.0, -10.0, -3.0, -10.0, 2.0, -10.0, -7.0, -7.0, -10.0, 9.0, -10.0, -17.0, -15.0, 0.0, 9.0, -4.0, -18.0, -6.0, 4.0, -3.0, -7.0, -6.0, -8.0, 8.0, -8.0, 0.0, 13.0, -16.0, -9.0, 0.0, -6.0, -4.0, -5.0, -24.0, -30.0, -10.0, -32.0, -5.0, 10.0, -25.0, -21.0, -5.0, -16.0, -9.0, -10.0, -15.0, 6.0, -4.0, -21.0, 12.0, -9.0, -1.0, 4.0, -4.0, -10.0, -1.0, -1.0, -11.0, -10.0, -6.0, -17.0, -3.0, -5.0, 6.0, -7.0, 2.0, -6.0, -3.0, -7.0, 9.0, -15.0, 0.0, -5.0, 2.0, -11.0, -11.0, -3.0, -9.0, -7.0, -1.0, -9.0, 5.0, -1.0, 0.0, -7.0, -5.0, -28.0, 4.0, -13.0, -3.0, 20.0, -7.0, -20.0, 1.0, -11.0, 1.0, -3.0, -7.0, -16.0, -11.0, 6.0, 8.0, -2.0, 11.0, 9.0, 2.0, 2.0, -18.0, -17.0, -10.0, -10.0, -6.0, 11.0, -8.0, -7.0, 2.0, 6.0, -9.0, -7.0, -3.0, -6.0, -14.0, -21.0, -1.0, -5.0, -14.0, -10.0, -27.0, -13.0, 1.0, 5.0, 0.0, -6.0, 9.0, -5.0, -4.0, -16.0, 1.0, -8.0, 6.0, -2.0, -6.0, -10.0, -1.0, 8.0, -6.0, 7.0, -5.0, 7.0, -1.0, 4.0, 10.0, 3.0, -15.0, 3.0, 4.0, 7.0, -6.0, 4.0, 2.0, -10.0, 0.0, -14.0, 9.0, 1.0, -6.0, -14.0, -6.0, -4.0, -11.0, 11.0, -8.0, 0.0, 5.0, -9.0, 0.0, -9.0, -1.0, 10.0, -10.0, -19.0, -21.0, -7.0, 7.0, 1.0, -10.0, -7.0, -3.0, 1.0, 0.0, 2.0, 8.0, -19.0, -9.0, -7.0, -15.0, -12.0, -5.0, -4.0, -33.0, 5.0, 5.0, -5.0, -16.0, -16.0, -4.0, -10.0, 4.0, -19.0, 5.0, -15.0, -4.0, 1.0, -6.0, -19.0, -23.0, 5.0, 8.0, -20.0, -13.0, 4.0, 6.0, -11.0, -5.0, -3.0, -7.0, -12.0, -3.0, 2.0, -17.0, -17.0, -10.0, -2.0, -17.0, -5.0, -16.0, 24.0, 14.0, -6.0, -18.0, -3.0, -2.0, 0.0, -1.0, 0.0, -16.0, -10.0, 1.0, -10.0, -25.0, -6.0, 2.0, -6.0, -13.0, 2.0, 29.0, 2.0, -4.0, -6.0, -5.0, -6.0, 7.0, -7.0, -6.0, 0.0, -4.0, -23.0, -33.0, 9.0, -10.0, -6.0, 2.0, -4.0, 5.0, -2.0, -6.0, -13.0, -11.0, -20.0, -1.0, 7.0, -14.0, -3.0, 20.0, 4.0, -19.0, 3.0, -20.0, -7.0, -10.0, -9.0, 8.0, 10.0, 4.0, -6.0, -6.0, 9.0, -7.0, 10.0, 7.0, -6.0, -5.0, -8.0, 4.0, -2.0, -35.0, 11.0, -15.0, -5.0, -4.0, -5.0, -2.0, -2.0, -21.0, -9.0, -5.0, -2.0, -11.0, -5.0, 2.0, 4.0, -16.0, -7.0, -16.0, -4.0, -12.0, 18.0, 2.0, -13.0, -10.0, -14.0, -1.0, -23.0, -15.0, -4.0, -5.0, -18.0, -4.0, 6.0, -12.0, -9.0, -4.0, -6.0, -20.0, 13.0, 3.0, -13.0, -6.0, 0.0, 3.0, 14.0, -6.0, -10.0, 2.0, -4.0, -7.0, -18.0, 9.0, -6.0, -27.0]",-54.9285266055146,0.0,0.0,0,0.003119945526123047
83,"[-0.8247512, 0.8136494, -0.92613214, -0.5622093, -0.13132618, -0.26497844, 0.82335943, -0.32402155, -0.4338464, 0.77422094, 0.9454372, -0.36414734, -0.96793556, -0.95422286, -0.88285387, -0.62091017, -0.07649023, 0.56133616, -0.51663804, 0.38601404, 0.6738953, -0.013182677, 0.9828691, 0.6091946, 0.24107054, -0.033615895, -0.5886718, -0.2510627, -0.9663791, -0.101662956, -0.8120576, 0.08589577, 0.4565552, 0.27287537, 0.31668276, 0.77990913, 0.98724717, -0.049071517, -0.9882711, -0.9010248, 0.12233613, 0.9800026, 0.6745753, 0.7711582, 0.39216274, 0.38850796, 0.9357776, -0.9830659, 0.025390137, -0.22742203, 0.2664077, -0.009716085, 0.53891367, -0.13024405, 0.34772947, -0.08284583, -0.9277104, -0.5302021, -0.086352475, 0.04365633, -0.98870116, 0.5395394, -0.5475605, -0.09033677, 0.7026101, 0.39796063, 0.14933184, 0.9282457, -0.6811685, -0.3867824, -0.621007, 0.4086777, -0.21773769, 0.7237593, 0.8308741, -0.6547691, -0.21789691, 0.510987, 0.06742381, 0.80966204, -0.35225093, 0.46718115, 0.3123424, -0.6920784, -0.32012352, 0.6014194, -0.086584635, -0.52973413, -0.7785597, 0.862635, -0.3497886, 0.6628202, -0.69409835, -0.6532088, -0.41847864, -0.31653595, 0.8595766, -0.69515467, 0.74997526, -0.40954646, 0.7369106, 0.037418313, 0.6084587, 0.59928656, -0.99195963, 0.85101604, -0.21765137, -0.043341074, -0.3216212, -0.7019794, -0.95955193, 0.3529068, 0.9254358, -0.29556584, 0.025017755, -0.017225044, -0.87697417, 0.94575584, 0.7000565, -0.20516177, -0.9596363, -0.56661516, 0.7138407, -0.70937973, 0.60925734, -0.81061345, -0.32648936, 0.71002495, -0.09749026, 0.07016409, -0.8118722, -0.9385464, 0.38709524, 0.72820896, 0.79775536, 0.51537305, 0.9313374, 0.9780216, 0.92458534, -0.794889, 0.42585087, 0.88296473, -0.36024186, -0.3158595, -0.6141246, -0.3850924, -0.20458172, 0.5670214, -0.571203, 0.6033072, -0.10268541, 0.5232459, 0.43659082, -0.5089514, -0.21539253, 0.5352044, -0.4579732, -0.09613283, 0.42615348, 0.39956012, 0.96470475, 0.7190067, -0.7644684, -0.5275203, 0.8975247, 0.46402115, -0.8113588, -0.83742374, -0.17330283, 0.16237685, -0.17553121, -0.28117174, 0.17369604, 0.5530394, 0.7439229, 0.24209341, -0.5101537, -0.28930113, -0.2952792, -0.12403144, -0.5927932, 0.4701612, 0.20759434, 0.34409788, 0.9714999, -0.063201666, 0.36436114, 0.33955956, 0.31212246, 0.0492733, -0.8532005, -0.6791419, 0.07998586, 0.9480166, -0.46078143, 0.34128922, 0.073488764, 0.5084241, 0.94815266, -0.6462512, 0.72264713, 0.73007756, -0.56585306, 0.4086511, 0.5580002, -0.33072793, 0.5838031, 0.93634325, -0.73914903, 0.1845323, -0.62121123, 0.34401014, -0.61024874, -0.6408303, 0.051460914, 0.58665496, 0.52845013, 0.042346604, 0.44409615, -0.96828073, 0.983784, 0.9662472, 0.6379889, -0.1707463, -0.19806431, 0.121288665, -0.09239737, -0.3337409, -0.30336365, 0.13857807, -0.28235698, 0.83951616, 0.49305555, 0.58833927, 0.57698494, 0.60557675, -0.84434944, -0.5426494, 0.9785894, -0.27811575, 0.5622014, -0.43364552, -0.55000293, -0.57253265, -0.9643039, -0.14965427, -0.21669298, -0.16905697, 0.34828424, -0.5275792, -0.39814726, -0.7690344, 0.0783244, 0.095095284, -0.41078755, -0.8666524, 0.28579095, 0.78269017, -0.673904, 0.018042864, 0.29450822, 0.61705905, 0.9189535, 0.4899996, 0.47386825, -0.25705984, -0.53060097, -0.836556, -0.7954656, 0.9356309, 0.56604534, -0.87554854, 0.8646382, 0.5803545, -0.9953836, -0.5590544, 0.46254075, 0.3968849, -0.7468294, -0.5702029, -0.05818328, -0.5694576, -0.4582184, -0.99875987, 0.26884225, 0.33131143, -0.0052925814, -0.44786555, 0.2561302, -0.8207621, -0.5086844, -0.33896616, 0.039612886, 0.16444118, 0.852753, -0.39937097, -0.8896433, 0.6828118, 0.7732011, -0.32027745, 0.030277729, -0.17211874, 0.5667463, 0.71918774, -0.5516543, 0.42996782, 0.545246, 0.68550754, -0.36642355, -0.46572056, 0.65971965, 0.06399103, 0.4589643, -0.6275067, -0.48567688, -0.4891327, 0.47314775, -0.67961687, -0.11883493, 0.99171764, -0.4445363, -0.98736554, 0.5700034, 0.25480542, -0.49307254, 0.18417278, 0.67599696, 0.32442322, 0.75297874, -0.061251014, -0.09263441, -0.13917997, -0.66812426, -0.21095827, -0.16860579, 0.3421135, -0.06760445, 0.9472312, 0.05894083, -0.20631568, 0.119960174, 0.45647582, 0.48963827, 0.513812, 0.6924775, 0.706856, 0.43671575, -0.31732625, 0.13172247, 0.71343774, 0.095767945, -0.5664538, 0.39484146, 0.97653776, 0.3702469, 0.16828074, -0.46678168, -0.8692849, 0.7212486, -0.49808758, 0.90864545, 0.0825163, 0.07849469, -0.17367531, -0.729177, 0.08398729, 0.051423773, -0.8805194, 0.7785476, -0.30399412, 0.17301665, -0.8761641, -0.15451403, 0.04353945, 0.7326891, 0.6240779, 0.94459623, 0.2284886, -0.84863865, -0.16595706, -0.87739885, -0.26103723, -0.660882, 0.50046146, 0.226809, 0.50662017, -0.54079586, 0.38915327, -0.09781055, 0.4037813, -0.86636364, -0.42294157, 0.06747977, 0.81293184, 0.6830056, 0.8029716, -0.9470713, -0.4608009, -0.08692448, -0.6487337, -0.8767878, 0.89441204, -0.052558437, -0.083619125, 0.5496528, 0.30706763, -0.6893341, -0.31222838, -0.8037781, 0.37990442, -0.655133, 0.48629728, 0.39701915, 0.045169253, 0.56453145, -0.24429013, 0.47211474, 0.53190255, 0.6879403, 0.41347814, -0.47633457, -0.1273025, 0.32401448, -0.12540755, 0.97322595, 0.45216066, 0.1233383, 0.062994026, -0.03960873, -0.9226353, -0.66358876, -0.518321, -0.35528332, 0.9291126, -0.056629006, 0.6635537, -0.9162635, -0.06330091, 0.6119442, 0.8051947, -0.9713986, 0.28132725, -0.31127867, -0.93762183, -0.71708804, -0.5276588, 0.65482134, 0.67871815, 0.43686113, 0.45863163, -0.50659573, -0.10491995, 0.6816221, 0.22722806, -0.9085524, -0.5247178, -0.06819872, -0.018728763, -0.7944529, -0.29911545, 0.4434812, -0.12587658, -0.3348731, -0.22848456, -0.2127276, -0.7324035, -0.45967975, -0.52560264, -0.77144766, 0.34537348, 0.9068746, -0.8038695, -0.15015629, 0.35124615, -0.046913993, 0.3007301, -0.03964014, 0.3600484, 0.097158685, -0.0919779, 0.10206349, -0.69357514, -0.6753468, 0.5495775, -0.25282452, -0.9383519, -0.699609, 0.85551864, 0.86444503, 0.098828636, 0.62606615, -0.47367534, 0.706681, -0.39443907, 0.74155086, -0.50293195, -0.19807766, -0.25415894, -0.24991384, -0.15648636]","[7.0, 0.0, -18.0, -7.0, -2.0, -9.0, 6.0, -12.0, -20.0, -11.0, -2.0, 22.0, 5.0, 0.0, -12.0, -1.0, -4.0, 1.0, -10.0, 0.0, -26.0, 5.0, 0.0, 1.0, -7.0, -14.0, -6.0, -24.0, -5.0, -20.0, -14.0, 7.0, 0.0, 14.0, -2.0, -11.0, -8.0, -12.0, 3.0, 1.0, 3.0, 14.0, -8.0, -6.0, -16.0, 11.0, -6.0, -9.0, 1.0, -5.0, -5.0, -3.0, 6.0, 3.0, -17.0, -11.0, -9.0, 13.0, 5.0, 4.0, -11.0, 2.0, -18.0, 5.0, -5.0, -1.0, -3.0, -8.0, 1.0, -2.0, -21.0, 17.0, -10.0, -19.0, -22.0, -6.0, -4.0, -12.0, -2.0, -10.0, 16.0, -10.0, 7.0, -23.0, -10.0, -11.0, 2.0, 8.0, -8.0, -6.0, -1.0, -18.0, -4.0, -4.0, 4.0, -8.0, -15.0, -5.0, -7.0, -5.0, -13.0, 1.0, -6.0, -3.0, 7.0, -19.0, 13.0, -14.0, -10.0, -13.0, -11.0, 5.0, 2.0, 2.0, 4.0, -14.0, -7.0, 4.0, -7.0, -11.0, -14.0, 4.0, 4.0, -13.0, -22.0, -16.0, -13.0, -3.0, -6.0, -1.0, -1.0, 6.0, 1.0, -5.0, -2.0, 0.0, -13.0, -14.0, -9.0, -9.0, 14.0, -10.0, -3.0, -10.0, 2.0, -10.0, -7.0, -7.0, -10.0, 9.0, -10.0, -17.0, -15.0, 0.0, 9.0, -4.0, -18.0, -6.0, 4.0, -3.0, -7.0, -6.0, -8.0, 8.0, -8.0, 0.0, 13.0, -16.0, -9.0, 0.0, -6.0, -4.0, -5.0, -24.0, -30.0, -10.0, -32.0, -5.0, 10.0, -25.0, -21.0, -5.0, -16.0, -9.0, -10.0, -15.0, 6.0, -4.0, -21.0, 12.0, -9.0, -1.0, 4.0, -4.0, -10.0, -1.0, -1.0, -11.0, -10.0, -6.0, -17.0, -3.0, -5.0, 6.0, -7.0, 2.0, -6.0, -3.0, -7.0, 9.0, -15.0, 0.0, -5.0, 2.0, -11.0, -11.0, -3.0, -9.0, -7.0, -1.0, -9.0, 5.0, -1.0, 0.0, -7.0, -5.0, -28.0, 4.0, -13.0, -3.0, 20.0, -7.0, -20.0, 1.0, -11.0, 1.0, -3.0, -7.0, -16.0, -11.0, 6.0, 8.0, -2.0, 11.0, 9.0, 2.0, 2.0, -18.0, -17.0, -10.0, -10.0, -6.0, 11.0, -8.0, -7.0, 2.0, 6.0, -9.0, -7.0, -3.0, -6.0, -14.0, -21.0, -1.0, -5.0, -14.0, -10.0, -27.0, -13.0, 1.0, 5.0, 0.0, -6.0, 9.0, -5.0, -4.0, -16.0, 1.0, -8.0, 6.0, -2.0, -6.0, -10.0, -1.0, 8.0, -6.0, 7.0, -5.0, 7.0, -1.0, 4.0, 10.0, 3.0, -15.0, 3.0, 4.0, 7.0, -6.0, 4.0, 2.0, -10.0, 0.0, -14.0, 9.0, 1.0, -6.0, -14.0, -6.0, -4.0, -11.0, 11.0, -8.0, 0.0, 5.0, -9.0, 0.0, -9.0, -1.0, 10.0, -10.0, -19.0, -21.0, -7.0, 7.0, 1.0, -10.0, -7.0, -3.0, 1.0, 0.0, 2.0, 8.0, -19.0, -9.0, -7.0, -15.0, -12.0, -5.0, -4.0, -33.0, 5.0, 5.0, -5.0, -16.0, -16.0, -4.0, -10.0, 4.0, -19.0, 5.0, -15.0, -4.0, 1.0, -6.0, -19.0, -23.0, 5.0, 8.0, -20.0, -13.0, 4.0, 6.0, -11.0, -5.0, -3.0, -7.0, -12.0, -3.0, 2.0, -17.0, -17.0, -10.0, -2.0, -17.0, -5.0, -16.0, 24.0, 14.0, -6.0, -18.0, -3.0, -2.0, 0.0, -1.0, 0.0, -16.0, -10.0, 1.0, -10.0, -25.0, -6.0, 2.0, -6.0, -13.0, 2.0, 29.0, 2.0, -4.0, -6.0, -5.0, -6.0, 7.0, -7.0, -6.0, 0.0, -4.0, -23.0, -33.0, 9.0, -10.0, -6.0, 2.0, -4.0, 5.0, -2.0, -6.0, -13.0, -11.0, -20.0, -1.0, 7.0, -14.0, -3.0, 20.0, 4.0, -19.0, 3.0, -20.0, -7.0, -10.0, -9.0, 8.0, 10.0, 4.0, -6.0, -6.0, 9.0, -7.0, 10.0, 7.0, -6.0, -5.0, -8.0, 4.0, -2.0, -35.0, 11.0, -15.0, -5.0, -4.0, -5.0, -2.0, -2.0, -21.0, -9.0, -5.0, -2.0, -11.0, -5.0, 2.0, 4.0, -16.0, -7.0, -16.0, -4.0, -12.0, 18.0, 2.0, -13.0, -10.0, -14.0, -1.0, -23.0, -15.0, -4.0, -5.0, -18.0, -4.0, 6.0, -12.0, -9.0, -4.0, -6.0, -20.0, 13.0, 3.0, -13.0, -6.0, 0.0, 3.0, 14.0, -6.0, -10.0, 2.0, -4.0, -7.0, -18.0, 9.0, -6.0, -27.0]",-54.9285266055146,0.0,0.0,0,0.003111600875854492
84,"[0.17697658, -0.9697179, 0.7700014, -0.9231758, -0.8644038, 0.2322244, 0.8264396, 0.9415068, 0.24326967, 0.025476916, 0.82118654, -0.63454384, 0.8796377, -0.4268321, 0.7812846, 0.29828998, -0.26153475, -0.31427705, 0.6681849, 0.041324183, -0.86256015, 0.4962532, -0.060582045, -0.6893176, 0.14629276, -0.3302468, 0.6847595, 0.12730981, 0.95705754, -0.7068152, 0.3259985, -0.032967474, -0.47241446, -0.22971945, 0.4503796, 0.7066078, 0.16793403, -0.3758649, -0.43801844, 0.29614404, -0.18891682, -0.64972085, 0.2906795, -0.41728765, -0.73170215, -0.6989016, 0.38423166, 0.43164372, 0.75064737, -0.1815919, 0.3156146, 0.718312, 0.3298956, 0.118663244, 0.37089616, 0.60039186, 0.45009226, -0.24204749, 0.4937547, 0.7659748, 0.9778695, 0.5815905, -0.09609922, 0.14764069, -0.8125845, 0.47033346, 0.64695096, -0.51066136, -0.7354454, 0.61264545, -0.20700899, 0.3737109, -0.43950358, -0.40066454, -0.38454598, -0.88719296, 0.62478524, 0.19904922, -0.5484978, 0.5381286, 0.61819994, 0.99899256, 0.26267022, -0.7196482, 0.8483048, -0.21449184, 0.31094673, 0.5701947, -0.5710313, 0.071189016, 0.74902934, 0.32859328, -0.27273762, 0.93661535, -0.19832513, 0.025390454, -0.79181284, 0.27456355, 0.031799417, -0.26889196, 0.18986039, -0.7648836, 0.101687826, 0.08149216, -0.4725326, 0.42692107, -0.8914914, -0.15422817, -0.9263942, -0.4711055, -0.6735492, 0.34434512, 0.8622924, -0.53977484, -0.9586108, 0.938713, -0.57058054, 0.29858658, 0.049071122, 0.63497764, 0.62612593, 0.42678297, 0.35493135, -0.6378113, -0.310431, -0.73941493, -0.3124463, 0.8089324, -0.5624104, -0.18351966, -0.6624168, 0.7216186, -0.452652, 0.893171, 0.23572217, 0.20263863, -0.72609586, 0.8662517, -0.29693106, -0.31635797, -0.65777576, -0.6979812, 0.85083294, 0.6976661, 0.3783573, 0.73168814, -0.2341113, -0.25890878, 0.40532312, 0.5774602, 0.97351277, -0.43024078, -0.24698408, -0.8922465, 0.91837764, -0.72756684, -0.99723506, -0.9179434, 0.94958526, -0.073229894, -0.081488736, -0.6436319, -0.656603, -0.6449073, 0.20215192, 0.027177116, 0.16044262, -0.08017236, 0.7157233, -0.42722344, 0.8342408, 0.3329303, 0.057116, 0.34586918, -0.8644082, -0.5804526, 0.23175801, 0.58803827, -0.02830152, -0.36067247, 0.9229982, -0.581287, 0.9768653, -0.7397277, -0.5037628, 0.007697644, -0.30083096, 0.35143813, 0.8251625, -0.9170954, -0.002209075, -0.14002474, 0.85098964, 0.13579553, -0.97743136, -0.29504743, 0.5790117, -0.9852288, -0.76077294, 0.3813207, 0.9561468, -0.40621355, 0.74306583, -0.86304265, -0.15578029, -0.3411894, -0.48026484, -0.42697766, -0.6526455, -0.8504666, 0.106379285, -0.59757674, 0.83326507, -0.34670022, -0.174909, -0.11459219, 0.699345, 0.6085058, 0.960553, 0.758933, 0.3920114, 0.13190499, -0.64145935, 0.65594095, 0.40652612, 0.8481498, -0.38773957, -0.7885816, -0.607425, -0.99242157, -0.10640608, -0.63162744, -0.937797, -0.7091819, -0.0065397485, -0.6608692, 0.008798011, -0.7718076, -0.5677833, 0.73952353, -0.094038025, -0.43487144, 0.9254602, 0.5451221, -0.30431262, 0.22391395, -0.44926897, -0.90194476, 0.38748777, -0.19327089, 0.4460875, 0.25848472, 0.6541779, 0.023677997, 0.19238189, -0.48330826, 0.8799159, 0.23266579, -0.5896888, -0.26227906, 0.6114535, 0.7318493, -0.0023730379, -0.72249466, 0.5832838, 0.19345129, 0.54360193, -0.30839995, 0.32656103, -0.36259195, 0.7765302, -0.6940392, -0.49495536, -0.61435866, -0.5364544, -0.87960434, 0.82419205, 0.8470371, -0.103622206, 0.022277324, 0.77169985, 0.18354104, -0.45096627, -0.683883, 0.47430533, -0.393086, -0.9411902, -0.19027117, 0.5579866, 0.7789388, -0.63251907, 0.9101495, -0.14462718, -0.80697167, -0.35532442, 0.41443428, -0.7788807, -0.4788948, -0.77533025, 0.49190247, -0.9138503, -0.73179245, 0.86745405, 0.44985014, 0.7902194, -0.62775964, -0.531754, 0.73454, -0.45568526, 0.08214166, -0.854486, 0.13040665, 0.15658928, 0.10269715, 0.8662958, 0.3514805, -0.70017874, 0.9376103, -0.7825038, -0.1187308, 0.38778645, -0.4770699, -0.24088627, 0.2144974, 0.16651104, -0.54233986, -0.5248869, 0.8339154, 0.8454408, 0.68140185, 0.5476311, 0.3356014, 0.20477495, 0.46826446, 0.182515, 0.7457598, 0.41000342, 0.48639387, -0.057561528, -0.8218152, -0.78228563, 0.5890418, -0.862035, -0.59330696, -0.99377424, 0.46709913, 0.2875669, 0.29090396, 0.8606402, 0.72320694, -0.07018854, -0.54270387, -0.46933454, 0.44940364, -0.96363795, 0.9817716, -0.8729309, 0.038368274, -0.9967664, 0.72489965, 0.36046565, -0.7330916, 0.6841876, -0.039298322, -0.57521236, 0.8519479, -0.40574256, 0.681452, -0.2786469, 0.26359758, 0.59445107, 0.5022234, -0.8026946, 0.8382003, -0.7945977, -0.46293384, 0.7218735, 0.9309475, 0.25796926, -0.026692655, 0.3318159, -0.32856378, -0.25040403, 0.054725535, -0.5705842, 0.527191, -0.34009197, -0.09763975, -0.4606208, -0.340656, -0.29859856, -0.7292185, 0.39749447, -0.5265104, 0.92417866, -0.57037795, 0.4217363, 0.8923732, -0.40563786, -0.4583258, -0.717668, 0.4639, -0.850736, -0.1998691, 0.19183628, 0.30667797, -0.5340437, -0.60751975, 0.11033376, -0.86299634, -0.07607526, -0.91568184, 0.5852244, 0.49163702, 0.1813274, -0.70142156, -0.63647515, -0.91626275, -0.37259737, 0.6578379, 0.16408993, 0.5062891, -0.11947289, -0.583374, -0.7587009, 0.84592134, -0.5813607, 0.73767877, -0.0071118325, 0.07248105, -0.950656, 0.61598456, -0.4083106, 0.251062, -0.86363024, -0.27240002, 0.2671727, -0.5587601, -0.326276, -0.7523479, 0.7690975, 0.9948961, 0.20408136, 0.3207479, -0.3446289, -0.669948, 0.7823538, -0.029665591, -0.8464589, 0.47037467, 0.03707653, -0.14653881, 0.13087937, 0.00430227, -0.02531719, -0.37170893, 0.4621625, -0.8033018, -0.17940752, 0.2062006, -0.3713941, -0.160548, 0.06310531, -0.45697957, -0.92719406, 0.6638141, 0.6675521, -0.69845915, 0.0050280644, -0.68443465, 0.18365692, 0.57458407, 0.061414327, -0.8610204, 0.7863735, 0.022291424, 0.20080765, 0.2836193, 0.72459036, 0.5052912, -0.09942297, -0.88752246, -0.93952686, 0.64012665, 0.7964983, -0.6315366, -0.5004023, 0.021300511, 0.037144005, -0.010684548, 0.643051, 0.7096768, 0.30643055, -0.3562203, 0.4611556, -0.25460097, -0.48045024, -0.84603375, 0.401648, 0.27070042]","[7.0, 0.0, -18.0, -7.0, -2.0, -9.0, 6.0, -12.0, -20.0, -11.0, -2.0, 22.0, 5.0, 0.0, -12.0, -1.0, -4.0, 1.0, -10.0, 0.0, -26.0, 5.0, 0.0, 1.0, -7.0, -14.0, -6.0, -24.0, -5.0, -20.0, -14.0, 7.0, 0.0, 14.0, -2.0, -11.0, -8.0, -12.0, 3.0, 1.0, 3.0, 14.0, -8.0, -6.0, -16.0, 11.0, -6.0, -9.0, 1.0, -5.0, -5.0, -3.0, 6.0, 3.0, -17.0, -11.0, -9.0, 13.0, 5.0, 4.0, -11.0, 2.0, -18.0, 5.0, -5.0, -1.0, -3.0, -8.0, 1.0, -2.0, -21.0, 17.0, -10.0, -19.0, -22.0, -6.0, -4.0, -12.0, -2.0, -10.0, 16.0, -10.0, 7.0, -23.0, -10.0, -11.0, 2.0, 8.0, -8.0, -6.0, -1.0, -18.0, -4.0, -4.0, 4.0, -8.0, -15.0, -5.0, -7.0, -5.0, -13.0, 1.0, -6.0, -3.0, 7.0, -19.0, 13.0, -14.0, -10.0, -13.0, -11.0, 5.0, 2.0, 2.0, 4.0, -14.0, -7.0, 4.0, -7.0, -11.0, -14.0, 4.0, 4.0, -13.0, -22.0, -16.0, -13.0, -3.0, -6.0, -1.0, -1.0, 6.0, 1.0, -5.0, -2.0, 0.0, -13.0, -14.0, -9.0, -9.0, 14.0, -10.0, -3.0, -10.0, 2.0, -10.0, -7.0, -7.0, -10.0, 9.0, -10.0, -17.0, -15.0, 0.0, 9.0, -4.0, -18.0, -6.0, 4.0, -3.0, -7.0, -6.0, -8.0, 8.0, -8.0, 0.0, 13.0, -16.0, -9.0, 0.0, -6.0, -4.0, -5.0, -24.0, -30.0, -10.0, -32.0, -5.0, 10.0, -25.0, -21.0, -5.0, -16.0, -9.0, -10.0, -15.0, 6.0, -4.0, -21.0, 12.0, -9.0, -1.0, 4.0, -4.0, -10.0, -1.0, -1.0, -11.0, -10.0, -6.0, -17.0, -3.0, -5.0, 6.0, -7.0, 2.0, -6.0, -3.0, -7.0, 9.0, -15.0, 0.0, -5.0, 2.0, -11.0, -11.0, -3.0, -9.0, -7.0, -1.0, -9.0, 5.0, -1.0, 0.0, -7.0, -5.0, -28.0, 4.0, -13.0, -3.0, 20.0, -7.0, -20.0, 1.0, -11.0, 1.0, -3.0, -7.0, -16.0, -11.0, 6.0, 8.0, -2.0, 11.0, 9.0, 2.0, 2.0, -18.0, -17.0, -10.0, -10.0, -6.0, 11.0, -8.0, -7.0, 2.0, 6.0, -9.0, -7.0, -3.0, -6.0, -14.0, -21.0, -1.0, -5.0, -14.0, -10.0, -27.0, -13.0, 1.0, 5.0, 0.0, -6.0, 9.0, -5.0, -4.0, -16.0, 1.0, -8.0, 6.0, -2.0, -6.0, -10.0, -1.0, 8.0, -6.0, 7.0, -5.0, 7.0, -1.0, 4.0, 10.0, 3.0, -15.0, 3.0, 4.0, 7.0, -6.0, 4.0, 2.0, -10.0, 0.0, -14.0, 9.0, 1.0, -6.0, -14.0, -6.0, -4.0, -11.0, 11.0, -8.0, 0.0, 5.0, -9.0, 0.0, -9.0, -1.0, 10.0, -10.0, -19.0, -21.0, -7.0, 7.0, 1.0, -10.0, -7.0, -3.0, 1.0, 0.0, 2.0, 8.0, -19.0, -9.0, -7.0, -15.0, -12.0, -5.0, -4.0, -33.0, 5.0, 5.0, -5.0, -16.0, -16.0, -4.0, -10.0, 4.0, -19.0, 5.0, -15.0, -4.0, 1.0, -6.0, -19.0, -23.0, 5.0, 8.0, -20.0, -13.0, 4.0, 6.0, -11.0, -5.0, -3.0, -7.0, -12.0, -3.0, 2.0, -17.0, -17.0, -10.0, -2.0, -17.0, -5.0, -16.0, 24.0, 14.0, -6.0, -18.0, -3.0, -2.0, 0.0, -1.0, 0.0, -16.0, -10.0, 1.0, -10.0, -25.0, -6.0, 2.0, -6.0, -13.0, 2.0, 29.0, 2.0, -4.0, -6.0, -5.0, -6.0, 7.0, -7.0, -6.0, 0.0, -4.0, -23.0, -33.0, 9.0, -10.0, -6.0, 2.0, -4.0, 5.0, -2.0, -6.0, -13.0, -11.0, -20.0, -1.0, 7.0, -14.0, -3.0, 20.0, 4.0, -19.0, 3.0, -20.0, -7.0, -10.0, -9.0, 8.0, 10.0, 4.0, -6.0, -6.0, 9.0, -7.0, 10.0, 7.0, -6.0, -5.0, -8.0, 4.0, -2.0, -35.0, 11.0, -15.0, -5.0, -4.0, -5.0, -2.0, -2.0, -21.0, -9.0, -5.0, -2.0, -11.0, -5.0, 2.0, 4.0, -16.0, -7.0, -16.0, -4.0, -12.0, 18.0, 2.0, -13.0, -10.0, -14.0, -1.0, -23.0, -15.0, -4.0, -5.0, -18.0, -4.0, 6.0, -12.0, -9.0, -4.0, -6.0, -20.0, 13.0, 3.0, -13.0, -6.0, 0.0, 3.0, 14.0, -6.0, -10.0, 2.0, -4.0, -7.0, -18.0, 9.0, -6.0, -27.0]",-54.9285266055146,0.0,0.0,0,0.003103971481323242
85,"[0.83334005, -0.7083025, 0.7843695, 0.58571136, 0.78199315, 0.04997048, -0.1547145, 0.2598635, 0.27464014, 0.7254539, 0.8793649, 0.24388252, 0.7629164, 0.105392896, -0.27328822, -0.7212956, -0.5431619, -0.59360224, 0.09151826, -0.25545982, -0.20880938, -0.56539273, -0.48790234, -0.29979748, -0.11397776, -0.65628654, 0.7835476, -0.17547444, 0.8490575, -0.9244299, -0.06016536, -0.7764559, -0.46789527, -0.7913589, 0.2086003, 0.4828719, -0.1372278, -0.77351487, 0.50817823, 0.4975351, 0.4570148, -0.34265536, 0.6509407, -0.5718438, -0.95142704, 0.79164124, 0.65563524, 0.16959625, 0.16506906, 0.49021253, 0.923791, 0.7165952, 0.85703975, 0.48542696, 0.63068247, -0.7845787, -0.87640685, -0.3463023, -0.66895586, -0.35579413, 0.92649275, 0.80421525, -0.72728115, -0.44861805, -0.39802104, -0.5373764, 0.23775597, -0.24710499, 0.44508392, -0.62329733, -0.26836935, -0.2892734, -0.7050507, -0.11535355, -0.8847501, 0.8404637, -0.89199996, 0.6658971, 0.43420717, 0.98418784, -0.72446966, -0.38129273, -0.96184707, 0.2595885, -0.2268487, -0.33975568, -0.25100777, -0.51912874, -0.598534, 0.57582015, -0.09072782, 0.3742997, 0.7528523, 0.7173896, 0.10046407, 0.4963208, 0.22304699, 0.6887408, 0.21834205, 0.88656956, 0.74362576, -0.0117495805, -0.00903069, 0.26701474, -0.33059022, 0.4132929, 0.7667911, -0.70153797, 0.0003604611, -0.97223914, -0.8447557, -0.98990947, -0.7587837, 0.92122453, -0.42515662, 0.8393707, 0.27431676, 0.49216035, -0.5466592, -0.10203007, -0.96489555, -0.5135201, -0.16346636, -0.19097231, 0.89553523, -0.02056689, -0.24464914, 0.81793654, 0.36837408, -0.20129864, 0.64856654, 0.22587034, -0.5063021, 0.1877824, 0.27335057, -0.28216478, -0.81741583, 0.9836627, 0.5722672, 0.8499442, 0.46466812, 0.07160471, -0.3349162, -0.28966996, 0.8266043, -0.5036942, 0.998869, 0.8147969, 0.11710849, -0.5555755, -0.491067, -0.7334327, 0.21882886, 0.275624, -0.63617504, 0.95186096, -0.9624287, 0.21111022, -0.6889596, 0.19260891, 0.43930316, -0.774793, 0.19514179, 0.23542708, 0.30735084, 0.023415796, -0.66960233, -0.850634, 0.33242145, -0.591681, -0.75903964, -0.42346984, 0.1368672, -0.19459376, 0.54903966, -0.6575122, 0.50611985, -0.9216043, 0.34871706, 0.18458812, -0.5596185, 0.789324, -0.577763, 0.051847216, 0.3479067, 0.7638033, 0.57513744, -0.71255416, 0.13792574, 0.8985497, 0.07708933, 0.8189877, -0.5333955, -0.93613887, 0.45667467, -0.33236828, 0.45541674, -0.86683315, 0.14734747, -0.45477778, 0.8264235, -0.6088444, -0.38949814, 0.08258179, 0.78646255, -0.5189186, -0.2394622, -0.88692296, 0.6601047, -0.8571303, 0.5449519, -0.04428089, 0.036403723, 0.052810423, 0.2568144, -0.82651216, 0.9638514, -0.6126463, -0.5717188, 0.35208032, -0.67923486, 0.75085306, -0.21893449, 0.17268875, 0.2370948, 0.7661497, 0.7318005, 0.14936915, -0.42466095, 0.33550388, 0.01698193, -0.742763, 0.76378185, 0.71506244, -0.17489487, 0.43184158, -0.38206303, 0.33787724, -0.68321985, 0.68313855, 0.9021182, 0.53775, 0.8343081, -0.26990232, -0.3955013, 0.88202786, 0.27761328, 0.28614444, -0.84009564, 0.045658816, -0.96047896, -0.22156121, 0.88940185, 0.8193089, 0.25728366, 0.28765506, -0.67272776, -0.49026823, 0.14988275, 0.5796706, -0.9969014, 0.73193085, -0.41003218, 0.8330353, -0.089184344, -0.95313245, -0.43687794, -0.39355588, -0.97120184, -0.38985482, 0.72129846, -0.59540176, 0.024761965, -0.74235296, 0.74848974, 0.5537244, -0.84907424, 0.91893834, 0.005448615, -0.9590784, -0.30938938, -0.978834, 0.85624385, -0.31883284, 0.056752373, 0.10441253, 0.20118728, -0.97717875, 0.14884077, -0.3988931, -0.5079627, 0.70470023, -0.9439751, 0.23579137, 0.43722484, -0.63883513, -0.8916615, -0.7261967, 0.32123792, -0.19879055, 0.7694746, -0.6166383, 0.9659388, 0.38729188, -0.4154888, -0.5950361, 0.06316902, 0.32664102, 0.15171921, -0.43819153, 0.24933848, -0.7298999, -0.4374523, -0.7578768, 0.84013325, 0.8974683, -0.91308236, -0.030633643, -0.35867098, -0.61905324, 0.6521691, 0.669283, -0.14365904, -0.5893568, -0.36105114, -0.604489, 0.03803174, 0.09675263, 0.15290262, -0.46572882, 0.7699486, -0.6047986, 0.2979874, 0.28493667, -0.8194264, -0.062850356, 0.9788863, -0.068748936, -0.36333448, -0.71130306, -0.76298815, -0.45071203, 0.10936247, -0.6550068, 0.31311733, 0.5657954, 0.34121692, -0.5416989, 0.048484, 0.509863, 0.30785254, -0.48817062, 0.85068, -0.80113375, -0.05276991, 0.73323005, -0.014070787, -0.39160845, -0.6287198, -0.022061592, 0.7868511, 0.9938681, -0.105286464, 0.44675407, -0.09130502, 0.03630582, 0.8965752, 0.4541305, -0.45454606, 0.976719, -0.55692697, 0.25045493, 0.10048246, 0.10011936, 0.044626106, 0.17803547, 0.6361252, -0.6840154, 0.3068189, -0.21310474, -0.28386003, 0.29438317, 0.8451956, -0.7664077, -0.4638603, -0.99935824, -0.027593793, 0.47929466, -0.7163726, -0.69651246, 0.9207798, 0.9396633, 0.2034011, 0.20915031, -0.7082697, 0.30413565, 0.68575007, -0.34230307, -0.84800404, 0.7423276, 0.0070289667, 0.69478506, -0.44940934, -0.9384739, -0.7118181, -0.7240517, -0.18462905, -0.6888012, 0.4629664, -0.87045497, 0.06868372, 0.7017065, 0.4622752, -0.8527504, 0.2173461, -0.6910793, -0.55514354, -0.57511413, 0.3166475, -0.40051937, 0.79340863, -0.9677558, 0.77809536, 0.50733364, 0.9924533, -0.8120648, 0.9720357, -0.83327425, 0.919571, 0.57840306, 0.9213297, -0.55889714, -0.30406025, -0.3547172, 0.6442384, 0.8591247, 0.49226502, 0.5486704, -0.8070773, -0.93308127, -0.25183633, -0.4032835, -0.9865276, -0.0760415, 0.40995067, -0.38491133, -0.47671205, -0.042966276, -0.2899088, -0.07426119, 0.8685611, 0.32444185, 0.100798085, 0.6181801, 0.69717556, 0.016285075, -0.37796873, -0.7005934, 0.4674749, -0.02681544, -0.86885965, -0.8649624, -0.32831994, 0.2292528, -0.48114738, 0.16702291, 0.6961253, -0.15250276, 0.2972482, 0.65472114, -0.12379621, -0.9357614, 0.07984634, 0.70432943, -0.6291264, -0.94029397, -0.063442595, -0.2121368, 0.20202167, -0.23837216, 0.1342564, 0.9516582, -0.084104285, -0.34162423, -0.9882978, 0.8560921, -0.08808216, 0.067764394, -0.29008663, 0.3332555, -0.0010347553, 0.870883, -0.42677897, -0.79020774, -0.8443921, -0.61166143, -0.58093125, 0.70427686, -0.48813242, 0.56853706]","[7.0, 0.0, -18.0, -7.0, -2.0, -9.0, 6.0, -12.0, -20.0, -11.0, -2.0, 22.0, 5.0, 0.0, -12.0, -1.0, -4.0, 1.0, -10.0, 0.0, -26.0, 5.0, 0.0, 1.0, -7.0, -14.0, -6.0, -24.0, -5.0, -20.0, -14.0, 7.0, 0.0, 14.0, -2.0, -11.0, -8.0, -12.0, 3.0, 1.0, 3.0, 14.0, -8.0, -6.0, -16.0, 11.0, -6.0, -9.0, 1.0, -5.0, -5.0, -3.0, 6.0, 3.0, -17.0, -11.0, -9.0, 13.0, 5.0, 4.0, -11.0, 2.0, -18.0, 5.0, -5.0, -1.0, -3.0, -8.0, 1.0, -2.0, -21.0, 17.0, -10.0, -19.0, -22.0, -6.0, -4.0, -12.0, -2.0, -10.0, 16.0, -10.0, 7.0, -23.0, -10.0, -11.0, 2.0, 8.0, -8.0, -6.0, -1.0, -18.0, -4.0, -4.0, 4.0, -8.0, -15.0, -5.0, -7.0, -5.0, -13.0, 1.0, -6.0, -3.0, 7.0, -19.0, 13.0, -14.0, -10.0, -13.0, -11.0, 5.0, 2.0, 2.0, 4.0, -14.0, -7.0, 4.0, -7.0, -11.0, -14.0, 4.0, 4.0, -13.0, -22.0, -16.0, -13.0, -3.0, -6.0, -1.0, -1.0, 6.0, 1.0, -5.0, -2.0, 0.0, -13.0, -14.0, -9.0, -9.0, 14.0, -10.0, -3.0, -10.0, 2.0, -10.0, -7.0, -7.0, -10.0, 9.0, -10.0, -17.0, -15.0, 0.0, 9.0, -4.0, -18.0, -6.0, 4.0, -3.0, -7.0, -6.0, -8.0, 8.0, -8.0, 0.0, 13.0, -16.0, -9.0, 0.0, -6.0, -4.0, -5.0, -24.0, -30.0, -10.0, -32.0, -5.0, 10.0, -25.0, -21.0, -5.0, -16.0, -9.0, -10.0, -15.0, 6.0, -4.0, -21.0, 12.0, -9.0, -1.0, 4.0, -4.0, -10.0, -1.0, -1.0, -11.0, -10.0, -6.0, -17.0, -3.0, -5.0, 6.0, -7.0, 2.0, -6.0, -3.0, -7.0, 9.0, -15.0, 0.0, -5.0, 2.0, -11.0, -11.0, -3.0, -9.0, -7.0, -1.0, -9.0, 5.0, -1.0, 0.0, -7.0, -5.0, -28.0, 4.0, -13.0, -3.0, 20.0, -7.0, -20.0, 1.0, -11.0, 1.0, -3.0, -7.0, -16.0, -11.0, 6.0, 8.0, -2.0, 11.0, 9.0, 2.0, 2.0, -18.0, -17.0, -10.0, -10.0, -6.0, 11.0, -8.0, -7.0, 2.0, 6.0, -9.0, -7.0, -3.0, -6.0, -14.0, -21.0, -1.0, -5.0, -14.0, -10.0, -27.0, -13.0, 1.0, 5.0, 0.0, -6.0, 9.0, -5.0, -4.0, -16.0, 1.0, -8.0, 6.0, -2.0, -6.0, -10.0, -1.0, 8.0, -6.0, 7.0, -5.0, 7.0, -1.0, 4.0, 10.0, 3.0, -15.0, 3.0, 4.0, 7.0, -6.0, 4.0, 2.0, -10.0, 0.0, -14.0, 9.0, 1.0, -6.0, -14.0, -6.0, -4.0, -11.0, 11.0, -8.0, 0.0, 5.0, -9.0, 0.0, -9.0, -1.0, 10.0, -10.0, -19.0, -21.0, -7.0, 7.0, 1.0, -10.0, -7.0, -3.0, 1.0, 0.0, 2.0, 8.0, -19.0, -9.0, -7.0, -15.0, -12.0, -5.0, -4.0, -33.0, 5.0, 5.0, -5.0, -16.0, -16.0, -4.0, -10.0, 4.0, -19.0, 5.0, -15.0, -4.0, 1.0, -6.0, -19.0, -23.0, 5.0, 8.0, -20.0, -13.0, 4.0, 6.0, -11.0, -5.0, -3.0, -7.0, -12.0, -3.0, 2.0, -17.0, -17.0, -10.0, -2.0, -17.0, -5.0, -16.0, 24.0, 14.0, -6.0, -18.0, -3.0, -2.0, 0.0, -1.0, 0.0, -16.0, -10.0, 1.0, -10.0, -25.0, -6.0, 2.0, -6.0, -13.0, 2.0, 29.0, 2.0, -4.0, -6.0, -5.0, -6.0, 7.0, -7.0, -6.0, 0.0, -4.0, -23.0, -33.0, 9.0, -10.0, -6.0, 2.0, -4.0, 5.0, -2.0, -6.0, -13.0, -11.0, -20.0, -1.0, 7.0, -14.0, -3.0, 20.0, 4.0, -19.0, 3.0, -20.0, -7.0, -10.0, -9.0, 8.0, 10.0, 4.0, -6.0, -6.0, 9.0, -7.0, 10.0, 7.0, -6.0, -5.0, -8.0, 4.0, -2.0, -35.0, 11.0, -15.0, -5.0, -4.0, -5.0, -2.0, -2.0, -21.0, -9.0, -5.0, -2.0, -11.0, -5.0, 2.0, 4.0, -16.0, -7.0, -16.0, -4.0, -12.0, 18.0, 2.0, -13.0, -10.0, -14.0, -1.0, -23.0, -15.0, -4.0, -5.0, -18.0, -4.0, 6.0, -12.0, -9.0, -4.0, -6.0, -20.0, 13.0, 3.0, -13.0, -6.0, 0.0, 3.0, 14.0, -6.0, -10.0, 2.0, -4.0, -7.0, -18.0, 9.0, -6.0, -27.0]",-54.9285266055146,0.0,0.0,0,0.0031423568725585938
86,"[-0.8940863, -0.88891613, -0.55900896, -0.75784653, -0.23385769, -0.94932187, 0.35236865, 0.9029537, -0.6172326, -0.60149693, -0.16242446, 0.27511096, 0.037666075, 0.3515747, 0.04501729, 0.63191247, 0.5930336, 0.9960671, 0.66756153, -0.07010888, 0.8444825, -0.3765508, -0.44062996, 0.18241885, 0.57345676, -0.26752606, 0.7113194, -0.29492918, 0.854225, 0.19913134, -0.22892416, -0.567389, 0.048769623, -0.20512468, -0.010711023, 0.58964866, 0.5029219, 0.7447431, -0.2951347, 0.1284553, -0.10985983, 0.11963294, 0.8129989, -0.9558907, 0.43615773, 0.051191714, -0.24649674, -0.8017768, 0.9269992, -0.72549593, -0.3425438, -0.2656552, 0.20972621, -0.22579072, -0.61826324, 0.18131986, -0.3130722, 0.0051431614, -0.45005137, -0.09764912, -0.21670856, 0.28849465, -0.7662087, 0.736581, -0.43372196, 0.89759696, 0.75314116, -0.63975316, 0.41471535, -0.0669905, -0.4167526, -0.7161881, -0.85011595, -0.437759, -0.98681, -0.8905805, 0.73768663, -0.6350208, 0.45246482, 0.2834848, 0.40156883, -0.12698317, 0.30679393, -0.6854799, -0.8698933, -0.04281001, 0.20446065, -0.9692308, -0.6382163, 0.2751812, -0.6481125, 0.46273708, 0.057628024, -0.51130575, 0.65072685, -0.13168278, -0.75868666, -0.79927105, -0.8169525, -0.07243123, 0.8583239, -0.637089, 0.81978756, 0.81305933, -0.25268644, -0.71975803, -0.63315177, -0.8227847, -0.9314826, 0.2953138, 0.16129689, -0.8773819, -0.9324521, 0.50012743, 0.4799087, 0.91898847, -0.04337749, -0.09643094, -0.94778734, 0.79726607, 0.91358435, 0.0025544025, 0.46560887, 0.08964758, -0.18098255, 0.4716588, -0.7491182, -0.20312406, -0.7248966, -0.40047213, -0.34789944, 0.33401984, 0.36826587, -0.8362521, 0.49528563, -0.31742272, -0.28154543, 0.87698376, -0.4559522, 0.19009404, 0.31777745, -0.8131816, 0.1494951, -0.9705818, 0.70875406, 0.0155855715, 0.16646558, 0.37498796, -0.0471051, -0.06471546, 0.36553192, -0.67642367, -0.40895557, -0.482866, 0.61150753, 0.835636, -0.9918086, 0.57241344, 0.3086324, -0.0971717, -0.18988328, -0.2484542, -0.43055466, 0.73047984, 0.5680111, -0.322574, -0.22994155, -0.4462964, -0.54425687, -0.653275, 0.5078979, -0.1511618, 0.014519008, 0.6891483, 0.65874577, 0.107088596, 0.84547335, 0.70362115, -0.10675201, -0.029396595, -0.25903115, 0.6706024, -0.2042094, -0.7609445, -0.45180175, 0.67570305, 0.14015077, -0.004961471, -0.27021933, 0.31949526, 0.7703952, -0.9980711, -0.86434954, 0.43827438, -0.016420396, -0.32817534, -0.9583816, -0.83446175, -0.5062408, -0.6362249, -0.44858015, -0.47137904, 0.44419715, -0.8842709, -0.20769523, 0.10295823, -0.7147734, 0.35847625, -0.67461467, -0.403424, -0.24016908, -0.34938267, -0.5289626, -0.91525203, 0.68649006, -0.6773044, 0.51931727, -0.108375825, -0.8680737, 0.70564073, 0.54840904, 0.69591916, 0.16217123, -0.18370852, -0.064577214, -0.056459244, -0.4373807, 0.6950948, 0.099129006, -0.4945328, -0.8021998, -0.43815398, -0.641079, 0.0038100008, 0.35172343, -0.6428179, -0.77021337, -0.97852993, 0.33944875, 0.0932912, -0.69803524, 0.7422395, 0.55190563, -0.654139, -0.45068923, -0.5078684, -0.32653692, 0.14782336, -0.64124584, -0.2763856, 0.42148057, -0.84262, 0.1699112, 0.1665652, -0.3119499, 0.4510569, -0.7442237, 0.9405998, 0.64673173, 0.5607564, 0.65594745, 0.98145473, -0.16510963, 0.20632775, -0.9321368, 0.36287954, 0.23515046, 0.23173662, -0.8833848, -0.62497395, 0.9628059, -0.00015429153, -0.12614906, -0.5560855, 0.6247412, -0.060432985, 0.9727071, -0.7583474, 0.115207024, -0.5546226, -0.21843547, -0.0015470444, -0.9440466, 0.99321383, -0.6898871, 0.63052744, 0.7798215, -0.6660637, 0.13375254, 0.26427326, -0.7378151, 0.029323112, 0.4702638, -0.50784856, -0.26741245, 0.48768967, 0.4743173, 0.069987334, 0.8123681, -0.41237167, 0.37314752, -0.83112925, -0.066694, 0.58605474, 0.62279636, 0.5954024, -0.16895346, 0.2663979, 0.75552726, 0.023941528, 0.73464066, 0.23890403, -0.42999664, -0.3804088, 0.0024021547, 0.2214757, 0.3156997, 0.38024065, -0.76218957, -0.6088531, 0.91115165, -0.9663304, 0.10355117, 0.43417525, 0.27919075, -0.3062561, -0.03313137, 0.69393367, 0.9235244, 0.12132339, 0.78786457, 0.932912, 0.27466086, 0.09003982, 0.6504264, -0.6496365, 0.26633817, -0.70654917, -0.98062855, -0.6004259, -0.8540246, 0.80489326, -0.10507768, 0.4121451, -0.16458671, 0.9618951, -0.04146527, -0.19083992, -0.92494065, 0.75748026, -0.5197853, -0.53372556, 0.52358425, -0.2649627, 0.2000971, 0.3690952, -0.35448927, 0.9669484, -0.5012799, 0.81476396, 0.69693905, -0.7773261, -0.055951342, -0.6840689, -0.028075723, 0.77063584, -0.23157667, -0.5326187, 0.95079654, 0.85859954, 0.9124111, -0.011662296, 0.40514246, 0.65723455, 0.38777912, -0.9104818, 0.2863865, -0.775001, 0.5566759, -0.24299258, -0.35214886, 0.4537571, -0.26362085, -0.4707955, 0.519959, -0.47219858, -0.16959362, -0.3690779, 0.145016, 0.61880946, -0.9435296, -0.011441372, -0.28070933, 0.5986096, 0.17643294, -0.2604963, -0.6008876, -0.0146168675, 0.8324414, -0.1232315, 0.7709823, -0.9237305, -0.76209915, -0.8893607, -0.7215882, 0.04209618, -0.3447747, -0.4926173, 0.26476902, 0.33723402, 0.11951004, -0.11243299, 0.58558863, 0.34520346, 0.90191466, 0.10562308, 0.6984529, -0.5104606, -0.90516245, -0.75349724, 0.22459225, -0.48764014, 0.044006675, -0.21612181, -0.004481474, -0.3006843, -0.12544003, -0.25154126, 0.5503905, -0.37582347, -0.16640076, -0.8950805, 0.31658652, -0.13647093, 0.99326974, 0.40871957, -0.5561222, -0.2564332, -0.043333586, -0.6375426, 0.72016615, 0.9972066, 0.7397181, -0.24473198, 0.5149811, -0.11338034, 0.30041733, 0.060895305, -0.5628947, -0.95518905, 0.67344475, -0.91162586, 0.20857663, 0.74083453, 0.0629892, -0.19990222, 0.75980806, -0.48611793, -0.53464, 0.8685379, 0.45451984, -0.44624978, -0.4931079, -0.73526835, -0.18773389, -0.4216381, -0.11085528, 0.31657568, -0.34700665, -0.17438094, -0.8183335, 0.31514335, 0.66857415, -0.64722174, -0.5278458, -0.0815781, 0.085330896, -0.06011649, 0.40973714, -0.30245227, 0.1360245, 0.047000755, -0.3141544, 0.07822644, 0.23104547, -0.16803084, 0.8508337, 0.65742517, -0.09731428, -0.6196788, 0.07181951, 0.3175742, 0.68876266, -0.39551926, 0.018622957, -0.22379465, -0.93914616, 0.2609671, -0.6514247, -0.9735787]","[7.0, 0.0, -18.0, -7.0, -2.0, -9.0, 6.0, -12.0, -20.0, -11.0, -2.0, 22.0, 5.0, 0.0, -12.0, -1.0, -4.0, 1.0, -10.0, 0.0, -26.0, 5.0, 0.0, 1.0, -7.0, -14.0, -6.0, -24.0, -5.0, -20.0, -14.0, 7.0, 0.0, 14.0, -2.0, -11.0, -8.0, -12.0, 3.0, 1.0, 3.0, 14.0, -8.0, -6.0, -16.0, 11.0, -6.0, -9.0, 1.0, -5.0, -5.0, -3.0, 6.0, 3.0, -17.0, -11.0, -9.0, 13.0, 5.0, 4.0, -11.0, 2.0, -18.0, 5.0, -5.0, -1.0, -3.0, -8.0, 1.0, -2.0, -21.0, 17.0, -10.0, -19.0, -22.0, -6.0, -4.0, -12.0, -2.0, -10.0, 16.0, -10.0, 7.0, -23.0, -10.0, -11.0, 2.0, 8.0, -8.0, -6.0, -1.0, -18.0, -4.0, -4.0, 4.0, -8.0, -15.0, -5.0, -7.0, -5.0, -13.0, 1.0, -6.0, -3.0, 7.0, -19.0, 13.0, -14.0, -10.0, -13.0, -11.0, 5.0, 2.0, 2.0, 4.0, -14.0, -7.0, 4.0, -7.0, -11.0, -14.0, 4.0, 4.0, -13.0, -22.0, -16.0, -13.0, -3.0, -6.0, -1.0, -1.0, 6.0, 1.0, -5.0, -2.0, 0.0, -13.0, -14.0, -9.0, -9.0, 14.0, -10.0, -3.0, -10.0, 2.0, -10.0, -7.0, -7.0, -10.0, 9.0, -10.0, -17.0, -15.0, 0.0, 9.0, -4.0, -18.0, -6.0, 4.0, -3.0, -7.0, -6.0, -8.0, 8.0, -8.0, 0.0, 13.0, -16.0, -9.0, 0.0, -6.0, -4.0, -5.0, -24.0, -30.0, -10.0, -32.0, -5.0, 10.0, -25.0, -21.0, -5.0, -16.0, -9.0, -10.0, -15.0, 6.0, -4.0, -21.0, 12.0, -9.0, -1.0, 4.0, -4.0, -10.0, -1.0, -1.0, -11.0, -10.0, -6.0, -17.0, -3.0, -5.0, 6.0, -7.0, 2.0, -6.0, -3.0, -7.0, 9.0, -15.0, 0.0, -5.0, 2.0, -11.0, -11.0, -3.0, -9.0, -7.0, -1.0, -9.0, 5.0, -1.0, 0.0, -7.0, -5.0, -28.0, 4.0, -13.0, -3.0, 20.0, -7.0, -20.0, 1.0, -11.0, 1.0, -3.0, -7.0, -16.0, -11.0, 6.0, 8.0, -2.0, 11.0, 9.0, 2.0, 2.0, -18.0, -17.0, -10.0, -10.0, -6.0, 11.0, -8.0, -7.0, 2.0, 6.0, -9.0, -7.0, -3.0, -6.0, -14.0, -21.0, -1.0, -5.0, -14.0, -10.0, -27.0, -13.0, 1.0, 5.0, 0.0, -6.0, 9.0, -5.0, -4.0, -16.0, 1.0, -8.0, 6.0, -2.0, -6.0, -10.0, -1.0, 8.0, -6.0, 7.0, -5.0, 7.0, -1.0, 4.0, 10.0, 3.0, -15.0, 3.0, 4.0, 7.0, -6.0, 4.0, 2.0, -10.0, 0.0, -14.0, 9.0, 1.0, -6.0, -14.0, -6.0, -4.0, -11.0, 11.0, -8.0, 0.0, 5.0, -9.0, 0.0, -9.0, -1.0, 10.0, -10.0, -19.0, -21.0, -7.0, 7.0, 1.0, -10.0, -7.0, -3.0, 1.0, 0.0, 2.0, 8.0, -19.0, -9.0, -7.0, -15.0, -12.0, -5.0, -4.0, -33.0, 5.0, 5.0, -5.0, -16.0, -16.0, -4.0, -10.0, 4.0, -19.0, 5.0, -15.0, -4.0, 1.0, -6.0, -19.0, -23.0, 5.0, 8.0, -20.0, -13.0, 4.0, 6.0, -11.0, -5.0, -3.0, -7.0, -12.0, -3.0, 2.0, -17.0, -17.0, -10.0, -2.0, -17.0, -5.0, -16.0, 24.0, 14.0, -6.0, -18.0, -3.0, -2.0, 0.0, -1.0, 0.0, -16.0, -10.0, 1.0, -10.0, -25.0, -6.0, 2.0, -6.0, -13.0, 2.0, 29.0, 2.0, -4.0, -6.0, -5.0, -6.0, 7.0, -7.0, -6.0, 0.0, -4.0, -23.0, -33.0, 9.0, -10.0, -6.0, 2.0, -4.0, 5.0, -2.0, -6.0, -13.0, -11.0, -20.0, -1.0, 7.0, -14.0, -3.0, 20.0, 4.0, -19.0, 3.0, -20.0, -7.0, -10.0, -9.0, 8.0, 10.0, 4.0, -6.0, -6.0, 9.0, -7.0, 10.0, 7.0, -6.0, -5.0, -8.0, 4.0, -2.0, -35.0, 11.0, -15.0, -5.0, -4.0, -5.0, -2.0, -2.0, -21.0, -9.0, -5.0, -2.0, -11.0, -5.0, 2.0, 4.0, -16.0, -7.0, -16.0, -4.0, -12.0, 18.0, 2.0, -13.0, -10.0, -14.0, -1.0, -23.0, -15.0, -4.0, -5.0, -18.0, -4.0, 6.0, -12.0, -9.0, -4.0, -6.0, -20.0, 13.0, 3.0, -13.0, -6.0, 0.0, 3.0, 14.0, -6.0, -10.0, 2.0, -4.0, -7.0, -18.0, 9.0, -6.0, -27.0]",-54.9285266055146,0.0,0.0,0,0.003120899200439453
87,"[0.7693887, -0.65171045, 0.03536946, 0.85852295, 0.52180225, 0.06538968, 0.5747941, 0.676989, 0.054552734, -0.7426597, 0.63256574, -0.084242985, -0.9297318, -0.13992496, -0.18387523, -0.90575254, -0.30195713, 0.77452904, -0.35784316, 0.48085555, -0.9424712, 0.5879939, -0.70744634, 0.28662392, -0.9456799, -0.42644337, 0.2768909, -0.9063349, -0.03525723, 0.6003376, -0.8492364, -0.32650614, -0.28367135, -0.8623763, -0.85692555, -0.1363627, 0.13995609, 0.002723209, -0.92200917, -0.83525527, 0.43018106, -0.16146374, 0.94220006, 0.62649703, 0.52747416, 0.67686766, 0.97417784, 0.9118861, 0.40468073, 0.1977404, 0.12876165, 0.018689929, 0.29623473, -0.3073144, 0.19525477, -0.12868236, 0.6451891, -0.27213892, 0.9970561, -0.3298544, 0.5569075, -0.3454752, 0.073512204, 0.026148675, -0.61830276, -0.200598, 0.73556894, -0.5669361, 0.016993424, 0.8506076, -0.26077202, 0.6162336, -0.5464784, -0.3334825, 0.515129, 0.08215954, -0.09844899, 0.97641563, -0.09935201, -0.22277263, -0.27943185, 0.79310244, -0.95202744, -0.4150623, 0.76127046, -0.5891806, -0.85122776, 0.576914, -0.029788028, 0.21199216, 0.28673863, -0.754375, -0.102148585, 0.2501969, -0.24749903, -0.90143, 0.526625, 0.031403, 0.78085, 0.1600757, 0.8900958, -0.18431275, -0.6012251, 0.3992634, -0.33906084, -0.6480616, 0.9559335, -0.7374754, -0.37737507, 0.880419, 0.71251285, 0.5552135, 0.83771974, 0.64693904, -0.5721639, 0.75538, 0.013471443, -0.47924703, 0.7204926, -0.57474583, -0.12375781, 0.35580048, 0.15227273, 0.90722454, 0.6880535, 0.35211277, -0.4159118, -0.6484436, 0.42046276, -0.6064383, -0.65620244, -0.05110634, -0.97796345, -0.6184351, -0.19448867, 0.56357145, -0.3368767, 0.29588744, -0.0010623928, 0.07969703, 0.47067016, -0.6725189, 0.106998526, -0.4204667, 0.1238356, 0.91552025, -0.713315, -0.5985053, -0.5263658, -0.35317066, -0.16133502, -0.12259694, -0.38403925, 0.3027364, -0.9169575, -0.1515712, 0.7471354, 0.7459981, 0.060754567, 0.3166996, 0.1273861, -0.6266458, -0.38534263, -0.5056179, -0.13753654, -0.23229961, -0.5423618, 0.46036732, 0.39671618, -0.28219196, -0.72703546, -0.28759578, -0.13927522, 0.071302965, 0.79426986, 0.33228344, 0.2916496, 0.33179292, -0.16440503, -0.95944774, -0.6801322, 0.18127258, -0.52166116, 0.7527121, 0.7024379, -0.05804353, 0.78251076, 0.5609657, 0.50047284, 0.22594586, -0.3570125, -0.2735199, -0.28815883, -0.81414664, 0.65211326, -0.92019826, -0.3783528, -0.76149076, 0.5252704, -0.732064, -0.23786469, -0.5937099, 0.6008248, -0.07219122, -0.23955716, -0.6129461, 0.23251805, 0.6912532, -0.45646787, 0.2476283, -0.7669292, 0.046640262, 0.41686264, 0.91051584, 0.33702546, 0.99725425, 0.6126313, 0.6406487, 0.62542766, -0.6425472, 0.66742885, 0.4691269, 0.6979031, 0.4039481, -0.3898221, -0.111334436, -0.52559215, -0.6429083, 0.16925837, -0.61675996, -0.35242465, -0.51768124, -0.16934037, -0.79462814, -0.9499521, -0.9667047, -0.43207857, -0.1475939, -0.8982381, -0.5128484, 0.59544915, 0.98660314, -0.35777673, 0.6010579, 0.20127998, 0.45433128, -0.17826347, 0.55366445, 0.45764065, 0.5735321, -0.7991106, -0.8567102, 0.16072087, 0.94786274, -0.6139358, 0.99755067, -0.61632264, 0.78759456, 0.22313923, -0.33014634, 0.70456886, 0.8228147, 0.47970432, -0.3871532, 0.00585784, 0.12215542, 0.028142752, 0.93704754, 0.16055061, 0.23261221, -0.7989021, 0.5612667, -0.3582001, -0.17919429, -0.6148569, 0.37923983, -0.0501663, -0.18254386, -0.08811496, 0.1450326, -0.48197025, -0.016608503, 0.2720771, -0.18587394, 0.90829104, -0.90311414, 0.46018583, 0.6683002, 0.13396631, -0.59885806, -0.04589912, 0.46177915, 0.9716414, 0.38671198, 0.41581208, 0.090666406, 0.45657814, -0.13952205, -0.32176232, 0.25931054, -0.5701999, 0.81659985, -0.3080038, 0.91009504, 0.43779674, -0.9653083, -0.46935177, 0.8238284, 0.27730128, 0.62795633, 0.80024236, -0.23860255, 0.44725704, 0.9948596, -0.31168178, -0.110249035, 0.82237446, 0.1759397, 0.53799605, 0.038694665, 0.8498047, 0.14068688, -0.60547733, 0.028253278, 0.8205389, -0.25065285, 0.7137163, 0.89543915, 0.6376083, 0.6705868, -0.62376016, 0.30939752, -0.1767196, -0.43341562, -0.9193415, -0.784706, 0.10967793, -0.60790825, 0.14410521, -0.9249468, 0.6108459, -0.3565469, 0.097115695, -0.6890225, 0.9134611, 0.13577561, -0.7161116, 0.16314429, 0.6705115, 0.12776808, 0.47553372, 0.053518392, -0.2571968, 0.8453749, 0.4985634, -0.22328268, -0.68634796, -0.6947829, 0.32230338, -0.035760593, -0.0071722427, -0.59574664, -0.77563655, -0.13211168, -0.37072438, 0.51790965, -0.96274674, 0.897439, 0.20968786, 0.15844025, 0.36449283, -0.7958625, 0.60832274, -0.25115606, 0.95202065, -0.026253536, -0.6911387, -0.7799722, -0.5974134, 0.57244796, -0.28655535, -0.2920187, 0.52554554, 0.98050696, -0.5926263, 0.7355912, 0.33612877, -0.684766, 0.041118443, 0.7429335, -0.31975633, 0.5704758, 0.694586, -0.16421983, -0.67105603, -0.23501457, -0.33034408, 0.45845008, -0.95045197, 0.53773075, -0.3530785, -0.82507706, -0.60568064, -0.09908371, -0.7061253, -0.4025906, -0.10510987, -0.57046556, 0.80937594, -0.960795, -0.1343752, -0.6586216, -0.38924795, -0.058892515, 0.20329912, 0.23279019, 0.33967504, 0.46486643, -0.19185305, -0.994918, -0.9052523, -0.67076373, 0.16484588, 0.18331131, 0.31641528, -0.31396273, -0.9454397, -0.1977036, 0.4059829, -0.09847656, -0.40201184, 0.5829794, 0.8242916, 0.26125976, 0.19667855, -0.07107947, 0.0790904, -0.29308617, -0.74905044, -0.19730933, 0.40048808, 0.8953376, -0.048587687, 0.6446415, -0.9690367, 0.025611674, 0.7715156, 0.9548145, -0.4758494, 0.7756822, -0.73075867, -0.744833, 0.98218375, 0.76349956, 0.6806742, 0.072022974, 0.46695778, -0.24516264, 0.22082333, -0.032267887, -0.13726544, 0.37400562, -0.89418113, -0.3255592, 0.58314574, 0.81160194, -0.65200716, -0.2681558, 0.09684035, -0.6721328, -0.4858372, -0.24540085, 0.19870406, 0.6983548, -0.13427939, -0.83825886, -0.7570611, -0.32729748, 0.8650466, -0.74168, 0.46528247, -0.21784139, -0.22944075, 0.6974139, 0.47679448, -0.7810419, 0.85994714, -0.8690818, 0.49630252, -0.8402792, -0.8389059, 0.70492786, -0.3582632, -0.58541495, -0.03379565, 0.91476655, 0.52142316, 0.70427537, 0.0639565, -0.70299554]","[7.0, 0.0, -18.0, -7.0, -2.0, -9.0, 6.0, -12.0, -20.0, -11.0, -2.0, 22.0, 5.0, 0.0, -12.0, -1.0, -4.0, 1.0, -10.0, 0.0, -26.0, 5.0, 0.0, 1.0, -7.0, -14.0, -6.0, -24.0, -5.0, -20.0, -14.0, 7.0, 0.0, 14.0, -2.0, -11.0, -8.0, -12.0, 3.0, 1.0, 3.0, 14.0, -8.0, -6.0, -16.0, 11.0, -6.0, -9.0, 1.0, -5.0, -5.0, -3.0, 6.0, 3.0, -17.0, -11.0, -9.0, 13.0, 5.0, 4.0, -11.0, 2.0, -18.0, 5.0, -5.0, -1.0, -3.0, -8.0, 1.0, -2.0, -21.0, 17.0, -10.0, -19.0, -22.0, -6.0, -4.0, -12.0, -2.0, -10.0, 16.0, -10.0, 7.0, -23.0, -10.0, -11.0, 2.0, 8.0, -8.0, -6.0, -1.0, -18.0, -4.0, -4.0, 4.0, -8.0, -15.0, -5.0, -7.0, -5.0, -13.0, 1.0, -6.0, -3.0, 7.0, -19.0, 13.0, -14.0, -10.0, -13.0, -11.0, 5.0, 2.0, 2.0, 4.0, -14.0, -7.0, 4.0, -7.0, -11.0, -14.0, 4.0, 4.0, -13.0, -22.0, -16.0, -13.0, -3.0, -6.0, -1.0, -1.0, 6.0, 1.0, -5.0, -2.0, 0.0, -13.0, -14.0, -9.0, -9.0, 14.0, -10.0, -3.0, -10.0, 2.0, -10.0, -7.0, -7.0, -10.0, 9.0, -10.0, -17.0, -15.0, 0.0, 9.0, -4.0, -18.0, -6.0, 4.0, -3.0, -7.0, -6.0, -8.0, 8.0, -8.0, 0.0, 13.0, -16.0, -9.0, 0.0, -6.0, -4.0, -5.0, -24.0, -30.0, -10.0, -32.0, -5.0, 10.0, -25.0, -21.0, -5.0, -16.0, -9.0, -10.0, -15.0, 6.0, -4.0, -21.0, 12.0, -9.0, -1.0, 4.0, -4.0, -10.0, -1.0, -1.0, -11.0, -10.0, -6.0, -17.0, -3.0, -5.0, 6.0, -7.0, 2.0, -6.0, -3.0, -7.0, 9.0, -15.0, 0.0, -5.0, 2.0, -11.0, -11.0, -3.0, -9.0, -7.0, -1.0, -9.0, 5.0, -1.0, 0.0, -7.0, -5.0, -28.0, 4.0, -13.0, -3.0, 20.0, -7.0, -20.0, 1.0, -11.0, 1.0, -3.0, -7.0, -16.0, -11.0, 6.0, 8.0, -2.0, 11.0, 9.0, 2.0, 2.0, -18.0, -17.0, -10.0, -10.0, -6.0, 11.0, -8.0, -7.0, 2.0, 6.0, -9.0, -7.0, -3.0, -6.0, -14.0, -21.0, -1.0, -5.0, -14.0, -10.0, -27.0, -13.0, 1.0, 5.0, 0.0, -6.0, 9.0, -5.0, -4.0, -16.0, 1.0, -8.0, 6.0, -2.0, -6.0, -10.0, -1.0, 8.0, -6.0, 7.0, -5.0, 7.0, -1.0, 4.0, 10.0, 3.0, -15.0, 3.0, 4.0, 7.0, -6.0, 4.0, 2.0, -10.0, 0.0, -14.0, 9.0, 1.0, -6.0, -14.0, -6.0, -4.0, -11.0, 11.0, -8.0, 0.0, 5.0, -9.0, 0.0, -9.0, -1.0, 10.0, -10.0, -19.0, -21.0, -7.0, 7.0, 1.0, -10.0, -7.0, -3.0, 1.0, 0.0, 2.0, 8.0, -19.0, -9.0, -7.0, -15.0, -12.0, -5.0, -4.0, -33.0, 5.0, 5.0, -5.0, -16.0, -16.0, -4.0, -10.0, 4.0, -19.0, 5.0, -15.0, -4.0, 1.0, -6.0, -19.0, -23.0, 5.0, 8.0, -20.0, -13.0, 4.0, 6.0, -11.0, -5.0, -3.0, -7.0, -12.0, -3.0, 2.0, -17.0, -17.0, -10.0, -2.0, -17.0, -5.0, -16.0, 24.0, 14.0, -6.0, -18.0, -3.0, -2.0, 0.0, -1.0, 0.0, -16.0, -10.0, 1.0, -10.0, -25.0, -6.0, 2.0, -6.0, -13.0, 2.0, 29.0, 2.0, -4.0, -6.0, -5.0, -6.0, 7.0, -7.0, -6.0, 0.0, -4.0, -23.0, -33.0, 9.0, -10.0, -6.0, 2.0, -4.0, 5.0, -2.0, -6.0, -13.0, -11.0, -20.0, -1.0, 7.0, -14.0, -3.0, 20.0, 4.0, -19.0, 3.0, -20.0, -7.0, -10.0, -9.0, 8.0, 10.0, 4.0, -6.0, -6.0, 9.0, -7.0, 10.0, 7.0, -6.0, -5.0, -8.0, 4.0, -2.0, -35.0, 11.0, -15.0, -5.0, -4.0, -5.0, -2.0, -2.0, -21.0, -9.0, -5.0, -2.0, -11.0, -5.0, 2.0, 4.0, -16.0, -7.0, -16.0, -4.0, -12.0, 18.0, 2.0, -13.0, -10.0, -14.0, -1.0, -23.0, -15.0, -4.0, -5.0, -18.0, -4.0, 6.0, -12.0, -9.0, -4.0, -6.0, -20.0, 13.0, 3.0, -13.0, -6.0, 0.0, 3.0, 14.0, -6.0, -10.0, 2.0, -4.0, -7.0, -18.0, 9.0, -6.0, -27.0]",-54.9285266055146,0.0,0.0,0,0.003107786178588867
88,"[0.17834426, -0.4994452, 0.6175957, -0.7332919, 0.24468747, 0.8653345, -0.9010978, -0.6456469, -0.75491625, -0.57815206, -0.916509, 0.56719667, 0.0766546, -0.78128034, -0.30290094, 0.4437126, 0.6412874, 0.87792975, 0.31530556, 0.93448704, -0.6580712, -0.65157175, 0.4605749, 0.92224574, -0.02821133, -0.20039006, 0.0076217703, 0.076113924, 0.21458744, -0.4618345, -0.05039896, -0.39350387, -0.5559418, 0.98120904, 0.9210441, 0.40031764, 0.99631023, -0.886158, 0.1611419, -0.12932047, -0.5545905, 0.17336152, -0.120374046, -0.5492114, -0.13277547, -0.07860221, -0.84868, -0.81343955, 0.3329436, -0.36777166, 0.73773, 0.46008918, 0.45097995, 0.37094682, -0.77265567, 0.16138636, 0.8898181, 0.5898536, 0.5490174, -0.30722922, -0.66115665, 0.29070553, -0.9845431, -0.70872265, -0.5469399, 0.77358127, 0.06771032, 0.64178175, -0.19930853, 0.85344285, 0.040618703, -0.5820173, -0.8076183, 0.00212158, -0.78384393, 0.78368133, 0.47932082, -0.27474764, -0.3462487, -0.3140875, -0.08024816, -0.3209274, 0.0656503, -0.88926315, 0.26688415, 0.9557129, 0.8429399, 0.5040885, 0.008647216, -0.14393225, 0.6696298, -0.04475585, -0.08722377, -0.5514705, 0.16297722, 0.32264295, -0.9017416, 0.9476465, -0.12282141, 0.6779062, 0.33344516, 0.4716148, -0.8188759, 0.53099185, 0.85770434, -0.17931521, -0.07152805, 0.046491873, -0.3243402, -0.79987884, 0.63652307, 0.7692932, -0.08577562, 0.94348675, 0.41856113, -0.23354205, 0.3722227, -0.6998224, -0.57555693, -0.6349371, -0.5180293, 0.8437087, -0.6294282, 0.13931754, 0.33247405, -0.45684138, 0.3202442, 0.15851663, -0.90786904, -0.4674106, -0.6480497, -0.11901044, -0.10767498, -0.19457851, 0.2965754, -0.6565089, -0.04989449, 0.063171566, 0.71045035, -0.07797579, 0.96013355, 0.34911177, 0.14156748, -0.5860264, 0.6987512, 0.03937785, 0.45551527, -0.52685666, 0.24045856, 0.21954137, 0.04281378, -0.04036218, -0.62765634, -0.8664675, -0.937144, -0.26372328, -0.6917384, -0.88539046, -0.066426285, -0.34785256, 0.4515122, -0.106588535, 0.970572, -0.96741205, 0.93284255, -0.17203051, -0.5300242, -0.6788439, 0.4391343, 0.39457974, -0.710078, 0.0880417, 0.11245892, 0.8251194, 0.33506867, 0.0065197744, -0.77282363, 0.056237523, 0.49425063, 0.6613266, 0.5470366, -0.9884783, 0.47860113, 0.77119094, 0.8057536, 0.56411135, 0.40229246, -0.3531062, 0.8385728, 0.5932894, -0.07569666, 0.17261903, -0.846681, 0.13235982, 0.405734, 0.27693325, -0.3760901, 0.32890055, -0.12551886, -0.5641025, -0.4957726, 0.7476654, 0.28422827, 0.09769282, 0.023294793, 0.86131996, -0.5389153, 0.4955714, -0.39675456, 0.7421747, 0.55258095, 0.64916843, 0.6608009, 0.5721937, 0.5253523, 0.48621115, -0.33228698, 0.3387737, -0.7036325, -0.98702055, -0.9112519, -0.13650022, 0.17924519, -0.9412434, -0.47098464, -0.33851224, 0.961846, -0.5158259, -0.41314694, -0.4579343, -0.35145533, -0.8093323, -0.09017499, 0.6928403, 0.45616397, 0.14308743, 0.0152585795, 0.657914, 0.4567161, -0.77001226, -0.26155907, -0.47396642, -0.7858768, -0.7824506, 0.01688353, -0.47502232, 0.60513437, -0.743377, -0.8752751, 0.45699894, -0.55137426, 0.9561708, -0.18844646, -0.3807334, 0.07967393, -0.741324, -0.00011758015, 0.2353367, -0.591364, 0.21466929, -0.88580155, -0.1964133, -0.2918582, 0.13461252, 0.7661142, 0.3919923, -0.47481802, -0.77436674, -0.7952999, 0.8798917, -0.25273156, 0.93399996, 0.53899056, 0.1282296, 0.42005414, 0.5876685, 0.4147918, 0.8336316, 0.7892058, 0.42286223, 0.6407301, 0.71736985, -0.16765498, -0.10687167, 0.060736302, 0.006928278, 0.52009255, 0.36137062, 0.8332188, -0.73791623, 0.6198747, 0.23620069, -0.22033352, 0.4594749, -0.7390826, -0.27762267, 0.47102815, 0.8520913, 0.60890317, 0.9220047, -0.0548762, 0.4399652, -0.49192798, -0.952699, 0.51397204, 0.052399687, -0.41205764, 0.60797465, 0.5965178, 0.7350162, -0.35068727, 0.9232914, 0.17850964, 0.20984617, 0.8276487, 0.6410052, -0.7867117, -0.71405244, 0.57705134, -0.48185268, 0.4378276, -0.64506644, -0.55697626, -0.47256747, -0.56960386, -0.3472884, 0.961041, 0.36178026, 0.35035795, 0.59240055, -0.5196904, 0.87804294, 0.82522136, 0.22696982, -0.9583689, 0.116815455, -0.12240426, -0.56244236, 0.24995829, -0.5472126, -0.9328863, -0.68668467, -0.22684981, 0.017943658, -0.37588647, -0.6620277, -0.08050142, -0.6133519, -0.030352838, 0.38218164, 0.38503462, 0.74344, -0.17251302, -0.9229197, -0.4550815, -0.18256868, -0.19007671, -0.49059027, -0.7277033, 0.32404974, 0.5012727, -0.32224476, -0.20098752, 0.57970876, 0.22841345, 0.58326334, -0.8411686, -0.79731274, 0.3575598, 0.48003718, 0.3752359, 0.61861235, 0.61956453, -0.41008326, 0.35299668, -0.7867023, 0.6759164, -0.5021239, -0.42809165, -0.35328823, -0.8714729, -0.17045695, 0.92427987, -0.10093, -0.8298527, -0.04273155, -0.87912965, -0.08810033, 0.13138832, 0.7522288, 0.74669063, 0.86079127, -0.02561842, -0.8673616, 0.107255094, -0.6233632, -0.054826986, -0.4419983, -0.2528971, 0.88614005, 0.5016585, -0.5894508, -0.012417686, -0.92283875, 0.39856014, -0.4923873, -0.7481853, 0.11145331, -0.27962327, 0.7823411, -0.3091397, -0.22002974, -0.11263101, -0.061278634, 0.8631012, 0.9808249, -0.52562535, -0.38457227, 0.3570979, -0.44844952, 0.18900971, -0.23567319, 0.96946084, -0.2034582, 0.30774197, 0.7383746, -0.6586148, -0.98197234, 0.7909962, 0.18197566, 0.09951419, 0.8839181, -0.9418035, -0.022348702, 0.43071932, -0.793706, 0.48228732, 0.891485, -0.5357167, -0.31107274, -0.24433388, -0.20947301, 0.48048913, -0.1886614, -0.8537756, 0.076970026, 0.94351524, 0.76580536, 0.8297619, -0.69256145, 0.48555902, -0.16371302, -0.4508638, -0.73081005, -0.9260201, 0.87819934, -0.85596085, -0.69986856, 0.57950723, 0.95266515, -0.47055334, -0.6796597, 0.8421547, 0.9965013, -0.6210716, 0.31240442, -0.8452226, 0.49752247, -0.9179253, -0.9293474, -0.5855229, -0.13918166, 0.5058435, -0.18533605, -0.05960215, 0.7805325, 0.5479567, -0.43923587, -0.68774366, -0.4060614, -0.73607796, 0.26256087, 0.5171982, 0.18713781, 0.45911074, -0.8234052, -0.6925553, -0.72924566, -0.5027772, -0.36777216, 0.1397128, -0.8437379, -0.8403504, -0.5668412, -0.9960615, -0.32028145, 0.52817136, 0.16911092, -0.020185608, -0.14190504]","[7.0, 0.0, -18.0, -7.0, -2.0, -9.0, 6.0, -12.0, -20.0, -11.0, -2.0, 22.0, 5.0, 0.0, -12.0, -1.0, -4.0, 1.0, -10.0, 0.0, -26.0, 5.0, 0.0, 1.0, -7.0, -14.0, -6.0, -24.0, -5.0, -20.0, -14.0, 7.0, 0.0, 14.0, -2.0, -11.0, -8.0, -12.0, 3.0, 1.0, 3.0, 14.0, -8.0, -6.0, -16.0, 11.0, -6.0, -9.0, 1.0, -5.0, -5.0, -3.0, 6.0, 3.0, -17.0, -11.0, -9.0, 13.0, 5.0, 4.0, -11.0, 2.0, -18.0, 5.0, -5.0, -1.0, -3.0, -8.0, 1.0, -2.0, -21.0, 17.0, -10.0, -19.0, -22.0, -6.0, -4.0, -12.0, -2.0, -10.0, 16.0, -10.0, 7.0, -23.0, -10.0, -11.0, 2.0, 8.0, -8.0, -6.0, -1.0, -18.0, -4.0, -4.0, 4.0, -8.0, -15.0, -5.0, -7.0, -5.0, -13.0, 1.0, -6.0, -3.0, 7.0, -19.0, 13.0, -14.0, -10.0, -13.0, -11.0, 5.0, 2.0, 2.0, 4.0, -14.0, -7.0, 4.0, -7.0, -11.0, -14.0, 4.0, 4.0, -13.0, -22.0, -16.0, -13.0, -3.0, -6.0, -1.0, -1.0, 6.0, 1.0, -5.0, -2.0, 0.0, -13.0, -14.0, -9.0, -9.0, 14.0, -10.0, -3.0, -10.0, 2.0, -10.0, -7.0, -7.0, -10.0, 9.0, -10.0, -17.0, -15.0, 0.0, 9.0, -4.0, -18.0, -6.0, 4.0, -3.0, -7.0, -6.0, -8.0, 8.0, -8.0, 0.0, 13.0, -16.0, -9.0, 0.0, -6.0, -4.0, -5.0, -24.0, -30.0, -10.0, -32.0, -5.0, 10.0, -25.0, -21.0, -5.0, -16.0, -9.0, -10.0, -15.0, 6.0, -4.0, -21.0, 12.0, -9.0, -1.0, 4.0, -4.0, -10.0, -1.0, -1.0, -11.0, -10.0, -6.0, -17.0, -3.0, -5.0, 6.0, -7.0, 2.0, -6.0, -3.0, -7.0, 9.0, -15.0, 0.0, -5.0, 2.0, -11.0, -11.0, -3.0, -9.0, -7.0, -1.0, -9.0, 5.0, -1.0, 0.0, -7.0, -5.0, -28.0, 4.0, -13.0, -3.0, 20.0, -7.0, -20.0, 1.0, -11.0, 1.0, -3.0, -7.0, -16.0, -11.0, 6.0, 8.0, -2.0, 11.0, 9.0, 2.0, 2.0, -18.0, -17.0, -10.0, -10.0, -6.0, 11.0, -8.0, -7.0, 2.0, 6.0, -9.0, -7.0, -3.0, -6.0, -14.0, -21.0, -1.0, -5.0, -14.0, -10.0, -27.0, -13.0, 1.0, 5.0, 0.0, -6.0, 9.0, -5.0, -4.0, -16.0, 1.0, -8.0, 6.0, -2.0, -6.0, -10.0, -1.0, 8.0, -6.0, 7.0, -5.0, 7.0, -1.0, 4.0, 10.0, 3.0, -15.0, 3.0, 4.0, 7.0, -6.0, 4.0, 2.0, -10.0, 0.0, -14.0, 9.0, 1.0, -6.0, -14.0, -6.0, -4.0, -11.0, 11.0, -8.0, 0.0, 5.0, -9.0, 0.0, -9.0, -1.0, 10.0, -10.0, -19.0, -21.0, -7.0, 7.0, 1.0, -10.0, -7.0, -3.0, 1.0, 0.0, 2.0, 8.0, -19.0, -9.0, -7.0, -15.0, -12.0, -5.0, -4.0, -33.0, 5.0, 5.0, -5.0, -16.0, -16.0, -4.0, -10.0, 4.0, -19.0, 5.0, -15.0, -4.0, 1.0, -6.0, -19.0, -23.0, 5.0, 8.0, -20.0, -13.0, 4.0, 6.0, -11.0, -5.0, -3.0, -7.0, -12.0, -3.0, 2.0, -17.0, -17.0, -10.0, -2.0, -17.0, -5.0, -16.0, 24.0, 14.0, -6.0, -18.0, -3.0, -2.0, 0.0, -1.0, 0.0, -16.0, -10.0, 1.0, -10.0, -25.0, -6.0, 2.0, -6.0, -13.0, 2.0, 29.0, 2.0, -4.0, -6.0, -5.0, -6.0, 7.0, -7.0, -6.0, 0.0, -4.0, -23.0, -33.0, 9.0, -10.0, -6.0, 2.0, -4.0, 5.0, -2.0, -6.0, -13.0, -11.0, -20.0, -1.0, 7.0, -14.0, -3.0, 20.0, 4.0, -19.0, 3.0, -20.0, -7.0, -10.0, -9.0, 8.0, 10.0, 4.0, -6.0, -6.0, 9.0, -7.0, 10.0, 7.0, -6.0, -5.0, -8.0, 4.0, -2.0, -35.0, 11.0, -15.0, -5.0, -4.0, -5.0, -2.0, -2.0, -21.0, -9.0, -5.0, -2.0, -11.0, -5.0, 2.0, 4.0, -16.0, -7.0, -16.0, -4.0, -12.0, 18.0, 2.0, -13.0, -10.0, -14.0, -1.0, -23.0, -15.0, -4.0, -5.0, -18.0, -4.0, 6.0, -12.0, -9.0, -4.0, -6.0, -20.0, 13.0, 3.0, -13.0, -6.0, 0.0, 3.0, 14.0, -6.0, -10.0, 2.0, -4.0, -7.0, -18.0, 9.0, -6.0, -27.0]",-54.9285266055146,0.0,0.0,0,0.003119230270385742
89,"[0.5480232, 0.74475443, 0.24636605, 0.19626221, 0.05983903, -0.61958045, 0.2593823, -0.9443823, -0.76240516, -0.38902423, -0.94232523, -0.7152579, -0.5181477, -0.8478799, -0.9545768, 0.82312423, -0.75959873, -0.38884127, 0.27818382, -0.16743036, -0.49628147, 0.056961555, 0.72840834, -0.18220302, 0.7312465, -0.01292078, 0.27887496, -0.51032996, -0.18226305, 0.3900366, -0.08883112, -0.77095926, -0.7289479, 0.40185365, 0.55645204, -0.6339105, -0.27100936, -0.904822, -0.7097124, 0.81387657, -0.26681727, -0.46727642, -0.22472712, 0.052206922, 0.21540591, 0.2962166, 0.97199136, -0.7076025, -0.23317443, -0.74576813, 0.17771964, -0.21010816, -0.33126897, -0.25643864, 0.16846274, 0.73699003, 0.48398432, 0.8228964, 0.6328154, 0.45001993, 0.8320054, -0.960414, -0.87015957, -0.036550175, -0.2610811, 0.3849745, 0.42210037, 0.65454715, -0.6185284, 0.6824136, -0.11243323, -0.8577936, 0.5329019, 0.9327518, 0.671132, -0.36072463, 0.47787255, 0.8027008, -0.92894024, -0.29727426, -0.82719266, -0.56124413, -0.842896, -0.4916352, -0.8862717, -0.9718304, 0.4877611, 0.78502643, 0.9745042, -0.42829356, 0.28270596, 0.19010678, 0.8140867, 0.25825885, 0.60419375, -0.37949792, -0.22461568, 0.5509506, -0.82695127, 0.6578495, 0.7815191, 0.29921728, -0.9698868, -0.6205891, 0.25485376, 0.24779725, 0.5409658, -0.73921394, -0.4954818, -0.8686342, 0.9048793, -0.88746846, 0.58453757, -0.49572343, -0.7890628, -0.10654935, 0.35582843, 0.00031564664, -0.26247507, 0.16203706, -0.333778, -0.39819363, -0.10362081, -0.87851906, -0.96074224, 0.05440614, -0.5649038, 0.36128554, -0.17149572, 0.54403234, 0.25111243, 0.79168373, -0.05749134, 0.87748337, -0.68550277, -0.7378816, 0.1282536, 0.55956364, -0.6335528, -0.42222527, 0.6244178, -0.43023536, -0.36372536, -0.096562095, 0.3245651, -0.87719274, 0.79578644, -0.8887812, 0.9321123, -0.6372089, 0.7588355, -0.44890192, -0.6329965, -0.5708311, 0.8116996, 0.15831722, -0.37850073, -0.995687, -0.9203882, -0.22551915, -0.4532828, 0.42374673, -0.36370978, 0.4538595, -0.831213, 0.2794065, -0.123887666, 0.846101, -0.5062469, 0.92628515, 0.41431925, 0.73060846, -0.6419119, 0.65437984, -0.8573807, 0.5914448, -0.80495876, 0.04022094, -0.47743452, -0.2800956, 0.8113762, -0.040700845, 0.42762303, 0.58103883, -0.98447436, 0.6527556, 0.36213216, -0.7042918, -0.31170985, -0.49198785, -0.6714302, -0.0556089, -0.7308377, -0.46278948, 0.0547191, -0.5334715, 0.24388319, 0.6503465, 0.13909931, -0.7555912, -0.78780293, 0.14487183, 0.73797405, -0.94729435, -0.849899, 0.41636416, 0.5306676, -0.8524319, 0.43013883, 0.6782626, 0.27467847, 0.485843, 0.9038569, 0.5217458, -0.86454153, -0.5013113, -0.99382985, 0.4713893, 0.63511586, -0.34139273, -0.1502645, -0.719255, -0.956067, 0.00849589, -0.83986115, -0.9156208, -0.10605616, -0.5638016, 0.371097, -0.107254356, -0.2620311, -0.04965589, 0.5957252, 0.36873358, -0.82672215, 0.28909692, 0.25580016, -0.7881552, -0.24494739, 0.67048204, 0.21215731, -0.2931248, -0.12679878, 0.09707283, 0.72564846, 0.88186514, 0.48985204, 0.8709765, -0.5558523, 0.055934083, -0.72023284, 0.52525085, -0.37073874, -0.16186021, -0.09351549, 0.41510862, -0.5529609, -0.6432392, 0.9730141, -0.29920313, -0.31614125, -0.60112387, -0.8173963, 0.46360072, -0.9656989, 0.9718751, 0.38623047, -0.2921534, -0.48569316, -0.07878934, 0.14370123, -0.4891419, -0.7399451, 0.103307836, -0.37656254, 0.4498391, -0.94868875, 0.96674913, -0.46817002, 0.058132455, 0.12341534, -0.8389916, -0.35274777, -0.8985877, 0.5363831, -0.6453743, 0.63836944, 0.15892844, -0.34334442, 0.50806314, 0.30834904, 0.37467024, 0.80397624, 0.7602272, -0.33489275, -0.43389747, -0.4761113, -0.764664, -0.4059113, 0.49697748, 0.4122709, 0.78143084, -0.41964385, 0.6073411, -0.88472706, -0.9842721, -0.48831174, -0.39075315, -0.6256741, -0.8620598, -0.023852337, -0.002928485, 0.3862151, -0.72087693, -0.10075262, -0.8349044, -0.99914736, 0.14193039, 0.796685, 0.25204217, 0.37423232, 0.25298446, -0.8815537, -0.7491669, -0.6572108, -0.8581856, 0.48300865, 0.013923259, -0.40016475, 0.116815016, -0.23918082, 0.7062314, -0.16115509, -0.9475064, -0.61963, 0.07015691, 0.38083544, -0.8102212, 0.25943047, 0.6225642, 0.19290675, 0.3753896, -0.6254182, 0.92871284, 0.52378964, 0.6204756, -0.93746454, -0.6276027, 0.13897844, 0.84524804, 0.53611696, -0.042369906, 0.7835874, -0.64291024, 0.047177825, 0.698647, 0.32338455, -0.4186369, -0.12192604, -0.21211343, 0.14741781, -0.41583663, -0.2055691, -0.50149554, 0.3435027, 0.2589714, -0.38158095, -0.5473344, 0.095711865, -0.89477265, 0.8957707, 0.9702734, -0.29265818, -0.9999992, -0.08010721, -0.6777628, -0.48244393, -0.48760912, -0.90645707, 0.3977205, 0.55373377, 0.21701355, 0.8733467, 0.93887955, -0.79902047, -0.6747146, -0.36816898, -0.19087136, -0.72011733, -0.49523154, 0.7557308, -0.8229594, -0.439982, 0.53287476, 0.4787588, -0.8585333, 0.428512, 0.18696661, -0.43823293, -0.72091305, 0.72052646, -0.863284, -0.03287314, 0.17610283, 0.4875521, 0.7440844, -0.043528628, 0.6797302, -0.39576387, 0.6693662, -0.87595016, 0.38392222, 0.46431383, 0.81632715, 0.18343453, 0.55345494, 0.7092106, -0.8645068, -0.65406865, -0.91881853, -0.8086615, -0.7360956, 0.8105035, -0.83025646, -0.584843, 0.11111416, -0.5418377, 0.8975769, 0.3308814, 0.68431926, 0.3783048, -0.59872824, 0.122967094, -0.6684955, -0.98050576, 0.8734232, -0.8327695, 0.6160128, -0.08139755, -0.5835799, 0.4560687, -0.18185076, -0.45001844, -0.9166601, 0.41882122, 0.75648594, -0.4794157, -0.5837319, 0.77169156, 0.049120717, 0.2601933, -0.52948636, 0.50683224, 0.5755075, 0.27789336, 0.29707202, -0.8424222, -0.60295516, -0.31086478, -0.13048425, -0.3563098, 0.94289166, 0.055132266, 0.58707315, 0.26861945, -0.9514262, -0.45105228, 0.6950804, 0.50394374, 0.6563841, -0.89208543, -0.84347063, -0.51124644, 0.68216187, -0.47148392, 0.5531229, -0.9654613, -0.5138083, -0.3988151, -0.17283309, 0.6928388, -0.29977608, 0.8293182, 0.4728064, 0.34016898, 0.58654785, -0.5451449, -0.6367339, -0.7338095, 0.5871244, 0.8314377, 0.43173915, 0.6115348, -0.11908443, 0.35704637, 0.8944377, -0.9291595, -0.7390429, -0.55728483, 0.7526069]","[7.0, 0.0, -18.0, -7.0, -2.0, -9.0, 6.0, -12.0, -20.0, -11.0, -2.0, 22.0, 5.0, 0.0, -12.0, -1.0, -4.0, 1.0, -10.0, 0.0, -26.0, 5.0, 0.0, 1.0, -7.0, -14.0, -6.0, -24.0, -5.0, -20.0, -14.0, 7.0, 0.0, 14.0, -2.0, -11.0, -8.0, -12.0, 3.0, 1.0, 3.0, 14.0, -8.0, -6.0, -16.0, 11.0, -6.0, -9.0, 1.0, -5.0, -5.0, -3.0, 6.0, 3.0, -17.0, -11.0, -9.0, 13.0, 5.0, 4.0, -11.0, 2.0, -18.0, 5.0, -5.0, -1.0, -3.0, -8.0, 1.0, -2.0, -21.0, 17.0, -10.0, -19.0, -22.0, -6.0, -4.0, -12.0, -2.0, -10.0, 16.0, -10.0, 7.0, -23.0, -10.0, -11.0, 2.0, 8.0, -8.0, -6.0, -1.0, -18.0, -4.0, -4.0, 4.0, -8.0, -15.0, -5.0, -7.0, -5.0, -13.0, 1.0, -6.0, -3.0, 7.0, -19.0, 13.0, -14.0, -10.0, -13.0, -11.0, 5.0, 2.0, 2.0, 4.0, -14.0, -7.0, 4.0, -7.0, -11.0, -14.0, 4.0, 4.0, -13.0, -22.0, -16.0, -13.0, -3.0, -6.0, -1.0, -1.0, 6.0, 1.0, -5.0, -2.0, 0.0, -13.0, -14.0, -9.0, -9.0, 14.0, -10.0, -3.0, -10.0, 2.0, -10.0, -7.0, -7.0, -10.0, 9.0, -10.0, -17.0, -15.0, 0.0, 9.0, -4.0, -18.0, -6.0, 4.0, -3.0, -7.0, -6.0, -8.0, 8.0, -8.0, 0.0, 13.0, -16.0, -9.0, 0.0, -6.0, -4.0, -5.0, -24.0, -30.0, -10.0, -32.0, -5.0, 10.0, -25.0, -21.0, -5.0, -16.0, -9.0, -10.0, -15.0, 6.0, -4.0, -21.0, 12.0, -9.0, -1.0, 4.0, -4.0, -10.0, -1.0, -1.0, -11.0, -10.0, -6.0, -17.0, -3.0, -5.0, 6.0, -7.0, 2.0, -6.0, -3.0, -7.0, 9.0, -15.0, 0.0, -5.0, 2.0, -11.0, -11.0, -3.0, -9.0, -7.0, -1.0, -9.0, 5.0, -1.0, 0.0, -7.0, -5.0, -28.0, 4.0, -13.0, -3.0, 20.0, -7.0, -20.0, 1.0, -11.0, 1.0, -3.0, -7.0, -16.0, -11.0, 6.0, 8.0, -2.0, 11.0, 9.0, 2.0, 2.0, -18.0, -17.0, -10.0, -10.0, -6.0, 11.0, -8.0, -7.0, 2.0, 6.0, -9.0, -7.0, -3.0, -6.0, -14.0, -21.0, -1.0, -5.0, -14.0, -10.0, -27.0, -13.0, 1.0, 5.0, 0.0, -6.0, 9.0, -5.0, -4.0, -16.0, 1.0, -8.0, 6.0, -2.0, -6.0, -10.0, -1.0, 8.0, -6.0, 7.0, -5.0, 7.0, -1.0, 4.0, 10.0, 3.0, -15.0, 3.0, 4.0, 7.0, -6.0, 4.0, 2.0, -10.0, 0.0, -14.0, 9.0, 1.0, -6.0, -14.0, -6.0, -4.0, -11.0, 11.0, -8.0, 0.0, 5.0, -9.0, 0.0, -9.0, -1.0, 10.0, -10.0, -19.0, -21.0, -7.0, 7.0, 1.0, -10.0, -7.0, -3.0, 1.0, 0.0, 2.0, 8.0, -19.0, -9.0, -7.0, -15.0, -12.0, -5.0, -4.0, -33.0, 5.0, 5.0, -5.0, -16.0, -16.0, -4.0, -10.0, 4.0, -19.0, 5.0, -15.0, -4.0, 1.0, -6.0, -19.0, -23.0, 5.0, 8.0, -20.0, -13.0, 4.0, 6.0, -11.0, -5.0, -3.0, -7.0, -12.0, -3.0, 2.0, -17.0, -17.0, -10.0, -2.0, -17.0, -5.0, -16.0, 24.0, 14.0, -6.0, -18.0, -3.0, -2.0, 0.0, -1.0, 0.0, -16.0, -10.0, 1.0, -10.0, -25.0, -6.0, 2.0, -6.0, -13.0, 2.0, 29.0, 2.0, -4.0, -6.0, -5.0, -6.0, 7.0, -7.0, -6.0, 0.0, -4.0, -23.0, -33.0, 9.0, -10.0, -6.0, 2.0, -4.0, 5.0, -2.0, -6.0, -13.0, -11.0, -20.0, -1.0, 7.0, -14.0, -3.0, 20.0, 4.0, -19.0, 3.0, -20.0, -7.0, -10.0, -9.0, 8.0, 10.0, 4.0, -6.0, -6.0, 9.0, -7.0, 10.0, 7.0, -6.0, -5.0, -8.0, 4.0, -2.0, -35.0, 11.0, -15.0, -5.0, -4.0, -5.0, -2.0, -2.0, -21.0, -9.0, -5.0, -2.0, -11.0, -5.0, 2.0, 4.0, -16.0, -7.0, -16.0, -4.0, -12.0, 18.0, 2.0, -13.0, -10.0, -14.0, -1.0, -23.0, -15.0, -4.0, -5.0, -18.0, -4.0, 6.0, -12.0, -9.0, -4.0, -6.0, -20.0, 13.0, 3.0, -13.0, -6.0, 0.0, 3.0, 14.0, -6.0, -10.0, 2.0, -4.0, -7.0, -18.0, 9.0, -6.0, -27.0]",-54.9285266055146,0.0,0.0,0,0.0032854080200195312
90,"[0.5256132, -0.038061053, -0.44299698, 0.29028407, -0.5991558, 0.7312759, 0.6573085, -0.7396222, -0.6938334, 0.99098825, -0.07415064, 0.29178196, 0.36966112, 0.6433833, -0.122519664, -0.31559396, -0.89273745, 0.28252184, -0.31618968, 0.79873264, -0.96636695, 0.5526473, 0.753437, -0.7106607, -0.6272565, -0.2714331, -0.56798613, -0.009203752, -0.26917294, -0.26030594, 0.30251804, -0.8661364, 0.7176322, 0.8076791, -0.29211614, 0.31354234, -0.027119998, -0.4272993, -0.8983511, -0.88155776, 0.30120888, -0.43115646, 0.57046807, -0.769922, -0.9195431, -0.47074178, 0.31470478, -0.6480371, -0.59643674, -0.11568974, -0.28501475, 0.023200324, 0.27275735, 0.7730539, -0.9803856, 0.22475782, -0.00810648, 0.026780998, -0.16933727, -0.70610374, 0.80069923, 0.9583958, 0.91332865, -0.020752242, 0.42324674, 0.1869308, -0.15919554, -0.9580475, -0.11880945, 0.7673197, 0.006809323, 0.21717183, 0.5363861, -0.9603328, 0.59263086, -0.06756922, 0.7440716, 0.9957262, 0.7469112, 0.15388317, -0.009792052, 0.9924703, 0.9527878, -0.3010453, 0.354137, -0.76877815, 0.5800439, 0.6355143, 0.19660221, -0.5051641, 0.056183375, 0.8054852, -0.029470563, 0.07191048, 0.12600167, -0.6828981, -0.7571345, 0.89513254, 0.28885862, -0.63365954, 0.60867965, 0.42176935, 0.78250724, -0.76513284, -0.81704205, 0.24957328, -0.89477634, 0.3209569, -0.8320631, 0.022970006, 0.07089641, -0.4554254, -0.39005405, 0.6746578, 0.7974644, 0.3958389, 0.14776698, 0.51344705, 0.33933255, -0.21930711, -0.944641, -0.24625403, -0.9345177, -0.09274483, -0.23485748, 0.46110582, -0.14882343, -0.93200076, -0.5219764, -0.22186847, -0.47546908, 0.61818874, -0.24249443, -0.70122904, -0.31072962, 0.32675144, -0.21127453, -0.7423979, -0.042558763, 0.74804634, 0.66914916, -0.8642707, 0.82888365, 0.50473136, -0.88271487, -0.5534033, -0.6693843, -0.93089014, 0.17193635, 0.40331003, -0.9919263, 0.052023765, -0.26654172, 0.7998343, 0.605119, -0.5486927, -0.088604756, 0.8183997, 0.17534687, -0.09883091, -0.68796206, 0.42843947, 0.20574023, -0.3954948, -0.77691424, 0.70834386, 0.835241, 0.33590156, 0.80509096, -0.84213996, 0.9441301, -0.114262596, 0.7663308, -0.9638515, -0.8008838, -0.35831845, 0.06946283, 0.7514935, -0.3719099, -0.53765535, 0.31202656, -0.10420613, 0.27468795, 0.14145055, -0.2246154, -0.9704211, -0.14696826, 0.02999582, -0.28415787, -0.05190792, 0.09900516, -0.36954677, -0.3031913, 0.59241, -0.7570086, -0.5305965, -0.23586422, 0.3540746, 0.25124812, -0.4791918, 0.2460234, -0.007851885, -0.22006603, -0.33626118, 0.68565196, 0.7478626, -0.97065276, 0.4264971, 0.75628513, -0.6826662, 0.9412949, 0.09744701, 0.39709994, 0.5381447, 0.4956238, -0.75721645, -0.31303415, 0.9205527, 0.33466023, 0.0075222007, -0.79586506, 0.58024746, -0.3512153, 0.08229642, -0.9024541, -0.00439771, 0.51339775, 0.781874, -0.031400803, 0.019046126, -0.08581573, 0.09107805, -0.9533055, -0.6538041, 0.5169036, 0.1536908, 0.51058304, 0.40126383, 0.23503156, 0.1021063, -0.26113603, -0.9427664, 0.038974218, -0.71995836, 0.89535886, -0.096902095, 0.42315456, 0.8089083, 0.20611712, -0.18780701, -0.81526774, -0.09510775, -0.96460664, 0.7919147, -0.6858289, -0.26215625, 0.66912943, -0.010432189, 0.49761242, -0.336728, 0.73659235, 0.72820884, 0.61064297, 0.8306169, -0.32906038, -0.09459377, 0.99693316, 0.30635428, 0.94899064, -0.6179431, -0.70947534, -0.1273264, -0.25556257, 0.44765505, 0.45604137, 0.5851738, -0.4903294, 0.3028807, -0.60961354, 0.017910328, -0.29987544, -0.16552776, 0.8457522, -0.8716324, -0.28476635, -0.08826836, -0.9142921, 0.008070014, -0.6953731, -0.5612804, 0.19162908, 0.8712361, 0.7890121, -0.5240354, -0.29328993, -0.24998622, -0.47271195, 0.07402441, -0.63487756, 0.3796537, -0.4100376, -0.59542406, 0.8356984, 0.15453047, -0.81601936, -0.57002753, -0.22486949, -0.7925122, -0.6425847, -0.98639864, 0.70223004, -0.95648587, 0.9367535, 0.4484393, -0.1608411, 0.15559797, 0.5410203, -0.23798865, -0.4476947, 0.97892076, 0.8808461, 0.27031386, -0.057857648, 0.99177545, 0.9513502, -0.9477408, 0.43422684, -0.7553465, -0.28539485, -0.1047855, -0.31344387, -0.033217963, 0.91273224, -0.063261494, -0.9311323, -0.26593614, -0.56513524, -0.542704, -0.598821, -0.20713986, 0.75722647, -0.31789294, 0.70797795, 0.9003117, -0.518124, 0.60878396, -0.72840416, -0.5647713, 0.35395077, -0.7703942, 0.7059524, 0.48929974, -0.33965245, -0.5399063, -0.82770437, 0.5618525, 0.26577175, 0.8168667, -0.25942382, 0.35057864, -0.105860636, -0.68119735, 0.92941284, 0.8395941, 0.5042734, 0.62731934, -0.28833872, 0.984756, 0.5897207, 0.11527602, -0.58195007, -0.3556038, -0.515113, -0.75320154, 0.19887386, -0.15398717, -0.483486, 0.41856256, 0.10018296, -0.18248306, 0.8931946, 0.014715575, -0.8565766, 0.6134562, -0.38442484, -0.5233993, 0.99665713, 0.10757889, -0.8735011, -0.36530882, 0.5176711, -0.786878, -0.964542, -0.64831, 0.23882577, 0.5988239, -0.48693064, 0.5002682, 0.7420803, 0.7863704, 0.18864869, -0.40656957, 0.98148316, -0.5511718, -0.015789246, -0.24845263, 0.77613264, 0.26037988, -0.2068551, -0.43860027, -0.50221956, 0.86249524, -0.6973265, -0.0144391535, 0.643985, 0.7727861, -0.91474766, 0.15638325, 0.8471161, 0.8414503, -0.23104495, 0.7231448, -0.21915922, 0.80345136, 0.7955346, 0.6917219, -0.78755677, -0.8358827, 0.34024864, -0.5276697, -0.3968621, -0.63542825, 0.020815983, 0.36635977, 0.03594291, -0.4906574, 0.67620814, 0.08403272, 0.7510956, 0.761526, 0.49204987, 0.603582, 0.82445014, -0.3957125, 0.8677067, -0.3939911, -0.4532711, -0.683299, 0.00888145, -0.28343034, -0.14387162, -0.037357245, 0.8043244, 0.4607159, 0.37531132, 0.3615109, 0.17868003, 0.54686546, 0.37274304, 0.06261355, -0.88235587, -0.5365243, -0.6913793, -0.9618411, -0.4669981, 0.41094106, 0.46943837, -0.51824623, 0.9297659, 0.88057107, 0.024381315, 0.9892679, -0.55058694, -0.20915183, 0.86152875, -0.45099032, 0.05040433, -0.9905555, -0.31534517, 0.6026659, 0.88490283, 0.85023713, 0.23055498, -0.22939225, -0.40740633, 0.61978877, 0.11653395, -0.77330494, 0.7557362, -0.28575134, 0.85178, 0.7347064, 0.99334824, -0.7731609, -0.09452853, -0.3047474, -0.20153795, -0.027944442, -0.092465654, 0.70890206]","[7.0, 0.0, -18.0, -7.0, -2.0, -9.0, 6.0, -12.0, -20.0, -11.0, -2.0, 22.0, 5.0, 0.0, -12.0, -1.0, -4.0, 1.0, -10.0, 0.0, -26.0, 5.0, 0.0, 1.0, -7.0, -14.0, -6.0, -24.0, -5.0, -20.0, -14.0, 7.0, 0.0, 14.0, -2.0, -11.0, -8.0, -12.0, 3.0, 1.0, 3.0, 14.0, -8.0, -6.0, -16.0, 11.0, -6.0, -9.0, 1.0, -5.0, -5.0, -3.0, 6.0, 3.0, -17.0, -11.0, -9.0, 13.0, 5.0, 4.0, -11.0, 2.0, -18.0, 5.0, -5.0, -1.0, -3.0, -8.0, 1.0, -2.0, -21.0, 17.0, -10.0, -19.0, -22.0, -6.0, -4.0, -12.0, -2.0, -10.0, 16.0, -10.0, 7.0, -23.0, -10.0, -11.0, 2.0, 8.0, -8.0, -6.0, -1.0, -18.0, -4.0, -4.0, 4.0, -8.0, -15.0, -5.0, -7.0, -5.0, -13.0, 1.0, -6.0, -3.0, 7.0, -19.0, 13.0, -14.0, -10.0, -13.0, -11.0, 5.0, 2.0, 2.0, 4.0, -14.0, -7.0, 4.0, -7.0, -11.0, -14.0, 4.0, 4.0, -13.0, -22.0, -16.0, -13.0, -3.0, -6.0, -1.0, -1.0, 6.0, 1.0, -5.0, -2.0, 0.0, -13.0, -14.0, -9.0, -9.0, 14.0, -10.0, -3.0, -10.0, 2.0, -10.0, -7.0, -7.0, -10.0, 9.0, -10.0, -17.0, -15.0, 0.0, 9.0, -4.0, -18.0, -6.0, 4.0, -3.0, -7.0, -6.0, -8.0, 8.0, -8.0, 0.0, 13.0, -16.0, -9.0, 0.0, -6.0, -4.0, -5.0, -24.0, -30.0, -10.0, -32.0, -5.0, 10.0, -25.0, -21.0, -5.0, -16.0, -9.0, -10.0, -15.0, 6.0, -4.0, -21.0, 12.0, -9.0, -1.0, 4.0, -4.0, -10.0, -1.0, -1.0, -11.0, -10.0, -6.0, -17.0, -3.0, -5.0, 6.0, -7.0, 2.0, -6.0, -3.0, -7.0, 9.0, -15.0, 0.0, -5.0, 2.0, -11.0, -11.0, -3.0, -9.0, -7.0, -1.0, -9.0, 5.0, -1.0, 0.0, -7.0, -5.0, -28.0, 4.0, -13.0, -3.0, 20.0, -7.0, -20.0, 1.0, -11.0, 1.0, -3.0, -7.0, -16.0, -11.0, 6.0, 8.0, -2.0, 11.0, 9.0, 2.0, 2.0, -18.0, -17.0, -10.0, -10.0, -6.0, 11.0, -8.0, -7.0, 2.0, 6.0, -9.0, -7.0, -3.0, -6.0, -14.0, -21.0, -1.0, -5.0, -14.0, -10.0, -27.0, -13.0, 1.0, 5.0, 0.0, -6.0, 9.0, -5.0, -4.0, -16.0, 1.0, -8.0, 6.0, -2.0, -6.0, -10.0, -1.0, 8.0, -6.0, 7.0, -5.0, 7.0, -1.0, 4.0, 10.0, 3.0, -15.0, 3.0, 4.0, 7.0, -6.0, 4.0, 2.0, -10.0, 0.0, -14.0, 9.0, 1.0, -6.0, -14.0, -6.0, -4.0, -11.0, 11.0, -8.0, 0.0, 5.0, -9.0, 0.0, -9.0, -1.0, 10.0, -10.0, -19.0, -21.0, -7.0, 7.0, 1.0, -10.0, -7.0, -3.0, 1.0, 0.0, 2.0, 8.0, -19.0, -9.0, -7.0, -15.0, -12.0, -5.0, -4.0, -33.0, 5.0, 5.0, -5.0, -16.0, -16.0, -4.0, -10.0, 4.0, -19.0, 5.0, -15.0, -4.0, 1.0, -6.0, -19.0, -23.0, 5.0, 8.0, -20.0, -13.0, 4.0, 6.0, -11.0, -5.0, -3.0, -7.0, -12.0, -3.0, 2.0, -17.0, -17.0, -10.0, -2.0, -17.0, -5.0, -16.0, 24.0, 14.0, -6.0, -18.0, -3.0, -2.0, 0.0, -1.0, 0.0, -16.0, -10.0, 1.0, -10.0, -25.0, -6.0, 2.0, -6.0, -13.0, 2.0, 29.0, 2.0, -4.0, -6.0, -5.0, -6.0, 7.0, -7.0, -6.0, 0.0, -4.0, -23.0, -33.0, 9.0, -10.0, -6.0, 2.0, -4.0, 5.0, -2.0, -6.0, -13.0, -11.0, -20.0, -1.0, 7.0, -14.0, -3.0, 20.0, 4.0, -19.0, 3.0, -20.0, -7.0, -10.0, -9.0, 8.0, 10.0, 4.0, -6.0, -6.0, 9.0, -7.0, 10.0, 7.0, -6.0, -5.0, -8.0, 4.0, -2.0, -35.0, 11.0, -15.0, -5.0, -4.0, -5.0, -2.0, -2.0, -21.0, -9.0, -5.0, -2.0, -11.0, -5.0, 2.0, 4.0, -16.0, -7.0, -16.0, -4.0, -12.0, 18.0, 2.0, -13.0, -10.0, -14.0, -1.0, -23.0, -15.0, -4.0, -5.0, -18.0, -4.0, 6.0, -12.0, -9.0, -4.0, -6.0, -20.0, 13.0, 3.0, -13.0, -6.0, 0.0, 3.0, 14.0, -6.0, -10.0, 2.0, -4.0, -7.0, -18.0, 9.0, -6.0, -27.0]",-54.9285266055146,0.0,0.0,0,0.0033097267150878906
91,"[-0.03249665, 0.91086525, 0.15634015, 0.11552634, 0.73928297, -0.43903762, 0.0713759, -0.6310161, 0.9924079, -0.4091278, -0.73919624, 0.99454415, -0.07600368, 0.09483926, -0.2207797, -0.8153635, -0.27102628, -0.06660648, 0.4443195, 0.9814839, 0.8359203, 0.39235917, -0.06589142, 0.6202169, -0.35018882, -0.765414, 0.67207706, -0.04273191, -0.022627153, 0.51251745, -0.36372864, -0.73696554, -0.1117708, -0.4815583, 0.56212157, -0.41412684, 0.70096403, -0.42014495, -0.16509935, 0.51792276, 0.7259184, -0.4300557, 0.57517385, -0.8651983, -0.5233546, 0.32275304, -0.16308995, -0.12502405, 0.8783548, 0.0734247, 0.62362254, 0.7199739, -0.5138112, -0.40581685, 0.75949717, -0.092135616, -0.30927518, -0.4067171, 0.46657795, -0.39609912, -0.7739765, -0.27712733, 0.47105435, -0.22027788, -0.7647804, -0.8685903, 0.4628257, 0.0553119, -0.9557422, 0.87330043, 0.053787757, -0.48981425, 0.5039413, 0.29911777, -0.6978051, 0.5633812, -0.18286505, -0.35122758, 0.007456102, 0.2443773, 0.37001407, 0.86373556, -0.25327367, -0.4266106, -0.4094041, -0.67324597, -0.74630487, 0.752302, -0.209609, 0.2393403, 0.12022884, -0.66817063, -0.23842432, -0.2609026, -0.9492769, 0.29457647, 0.00502455, -0.8557842, 0.035874065, -0.34628737, -0.31158137, -0.5044388, -0.36186802, -0.55278045, 0.36622283, -0.09348945, 0.056344688, 0.7144333, -0.68852305, 0.39764097, -0.64999986, 0.38705805, 0.7172708, 0.8321916, -0.49530697, -0.8518145, 0.12262313, 0.11422587, -0.6455495, -0.57556045, -0.6161548, 0.3760754, 0.2195898, -0.22021082, 0.85756457, -0.106916994, -0.83984214, 0.42911488, -0.3829174, -0.28250653, 0.39709228, 0.7496644, -0.22422518, 0.85750574, 0.42603928, 0.6382792, 0.8363191, -0.012589769, -0.77466875, -0.29745588, 0.23209342, 0.15688902, -0.084184706, -0.78917617, 0.37076902, 0.8940457, 0.14861552, 0.49674982, -0.008423097, 0.9630786, -0.063800044, -0.720769, -0.6800448, 0.4887473, 0.44413197, 0.1861001, -0.41333184, -0.9568071, 0.3108931, 0.29465824, 0.93256706, 0.28517184, 0.9633888, 0.5683169, 0.31787232, 0.64805955, -0.119160764, 0.35398027, 0.123800196, -0.5260828, -0.6418119, -0.019522155, -0.78109115, -0.522898, -0.49481034, -0.64330566, 0.60965943, 0.7297258, -0.5980838, 0.70985764, -0.85047, 0.08605086, -0.22504473, 0.2353897, -0.28678465, 0.93416667, -0.6232869, 0.14138001, -0.57785493, 0.5754894, 0.7578604, 0.5534687, 0.4454074, -0.5326145, -0.037573155, 0.7629998, -0.19082588, -0.8850785, -0.5223872, -0.81877774, 0.29285327, 0.22792222, -0.053321227, 0.37233332, -0.7805841, 0.5895776, 0.34113893, 0.31741875, -0.20469084, -0.48293036, -0.025191072, 0.55122215, -0.3654169, 0.018817404, 0.15292898, 0.33728746, -0.16683683, -0.26876736, 0.8738902, 0.49820107, 0.22248723, 0.30946648, 0.08333394, -0.4189946, -0.98711, -0.76019925, 0.12724213, 0.37234247, -0.06707867, -0.3081733, -0.6159044, 0.16351987, 0.9703754, 0.23842923, 0.06819103, -0.62921447, -0.47896442, -0.9977197, -0.3955968, 0.22619586, 0.030769378, 0.2452599, -0.25668383, 0.13648961, 0.84474754, -0.5362902, -0.32565507, -0.567975, -0.2554155, -0.28864917, -0.08838472, -0.3427056, 0.059472088, 0.5493771, -0.77390844, -0.036860827, -0.8805878, -0.0074086376, 0.6207714, -0.40211603, -0.77260613, 0.07133096, 0.8919297, -0.12821692, 0.7715554, 0.9197891, -0.53756005, -0.19335213, 0.09777243, -0.8627551, -0.2599785, 0.9700806, -0.35289305, -0.29393393, -0.6887368, 0.6478229, -0.23615332, 0.47144082, 0.60693985, -0.28349528, -0.7339374, 0.9242902, -0.3415403, 0.8807492, 0.6834841, 0.8290255, 0.5716842, -0.41821593, -0.20528692, -0.09068198, 0.6361951, -0.044061005, -0.005622467, -0.024302032, 0.05062869, 0.9227248, -0.0824831, -0.7472136, 0.14432596, -0.723533, 0.5032848, -0.8556537, 0.8034548, -0.7679502, -0.32746735, 0.34667382, -0.33939427, 0.25446337, 0.7792966, 0.2204114, -0.16275746, -0.7431198, -0.71934295, -0.9895659, -0.58863187, -0.43918517, 0.6222059, -0.8807564, -0.066549845, -0.945065, -0.14671932, -0.48698866, -0.19537167, 0.46515432, -0.06371271, -0.39359155, -0.13458842, 0.6048228, -0.39279935, -0.8279544, -0.98938555, -0.8820575, -0.78303254, 0.14405484, -0.525345, 0.965999, 0.0045146397, 0.826884, 0.9514261, 0.07400011, -0.9829423, 0.2924971, -0.7033179, -0.73052394, -0.3816525, 0.7917564, 0.007689277, 0.87434036, -0.28237846, -0.5146951, 0.41363332, 0.30419227, 0.73672444, -0.6730541, -0.69976795, 0.13094534, -0.31713292, -0.52910954, -0.24374253, -0.6667092, 0.72018313, -0.23065448, 0.09543457, 0.14603443, 0.027347755, -0.75788456, -0.9924311, 0.58356243, 0.30579105, -0.8673964, -0.14726666, -0.4601838, -0.4586372, 0.21607725, -0.15865715, -0.30021146, 0.40749425, 0.62708265, -0.3144825, -0.67705786, -0.937, -0.06846714, 0.77930605, 0.068974555, -0.4133879, -0.61588335, -0.22339426, -0.56770337, 0.69956475, 0.2232298, 0.5498355, -0.47399607, -0.93294233, 0.5611408, 0.21536686, -0.27263287, -0.4865164, 0.5132645, -0.5317111, 0.26445377, 0.26986828, 0.7406869, -0.34052178, -0.41168138, -0.0076743416, 0.7214786, 0.59796315, -0.10302886, 0.696873, -0.3706724, 0.6230582, -0.24620691, -0.89649636, 0.04310587, 0.90297264, 0.07877913, 0.47649843, -0.3279024, 0.35561642, 0.1732294, 0.7700089, -0.5412941, -0.88563764, 0.73868287, -0.86708486, -0.67729, 0.18747355, 0.922896, -0.5937519, 0.7281307, 0.87115, -0.0039002053, -0.5782238, 0.3489339, -0.9859518, -0.7710274, -0.91552097, -0.30838215, 0.66708237, 0.38859183, 0.26403758, -0.7960244, -0.28567436, -0.86799514, 0.6904767, 0.7846483, 0.5880413, -0.28861204, -0.92354053, 0.9257516, -0.34085023, 0.86075425, -0.3107146, 0.2488256, 0.09542975, 0.3733207, -0.2372979, 0.18436272, 0.16440205, -0.5445681, -0.08924836, 0.84048384, 0.19884354, -0.6175644, -0.38984177, 0.7850802, -0.81142324, 0.16817056, -0.87896085, -0.6181629, -0.24167244, 0.52901775, -0.39742556, 0.8253925, 0.8492401, 0.9471556, -0.45412546, 0.35212246, -0.7396612, -0.43875274, -0.30466747, 0.19811466, 0.07164916, 0.89477, -0.11359249, 0.4586583, -0.5669621, -0.8084369, 0.46780762, 0.4785362, -0.4263384, 0.6008091, -0.78885555, -0.2952716, 0.052539524, 0.5377274, 0.8708053, 0.45678368, 0.97780085, -0.6274289]","[7.0, 0.0, -18.0, -7.0, -2.0, -9.0, 6.0, -12.0, -20.0, -11.0, -2.0, 22.0, 5.0, 0.0, -12.0, -1.0, -4.0, 1.0, -10.0, 0.0, -26.0, 5.0, 0.0, 1.0, -7.0, -14.0, -6.0, -24.0, -5.0, -20.0, -14.0, 7.0, 0.0, 14.0, -2.0, -11.0, -8.0, -12.0, 3.0, 1.0, 3.0, 14.0, -8.0, -6.0, -16.0, 11.0, -6.0, -9.0, 1.0, -5.0, -5.0, -3.0, 6.0, 3.0, -17.0, -11.0, -9.0, 13.0, 5.0, 4.0, -11.0, 2.0, -18.0, 5.0, -5.0, -1.0, -3.0, -8.0, 1.0, -2.0, -21.0, 17.0, -10.0, -19.0, -22.0, -6.0, -4.0, -12.0, -2.0, -10.0, 16.0, -10.0, 7.0, -23.0, -10.0, -11.0, 2.0, 8.0, -8.0, -6.0, -1.0, -18.0, -4.0, -4.0, 4.0, -8.0, -15.0, -5.0, -7.0, -5.0, -13.0, 1.0, -6.0, -3.0, 7.0, -19.0, 13.0, -14.0, -10.0, -13.0, -11.0, 5.0, 2.0, 2.0, 4.0, -14.0, -7.0, 4.0, -7.0, -11.0, -14.0, 4.0, 4.0, -13.0, -22.0, -16.0, -13.0, -3.0, -6.0, -1.0, -1.0, 6.0, 1.0, -5.0, -2.0, 0.0, -13.0, -14.0, -9.0, -9.0, 14.0, -10.0, -3.0, -10.0, 2.0, -10.0, -7.0, -7.0, -10.0, 9.0, -10.0, -17.0, -15.0, 0.0, 9.0, -4.0, -18.0, -6.0, 4.0, -3.0, -7.0, -6.0, -8.0, 8.0, -8.0, 0.0, 13.0, -16.0, -9.0, 0.0, -6.0, -4.0, -5.0, -24.0, -30.0, -10.0, -32.0, -5.0, 10.0, -25.0, -21.0, -5.0, -16.0, -9.0, -10.0, -15.0, 6.0, -4.0, -21.0, 12.0, -9.0, -1.0, 4.0, -4.0, -10.0, -1.0, -1.0, -11.0, -10.0, -6.0, -17.0, -3.0, -5.0, 6.0, -7.0, 2.0, -6.0, -3.0, -7.0, 9.0, -15.0, 0.0, -5.0, 2.0, -11.0, -11.0, -3.0, -9.0, -7.0, -1.0, -9.0, 5.0, -1.0, 0.0, -7.0, -5.0, -28.0, 4.0, -13.0, -3.0, 20.0, -7.0, -20.0, 1.0, -11.0, 1.0, -3.0, -7.0, -16.0, -11.0, 6.0, 8.0, -2.0, 11.0, 9.0, 2.0, 2.0, -18.0, -17.0, -10.0, -10.0, -6.0, 11.0, -8.0, -7.0, 2.0, 6.0, -9.0, -7.0, -3.0, -6.0, -14.0, -21.0, -1.0, -5.0, -14.0, -10.0, -27.0, -13.0, 1.0, 5.0, 0.0, -6.0, 9.0, -5.0, -4.0, -16.0, 1.0, -8.0, 6.0, -2.0, -6.0, -10.0, -1.0, 8.0, -6.0, 7.0, -5.0, 7.0, -1.0, 4.0, 10.0, 3.0, -15.0, 3.0, 4.0, 7.0, -6.0, 4.0, 2.0, -10.0, 0.0, -14.0, 9.0, 1.0, -6.0, -14.0, -6.0, -4.0, -11.0, 11.0, -8.0, 0.0, 5.0, -9.0, 0.0, -9.0, -1.0, 10.0, -10.0, -19.0, -21.0, -7.0, 7.0, 1.0, -10.0, -7.0, -3.0, 1.0, 0.0, 2.0, 8.0, -19.0, -9.0, -7.0, -15.0, -12.0, -5.0, -4.0, -33.0, 5.0, 5.0, -5.0, -16.0, -16.0, -4.0, -10.0, 4.0, -19.0, 5.0, -15.0, -4.0, 1.0, -6.0, -19.0, -23.0, 5.0, 8.0, -20.0, -13.0, 4.0, 6.0, -11.0, -5.0, -3.0, -7.0, -12.0, -3.0, 2.0, -17.0, -17.0, -10.0, -2.0, -17.0, -5.0, -16.0, 24.0, 14.0, -6.0, -18.0, -3.0, -2.0, 0.0, -1.0, 0.0, -16.0, -10.0, 1.0, -10.0, -25.0, -6.0, 2.0, -6.0, -13.0, 2.0, 29.0, 2.0, -4.0, -6.0, -5.0, -6.0, 7.0, -7.0, -6.0, 0.0, -4.0, -23.0, -33.0, 9.0, -10.0, -6.0, 2.0, -4.0, 5.0, -2.0, -6.0, -13.0, -11.0, -20.0, -1.0, 7.0, -14.0, -3.0, 20.0, 4.0, -19.0, 3.0, -20.0, -7.0, -10.0, -9.0, 8.0, 10.0, 4.0, -6.0, -6.0, 9.0, -7.0, 10.0, 7.0, -6.0, -5.0, -8.0, 4.0, -2.0, -35.0, 11.0, -15.0, -5.0, -4.0, -5.0, -2.0, -2.0, -21.0, -9.0, -5.0, -2.0, -11.0, -5.0, 2.0, 4.0, -16.0, -7.0, -16.0, -4.0, -12.0, 18.0, 2.0, -13.0, -10.0, -14.0, -1.0, -23.0, -15.0, -4.0, -5.0, -18.0, -4.0, 6.0, -12.0, -9.0, -4.0, -6.0, -20.0, 13.0, 3.0, -13.0, -6.0, 0.0, 3.0, 14.0, -6.0, -10.0, 2.0, -4.0, -7.0, -18.0, 9.0, -6.0, -27.0]",-54.9285266055146,0.0,0.0,0,0.003200531005859375
92,"[0.19840133, -0.39638078, -0.66835785, 0.67611605, -0.31863016, 0.7272337, -0.9348556, 0.26373237, -0.111972556, 0.99434155, -0.7936706, -0.7382197, 0.23762903, 0.42967734, -0.53036153, 0.18906386, 0.5875843, -0.51779234, 0.045916863, -0.1430821, 0.31617877, -0.5131926, 0.3442033, -0.79895824, 0.8510208, 0.70887995, 0.82329106, 0.65372986, 0.5919452, -0.69343513, -0.9743284, 0.31590557, -0.67373437, 0.117987484, 0.18301775, 0.7689605, -0.9826259, 0.57985, -0.6754616, -0.82566077, -0.039633702, 0.5750845, 0.66449505, 0.7056529, -0.3563485, 0.16326486, -0.35743055, -0.48677388, -0.14150421, 0.8566247, -0.9801498, 0.91361195, 0.43838435, -0.5869816, -0.40505672, 0.3382726, 0.7625436, -0.6755982, -0.8604573, 0.43454418, -0.32223228, -0.47795013, 0.7616486, 0.6463129, -0.85442686, -0.8697813, -0.9436638, -0.8935435, 0.36658967, -0.61693275, 0.903294, -0.6075602, -0.541991, 0.0562871, 0.8991267, 0.8497692, 0.5744372, 0.17529939, 0.8161655, 0.6114053, -0.31674147, -0.183517, 0.4493495, 0.5198214, -0.32040158, 0.93922, -0.58441573, -0.21918108, 0.6662408, 0.6806803, 0.43260223, -0.55010694, -0.7982328, 0.40226188, 0.04252433, -0.61804354, 0.29419324, 0.88367134, 0.36547396, 0.3746865, -0.5559758, 0.99777526, -0.10538719, -0.11211419, -0.16509898, 0.7193276, 0.387508, -0.35086468, 0.75780386, 0.913932, -0.21450722, -0.47502154, -0.43987057, 0.3224922, 0.06623695, -0.43643665, -0.35406625, 0.10411543, 0.5609457, -0.920544, -0.80497044, 0.29939875, -0.92306566, 0.03756965, 0.9310076, 0.7989081, 0.9727279, 0.5576242, -0.98190194, 0.8590848, 0.22080293, 0.468332, 0.43720958, -0.22663866, 0.9529754, 0.07060953, 0.32402205, -0.83773017, -0.6485493, -0.7748779, -0.5429297, 0.58301294, -0.11722686, -0.3342824, 0.059260808, -0.11624494, 0.9399639, 0.9724194, 0.1335052, -0.011236841, 0.75119185, -0.8593502, 0.37264645, -0.22283961, -0.81626046, 0.091742955, -0.7466557, 0.9267448, 0.36611918, 0.44772005, -0.14005308, 0.013793363, -0.5436639, 0.2878564, -0.6437218, 0.27444226, 0.07716951, -0.351572, -0.061336305, -0.81654334, 0.7994494, -0.9629889, 0.0031243332, -0.5835332, 0.9279338, -0.52293646, 0.15616874, -0.67024153, -0.910689, -0.763664, 0.6636759, -0.4002381, 0.9081465, -0.14989361, 0.6596958, 0.71616375, 0.15120521, -0.4246954, 0.8904664, -0.5444336, 0.14983529, -0.7120842, 0.48995224, -0.6112959, 0.36324015, -0.62203896, 0.5316895, 0.028036399, -0.24332945, 0.4563961, -0.3912519, 0.18854408, -0.539474, 0.95124245, 0.57130665, 0.24606793, 0.44209552, 0.18818365, 0.72495687, -0.2791971, 0.1847586, 0.71861815, 0.40851605, 0.39730084, -0.8874591, 0.5689469, -0.7552932, 0.52734166, -0.9546609, 0.7567237, -0.47471547, 0.98050874, -0.28849635, -0.5610622, -0.23572412, -0.35536712, -0.042656798, 0.14374682, -0.4857782, -0.21346492, 0.76551104, 0.6974241, -0.7200949, -0.6816137, 0.60092, 0.27758503, 0.25841156, -0.64522535, 0.47925285, -0.4056038, -0.61469305, 0.7980568, -0.37603667, 0.66969275, 0.89647996, 0.7215062, -0.85050565, -0.56763744, -0.40878814, -0.64242446, -0.43692383, 0.8616143, -0.8530075, 0.8384426, 0.8395784, 0.9680579, -0.64671713, -0.8039707, 0.70547193, -0.37001342, -0.7791303, -0.51641244, 0.9217567, -0.8232866, -0.7930456, -0.25239006, 0.7560416, -0.8992354, -0.6383379, 0.5391394, -0.18263608, -0.45827004, -0.75515944, 0.7600769, -0.16857496, -0.3804441, 0.00978687, 0.31626073, 0.8499907, 0.15401477, -0.75613445, -0.4264376, -0.76159745, -0.30665854, -0.2280925, 0.29425666, 0.7052634, 0.16677752, -0.9047027, -0.8365297, 0.5488983, 0.8667137, 0.80909884, -0.44439435, 0.56609577, -0.58833843, -0.31298283, 0.24289618, -0.3160396, 0.6060057, -0.62636, 0.94254404, -0.90220255, -0.23951435, 0.27303538, -0.6383687, 0.44399777, -0.3951246, -0.7138915, -0.9097745, -0.3398322, -0.10441791, 0.46401477, 0.88677245, -0.5585063, 0.97702277, 0.71230966, 0.15465339, 0.99669474, 0.8454619, -0.87009656, -0.02791779, 0.53817713, 0.2525862, -0.29912692, -0.388962, 0.30532676, -0.7105132, -0.40833527, -0.6098328, 0.23011424, 0.123814456, 0.28663796, 0.983145, 0.9204759, 0.61559737, 0.8856458, -0.9532377, 0.326471, -0.70985514, -0.6808539, 0.44150022, 0.5325244, 0.051244233, -0.3946938, -0.55779, -0.61336213, -0.33658487, 0.18275878, -0.45245072, 0.26812732, 0.86137515, 0.740567, 0.14175738, -0.56991374, -0.6469486, 0.56993556, 0.88546497, -0.93824553, -0.14814156, 0.47917235, 0.18737611, 0.7320488, 0.7239964, -0.68228817, -0.8293212, -0.12489879, 0.060761563, 0.00070032023, 0.478974, -0.31655827, 0.8723509, -0.66297954, 0.22740783, -0.16312757, 0.70272285, 0.02862229, -0.31555098, 0.077849545, 0.28467357, 0.1612105, -0.6620002, -0.897193, 0.29524392, -0.27781552, 0.8487188, 0.61988723, 0.031613715, -0.5452282, -0.18700892, 0.38907826, 0.8919496, 0.57359076, 0.390928, 0.37303373, 0.36001775, -0.2662725, -0.81640905, -0.7940976, 0.009173792, 0.5738217, 0.27762204, -0.9284687, 0.35139775, -0.25942916, 0.9381752, 0.8113425, 0.5389756, -0.11839086, -0.8835917, -0.06437602, 0.07029716, -0.16777131, -0.3992239, 0.52827775, -0.92702085, -0.17507447, -0.14192656, -0.9490578, 0.8692469, -0.69025564, 0.0698723, -0.8167178, -0.8170367, 0.82063794, -0.35571727, -0.60655725, -0.38568255, 0.1390417, 0.6111715, 0.7128529, -0.34641472, -0.52058125, -0.36066607, 0.9358926, -0.6997873, -0.73445284, 0.99715036, -0.5283736, 0.0829272, -0.54919606, 0.41352168, 0.2950541, -0.9358443, -0.12389179, 0.94881207, 0.37245795, 0.37772167, -0.6933991, -0.38938993, -0.17004317, -0.8023664, 0.4248075, -0.5915541, 0.7247735, -0.45642546, 0.35355526, 0.013613817, -0.54573685, -0.14426652, 0.8250006, 0.7301869, 0.40337157, -0.15719996, -0.76528925, -0.36664286, 0.6558339, 0.9409333, 0.7500042, 0.06899537, -0.97489506, 0.99013907, 0.14524803, -0.4581185, -0.24359712, 0.4469875, -0.05268914, 0.25510123, -0.118074104, 0.38840207, -0.9342655, -0.51839846, -0.059901338, -0.25578567, -0.094968, -0.86878777, -0.7477794, -0.36686704, -0.5577826, 0.7225148, 0.57341367, -0.9177662, 0.90462154, -0.32920778, -0.93991125, 0.9312999, 0.33263502, 0.5622322, -0.2155178, 0.60367334]","[7.0, 0.0, -18.0, -7.0, -2.0, -9.0, 6.0, -12.0, -20.0, -11.0, -2.0, 22.0, 5.0, 0.0, -12.0, -1.0, -4.0, 1.0, -10.0, 0.0, -26.0, 5.0, 0.0, 1.0, -7.0, -14.0, -6.0, -24.0, -5.0, -20.0, -14.0, 7.0, 0.0, 14.0, -2.0, -11.0, -8.0, -12.0, 3.0, 1.0, 3.0, 14.0, -8.0, -6.0, -16.0, 11.0, -6.0, -9.0, 1.0, -5.0, -5.0, -3.0, 6.0, 3.0, -17.0, -11.0, -9.0, 13.0, 5.0, 4.0, -11.0, 2.0, -18.0, 5.0, -5.0, -1.0, -3.0, -8.0, 1.0, -2.0, -21.0, 17.0, -10.0, -19.0, -22.0, -6.0, -4.0, -12.0, -2.0, -10.0, 16.0, -10.0, 7.0, -23.0, -10.0, -11.0, 2.0, 8.0, -8.0, -6.0, -1.0, -18.0, -4.0, -4.0, 4.0, -8.0, -15.0, -5.0, -7.0, -5.0, -13.0, 1.0, -6.0, -3.0, 7.0, -19.0, 13.0, -14.0, -10.0, -13.0, -11.0, 5.0, 2.0, 2.0, 4.0, -14.0, -7.0, 4.0, -7.0, -11.0, -14.0, 4.0, 4.0, -13.0, -22.0, -16.0, -13.0, -3.0, -6.0, -1.0, -1.0, 6.0, 1.0, -5.0, -2.0, 0.0, -13.0, -14.0, -9.0, -9.0, 14.0, -10.0, -3.0, -10.0, 2.0, -10.0, -7.0, -7.0, -10.0, 9.0, -10.0, -17.0, -15.0, 0.0, 9.0, -4.0, -18.0, -6.0, 4.0, -3.0, -7.0, -6.0, -8.0, 8.0, -8.0, 0.0, 13.0, -16.0, -9.0, 0.0, -6.0, -4.0, -5.0, -24.0, -30.0, -10.0, -32.0, -5.0, 10.0, -25.0, -21.0, -5.0, -16.0, -9.0, -10.0, -15.0, 6.0, -4.0, -21.0, 12.0, -9.0, -1.0, 4.0, -4.0, -10.0, -1.0, -1.0, -11.0, -10.0, -6.0, -17.0, -3.0, -5.0, 6.0, -7.0, 2.0, -6.0, -3.0, -7.0, 9.0, -15.0, 0.0, -5.0, 2.0, -11.0, -11.0, -3.0, -9.0, -7.0, -1.0, -9.0, 5.0, -1.0, 0.0, -7.0, -5.0, -28.0, 4.0, -13.0, -3.0, 20.0, -7.0, -20.0, 1.0, -11.0, 1.0, -3.0, -7.0, -16.0, -11.0, 6.0, 8.0, -2.0, 11.0, 9.0, 2.0, 2.0, -18.0, -17.0, -10.0, -10.0, -6.0, 11.0, -8.0, -7.0, 2.0, 6.0, -9.0, -7.0, -3.0, -6.0, -14.0, -21.0, -1.0, -5.0, -14.0, -10.0, -27.0, -13.0, 1.0, 5.0, 0.0, -6.0, 9.0, -5.0, -4.0, -16.0, 1.0, -8.0, 6.0, -2.0, -6.0, -10.0, -1.0, 8.0, -6.0, 7.0, -5.0, 7.0, -1.0, 4.0, 10.0, 3.0, -15.0, 3.0, 4.0, 7.0, -6.0, 4.0, 2.0, -10.0, 0.0, -14.0, 9.0, 1.0, -6.0, -14.0, -6.0, -4.0, -11.0, 11.0, -8.0, 0.0, 5.0, -9.0, 0.0, -9.0, -1.0, 10.0, -10.0, -19.0, -21.0, -7.0, 7.0, 1.0, -10.0, -7.0, -3.0, 1.0, 0.0, 2.0, 8.0, -19.0, -9.0, -7.0, -15.0, -12.0, -5.0, -4.0, -33.0, 5.0, 5.0, -5.0, -16.0, -16.0, -4.0, -10.0, 4.0, -19.0, 5.0, -15.0, -4.0, 1.0, -6.0, -19.0, -23.0, 5.0, 8.0, -20.0, -13.0, 4.0, 6.0, -11.0, -5.0, -3.0, -7.0, -12.0, -3.0, 2.0, -17.0, -17.0, -10.0, -2.0, -17.0, -5.0, -16.0, 24.0, 14.0, -6.0, -18.0, -3.0, -2.0, 0.0, -1.0, 0.0, -16.0, -10.0, 1.0, -10.0, -25.0, -6.0, 2.0, -6.0, -13.0, 2.0, 29.0, 2.0, -4.0, -6.0, -5.0, -6.0, 7.0, -7.0, -6.0, 0.0, -4.0, -23.0, -33.0, 9.0, -10.0, -6.0, 2.0, -4.0, 5.0, -2.0, -6.0, -13.0, -11.0, -20.0, -1.0, 7.0, -14.0, -3.0, 20.0, 4.0, -19.0, 3.0, -20.0, -7.0, -10.0, -9.0, 8.0, 10.0, 4.0, -6.0, -6.0, 9.0, -7.0, 10.0, 7.0, -6.0, -5.0, -8.0, 4.0, -2.0, -35.0, 11.0, -15.0, -5.0, -4.0, -5.0, -2.0, -2.0, -21.0, -9.0, -5.0, -2.0, -11.0, -5.0, 2.0, 4.0, -16.0, -7.0, -16.0, -4.0, -12.0, 18.0, 2.0, -13.0, -10.0, -14.0, -1.0, -23.0, -15.0, -4.0, -5.0, -18.0, -4.0, 6.0, -12.0, -9.0, -4.0, -6.0, -20.0, 13.0, 3.0, -13.0, -6.0, 0.0, 3.0, 14.0, -6.0, -10.0, 2.0, -4.0, -7.0, -18.0, 9.0, -6.0, -27.0]",-54.9285266055146,0.0,0.0,0,0.003186941146850586
93,"[-0.7114275, 0.33999583, 0.57145023, 0.17492637, 0.3304954, -0.86766094, 0.9830737, -0.3340487, 0.57399416, 0.0008515339, 0.92325616, 0.17963764, 0.45272642, -0.81127685, -0.6806938, -0.7893233, 0.97190976, -0.8580152, 0.574482, -0.94150853, 0.26742244, -0.05670018, -0.08274473, -0.45917964, 0.40206328, -0.5802947, 0.4055052, -0.46403253, -0.008743503, -0.9198969, 0.07036901, 0.5022884, -0.96850765, 0.41748652, 0.29910558, 0.093790166, -0.536415, -0.3931904, -0.5781933, -0.51814157, 0.39926207, 0.817584, 0.6858517, 0.019446388, 0.411524, 0.5617757, 0.70118976, -0.11388289, 0.43601042, -0.38205728, -0.30450863, 0.6640191, 0.30445856, 0.5194726, -0.9298718, 0.99672073, -0.417858, 0.21230927, 0.15949911, 0.5722237, -0.4961416, -0.116558075, 0.65065175, 0.82570183, -0.5032103, 0.9923299, 0.375499, -0.8616231, 0.50596505, 0.4923515, -0.9718978, 0.7927466, 0.5149271, 0.039025616, -0.11802342, 0.79065484, -0.37727103, -0.76690656, -0.1645737, 0.736392, 0.7151706, -0.6113764, -0.7965536, -0.33260235, -0.8931957, 0.81588835, -0.8733531, -0.45615035, -0.46808326, 0.71772254, -0.19483422, -0.8167782, 0.17287834, -0.20945928, -0.35821357, -0.39915887, -0.90262115, -0.46433225, 0.5209396, -0.64342326, -0.49287423, 0.9876985, -0.59732276, 0.59946865, 0.12310404, -0.6821591, 0.19203062, -0.21411608, 0.17049591, 0.85897493, 0.40121874, 0.73690593, -0.3779084, 0.4149914, -0.99771917, -0.34214905, -0.40915084, -0.484726, 0.7692609, -0.8237747, 0.12981613, 0.0025915015, 0.74315673, 0.15151767, 0.5904004, -0.27767158, -0.5331076, -0.08285307, 0.8907511, 0.12352228, -0.8232819, 0.9439477, -0.40559283, -0.28370282, -0.82544655, 0.13393681, 0.9670921, 0.8781901, 0.34389004, -0.76699674, -0.7144321, -0.45004869, -0.7078244, 0.8686642, -0.1635226, -0.4496353, 0.63628596, 0.48278156, 0.9418651, -0.22356488, -0.28956562, 0.6871498, -0.25331202, -0.870148, -0.81368566, 0.05213285, 0.50432867, -0.19465539, 0.8256929, -0.6307685, 0.8812386, -0.5173423, -0.45111105, -0.3513801, -0.5106486, 0.012925482, -0.28806666, 0.956313, 0.85578376, 0.8668986, 0.20601518, -0.62989664, -0.8377285, -0.1811295, 0.7108327, -0.36017966, 0.47541386, -0.7406301, 0.734214, -0.7820531, -0.4677583, -0.9969759, 0.76874375, -0.68419516, -0.34247768, 0.8332345, 0.21697399, -0.90614074, -0.25559196, -0.054483816, -0.57057506, 0.56261337, 0.03302608, -0.8265216, -0.26120844, -0.0015825214, 0.085871495, -0.6896118, 0.08078321, 0.29166666, 0.16825649, -0.63529956, 0.76565707, -0.27547163, 0.33377212, -0.73210776, 0.6855923, -0.01966037, -0.24873106, -0.21941766, 0.54754245, 0.55943984, -0.004773867, -0.962998, 0.8746334, -0.656563, -0.21937905, 0.8765114, -0.86571425, -0.467529, 0.8765385, -0.21945532, -0.68427867, -0.03282525, 0.09713329, -0.26517364, 0.63774186, -0.9187017, 0.7589441, 0.26793838, 0.33787608, -0.72668743, -0.6918753, -0.4827481, 0.41209802, -0.67711675, -0.3962083, 0.2964333, 0.47019547, -0.67255974, 0.28207874, -0.7404409, -0.46819952, 0.5093203, 0.08443491, -0.37055063, 0.44816232, -0.9192042, -0.8952316, -0.82483274, -0.03323491, -0.7276822, -0.7224911, 0.6122106, 0.2865107, -0.021684786, -0.77355146, 0.1558695, 0.39950153, 0.045497842, 0.8151545, -0.27445242, 0.8477515, 0.65443635, -0.7123078, -0.631399, 0.33223766, -0.045749474, -0.59174854, 0.0486102, -0.5147748, 0.8904302, 0.44376904, -0.94161826, -0.40318593, 0.14676294, -0.2933087, 0.3642055, 0.9445077, 0.002785947, 0.64347774, 0.7484449, 0.06778056, 0.2037499, 0.37722212, 0.12193434, 0.7085404, -0.7414837, -0.32543898, -0.9281051, -0.7390934, -0.18671824, 0.17662205, -0.55865616, -0.4480523, 0.99427354, 0.7508916, -0.4437912, -0.0543055, 0.95146024, 0.32746494, -0.12464725, -0.45074427, -0.7979109, -0.4148392, -0.77790314, -0.32690725, 0.8776565, 0.15963833, -0.4136723, -0.60384816, -0.7300795, -0.23377198, 0.29858175, 0.24930792, 0.78700256, 0.21744464, 0.24116518, 0.45876485, 0.37745237, -0.34960693, 0.4704175, 0.88496095, -0.43964234, 0.19847018, 0.80725783, 0.5156199, 0.045440536, 0.68794686, -0.05425677, 0.08793034, -0.24296157, 0.15851243, 0.59963155, -0.9995141, 0.25126734, 0.9538534, -0.9175119, -0.71913964, 0.43280342, 0.6587762, -0.7343752, -0.3554163, 0.6655249, -0.18293579, 0.29699174, -0.6579858, -0.6437481, -0.5826264, 0.01418818, 0.44473797, -0.3071282, 0.16857952, -0.81714946, 0.59770584, 0.9854517, 0.3852368, -0.48231703, 0.48288703, 0.45865908, 0.7510089, -0.46666408, 0.5529937, -0.6103454, 0.6985494, 0.6898655, 0.53392696, -0.45469087, 0.8245182, 0.66675246, 0.46558225, -0.2150725, 0.65718704, -0.09160617, -0.34807113, -0.49600062, -0.41962153, 0.97553015, -0.21167606, -0.27880555, -0.6655972, 0.8351102, 0.036455657, 0.75373477, -0.8135108, 0.36630642, 0.5082367, 0.5797168, 0.52593815, 0.4236832, 0.51821154, -0.7054748, 0.838266, -0.3094379, 0.101480484, 0.7108667, 0.3310419, -0.14482196, 0.42322636, -0.7945202, 0.7161389, -0.9042639, 0.8430935, 0.8861885, -0.8123881, -0.9874392, -0.58068144, 0.63826454, -0.065360874, -0.64677835, -0.8528565, -0.7649248, 0.6320879, -0.114535615, 0.33092597, 0.4227954, 0.6873355, 0.8487786, -0.8054518, -0.7467306, 0.16321522, 0.40412354, 0.61020523, -0.666081, 0.74765027, 0.865107, -0.3774529, 0.6442547, 0.11382893, -0.9514931, -0.9259888, -0.75495833, 0.6566449, 0.6188185, 0.9042466, -0.2128311, -0.1479518, -0.6413548, -0.12397028, -0.10061497, 0.62725157, 0.98602253, 0.031648066, 0.54150194, 0.5546403, -0.20431904, -0.45550883, 0.356472, 0.5337964, 0.012762175, -0.755204, -0.05249237, 0.79964393, 0.24710874, -0.19571015, 0.44694716, -0.285334, -0.62857324, 0.10993945, -0.9800721, -0.29878938, -0.37910542, -0.19990547, -0.6823501, 0.013556825, -0.54771584, 0.48164117, -0.38770878, 0.09385517, 0.4515581, 0.083039425, 0.9559066, 0.032647125, 0.8206807, 0.71407837, -0.2276768, -0.21445276, 0.4097858, -0.33006015, 0.2804732, -0.5798723, -0.7761103, -0.4228593, 0.8352415, 0.7669385, -0.67560744, -0.57857436, -0.47287884, 0.6821909, -0.6790923, -0.83439213, -0.47282428, 0.8470781, -0.9593055, -0.45554265, -0.6945777, 0.76764506, -0.08357361, 0.886748, -0.074556276]","[7.0, 0.0, -18.0, -7.0, -2.0, -9.0, 6.0, -12.0, -20.0, -11.0, -2.0, 22.0, 5.0, 0.0, -12.0, -1.0, -4.0, 1.0, -10.0, 0.0, -26.0, 5.0, 0.0, 1.0, -7.0, -14.0, -6.0, -24.0, -5.0, -20.0, -14.0, 7.0, 0.0, 14.0, -2.0, -11.0, -8.0, -12.0, 3.0, 1.0, 3.0, 14.0, -8.0, -6.0, -16.0, 11.0, -6.0, -9.0, 1.0, -5.0, -5.0, -3.0, 6.0, 3.0, -17.0, -11.0, -9.0, 13.0, 5.0, 4.0, -11.0, 2.0, -18.0, 5.0, -5.0, -1.0, -3.0, -8.0, 1.0, -2.0, -21.0, 17.0, -10.0, -19.0, -22.0, -6.0, -4.0, -12.0, -2.0, -10.0, 16.0, -10.0, 7.0, -23.0, -10.0, -11.0, 2.0, 8.0, -8.0, -6.0, -1.0, -18.0, -4.0, -4.0, 4.0, -8.0, -15.0, -5.0, -7.0, -5.0, -13.0, 1.0, -6.0, -3.0, 7.0, -19.0, 13.0, -14.0, -10.0, -13.0, -11.0, 5.0, 2.0, 2.0, 4.0, -14.0, -7.0, 4.0, -7.0, -11.0, -14.0, 4.0, 4.0, -13.0, -22.0, -16.0, -13.0, -3.0, -6.0, -1.0, -1.0, 6.0, 1.0, -5.0, -2.0, 0.0, -13.0, -14.0, -9.0, -9.0, 14.0, -10.0, -3.0, -10.0, 2.0, -10.0, -7.0, -7.0, -10.0, 9.0, -10.0, -17.0, -15.0, 0.0, 9.0, -4.0, -18.0, -6.0, 4.0, -3.0, -7.0, -6.0, -8.0, 8.0, -8.0, 0.0, 13.0, -16.0, -9.0, 0.0, -6.0, -4.0, -5.0, -24.0, -30.0, -10.0, -32.0, -5.0, 10.0, -25.0, -21.0, -5.0, -16.0, -9.0, -10.0, -15.0, 6.0, -4.0, -21.0, 12.0, -9.0, -1.0, 4.0, -4.0, -10.0, -1.0, -1.0, -11.0, -10.0, -6.0, -17.0, -3.0, -5.0, 6.0, -7.0, 2.0, -6.0, -3.0, -7.0, 9.0, -15.0, 0.0, -5.0, 2.0, -11.0, -11.0, -3.0, -9.0, -7.0, -1.0, -9.0, 5.0, -1.0, 0.0, -7.0, -5.0, -28.0, 4.0, -13.0, -3.0, 20.0, -7.0, -20.0, 1.0, -11.0, 1.0, -3.0, -7.0, -16.0, -11.0, 6.0, 8.0, -2.0, 11.0, 9.0, 2.0, 2.0, -18.0, -17.0, -10.0, -10.0, -6.0, 11.0, -8.0, -7.0, 2.0, 6.0, -9.0, -7.0, -3.0, -6.0, -14.0, -21.0, -1.0, -5.0, -14.0, -10.0, -27.0, -13.0, 1.0, 5.0, 0.0, -6.0, 9.0, -5.0, -4.0, -16.0, 1.0, -8.0, 6.0, -2.0, -6.0, -10.0, -1.0, 8.0, -6.0, 7.0, -5.0, 7.0, -1.0, 4.0, 10.0, 3.0, -15.0, 3.0, 4.0, 7.0, -6.0, 4.0, 2.0, -10.0, 0.0, -14.0, 9.0, 1.0, -6.0, -14.0, -6.0, -4.0, -11.0, 11.0, -8.0, 0.0, 5.0, -9.0, 0.0, -9.0, -1.0, 10.0, -10.0, -19.0, -21.0, -7.0, 7.0, 1.0, -10.0, -7.0, -3.0, 1.0, 0.0, 2.0, 8.0, -19.0, -9.0, -7.0, -15.0, -12.0, -5.0, -4.0, -33.0, 5.0, 5.0, -5.0, -16.0, -16.0, -4.0, -10.0, 4.0, -19.0, 5.0, -15.0, -4.0, 1.0, -6.0, -19.0, -23.0, 5.0, 8.0, -20.0, -13.0, 4.0, 6.0, -11.0, -5.0, -3.0, -7.0, -12.0, -3.0, 2.0, -17.0, -17.0, -10.0, -2.0, -17.0, -5.0, -16.0, 24.0, 14.0, -6.0, -18.0, -3.0, -2.0, 0.0, -1.0, 0.0, -16.0, -10.0, 1.0, -10.0, -25.0, -6.0, 2.0, -6.0, -13.0, 2.0, 29.0, 2.0, -4.0, -6.0, -5.0, -6.0, 7.0, -7.0, -6.0, 0.0, -4.0, -23.0, -33.0, 9.0, -10.0, -6.0, 2.0, -4.0, 5.0, -2.0, -6.0, -13.0, -11.0, -20.0, -1.0, 7.0, -14.0, -3.0, 20.0, 4.0, -19.0, 3.0, -20.0, -7.0, -10.0, -9.0, 8.0, 10.0, 4.0, -6.0, -6.0, 9.0, -7.0, 10.0, 7.0, -6.0, -5.0, -8.0, 4.0, -2.0, -35.0, 11.0, -15.0, -5.0, -4.0, -5.0, -2.0, -2.0, -21.0, -9.0, -5.0, -2.0, -11.0, -5.0, 2.0, 4.0, -16.0, -7.0, -16.0, -4.0, -12.0, 18.0, 2.0, -13.0, -10.0, -14.0, -1.0, -23.0, -15.0, -4.0, -5.0, -18.0, -4.0, 6.0, -12.0, -9.0, -4.0, -6.0, -20.0, 13.0, 3.0, -13.0, -6.0, 0.0, 3.0, 14.0, -6.0, -10.0, 2.0, -4.0, -7.0, -18.0, 9.0, -6.0, -27.0]",-54.9285266055146,0.0,0.0,0,0.0031931400299072266
94,"[-0.34837648, 0.59985584, -0.16423142, 0.26376042, -0.0665132, 0.017880825, 0.5491438, 0.5927116, 0.63174695, -0.8846795, 0.79640377, 0.72301006, 0.32742998, -0.26291698, -0.91245174, 0.5547196, 0.2088752, -0.04381783, -0.90102506, -0.76239336, 0.58502376, 0.12053005, 0.074121185, -0.6692568, -0.0695232, 0.8476593, -0.588898, 0.731968, -0.42828396, -0.4095423, -0.0021655685, -0.27137512, 0.6520172, -0.28333575, 0.73820525, 0.45390975, -0.7836628, -0.8282055, -0.52772486, 0.18565421, 0.2923554, 0.657177, 0.22078714, 0.7444392, -0.83249116, -0.5127872, -0.53359586, -0.6287842, -0.32713166, 0.78775656, -0.76036954, -0.8776607, -0.6459396, -0.42154616, 0.44556513, -0.5175539, 0.35231686, 0.44337493, 0.22468601, -0.75336075, 0.3211401, -0.61690634, 0.48868766, -0.05974425, -0.8634188, -0.62120867, -0.1489112, -0.25682542, 0.39110556, 0.8818609, 0.33936277, -0.52025926, -0.70734644, -0.9173133, -0.2861472, 0.40289655, 0.81680423, -0.4088106, -0.4502893, 0.23583746, -0.9018362, 0.99386954, 0.14553481, -0.3316058, 0.17404008, 0.39708033, -0.5798924, -0.5888299, 0.8004119, -0.84450686, 0.99895555, 0.5071569, 0.9018175, -0.25409237, 0.50015414, 0.4434203, -0.83985126, 0.9264694, -0.19139472, 0.29362157, -0.60810995, 0.8228448, -0.7506796, 0.50183105, 0.21604332, 0.056314167, -0.21640505, 0.5353708, -0.00802015, -0.47598448, 0.0769476, 0.88432485, 0.7511665, 0.3543237, 0.95616066, -0.93613213, 0.23355763, 0.7517578, 0.82064456, -0.15671144, 0.86941594, 0.972295, -0.993274, 0.17880188, -0.48888493, 0.1493308, 0.5053049, -0.22012223, -0.87144744, 0.744863, 0.78807473, -0.7463132, 0.852565, 0.4651274, -0.8734236, 0.946287, -0.9032037, -0.33349347, -0.991387, -0.8133728, -0.22009404, 0.3308301, -0.012596214, 0.51489514, -0.18706489, -0.6574752, 0.72867984, -0.43813923, 0.31811315, -0.7038311, -0.94797444, -0.43170622, 0.26276064, -0.39867046, 0.5963339, -0.30342162, 0.033665378, 0.7252727, -0.9176691, -0.42731357, -0.97765416, -0.8544027, 0.21972656, -0.3465211, -0.4787008, 0.4073732, -0.6254631, -0.40940204, -0.05323274, 0.9163627, 0.1271378, -0.50155663, -0.44561484, 0.6238025, -0.61862713, 0.08871711, -0.8789126, 0.54180837, 0.24790722, 0.9786988, -0.6834004, 0.36925146, -0.87767863, 0.7209943, -0.3024555, -0.92324966, 0.2605482, -0.13431446, 0.95233357, 0.9639301, -0.96412265, -0.17390959, 0.8946229, 0.03608815, 0.3337611, 0.8232121, -0.5666951, -0.76150227, -0.14534381, 0.55125976, -0.66643846, -0.8891345, 0.95855623, -0.6070552, 0.86695546, -0.6982016, 0.18905997, 0.4882995, -0.3438468, 0.29510897, 0.122051716, -0.7289714, -0.93298113, 0.6625165, 0.8459623, -0.28802693, -0.76392424, -0.4435945, -0.41538814, 0.561831, 0.41766676, -0.06616838, -0.54927355, -0.8063537, 0.8345335, -0.28885522, -0.12876947, 0.5755109, -0.86903274, 0.3992171, -0.7326353, 0.023727555, -0.19230089, 0.8320924, 0.3366638, 0.884572, 0.61403966, -0.6287742, -0.25624636, -0.109229915, -0.5855513, -0.8916522, -0.23503023, 0.72842705, -0.31555763, -0.38172987, -0.93865186, 0.6354665, 0.8249785, 0.81465733, -0.5650145, -0.15654634, -0.584284, 0.38536844, 0.7370712, 0.2008925, -0.63923186, 0.99854714, -0.4669335, -0.2068205, 0.44138727, 0.621736, -0.57326466, -0.4249562, 0.7726876, 0.3617, -0.53626513, 0.3451393, 0.84539247, 0.9754121, -0.65358, 0.007849913, 0.22062704, -0.20650531, 0.6300808, 0.56389725, 0.1890393, -0.98672235, 0.4898265, 0.9915306, -0.067950785, -0.9758319, -0.8055164, -0.20564124, -0.56879705, 0.14071941, 0.20937358, 0.8898636, -0.19122986, 0.29371455, 0.5190494, -0.290766, -0.6996503, 0.439648, 0.6365191, 0.94675153, -0.9334533, 0.69100076, -0.80228955, -0.8413703, -0.92850167, -0.5936859, 0.7336301, -0.06778278, -0.037957724, 0.8405551, -0.15862161, 0.69160354, -0.54340214, -0.26827183, 0.34732914, -0.5530363, 0.18630317, -0.9941752, -0.02815352, -0.8971613, 0.6430091, -0.93903834, -0.18016972, 0.9220304, -0.016877089, 0.8401136, -0.033168353, 0.7989871, -0.9853065, -0.5908192, -0.075692266, -0.5503038, 0.46901038, 0.8088195, -0.26533026, -0.33822808, -0.38902146, 0.17635249, -0.18988496, -0.03081299, 0.46978998, -0.68809676, 0.9379442, -0.19899641, -0.46360716, 0.48899505, -0.070468254, 0.44994307, -0.45405215, 0.33295718, 0.7473172, 0.30449152, -0.68850034, -0.7643518, -0.882723, 0.8480634, 0.9494626, 0.34459323, -0.058431502, 0.99154633, -0.25316957, -0.30306053, 0.113943145, -0.32774997, -0.8631141, -0.28339374, -0.8286703, 0.39197838, 0.62965214, -0.49045724, -0.7820082, -0.33684653, 0.3012444, -0.0965669, 0.77992225, -0.9420752, 0.96792555, 0.35415992, -0.8066385, -0.43057486, -0.7670095, 0.24375542, -0.597345, -0.8496204, -0.69287443, -0.6978787, -0.32972652, -0.9534887, 0.7147929, -0.7620736, 0.4071535, -0.60576266, 0.8778742, 0.9141749, 0.32885227, 0.29768848, -0.56049997, -0.7049413, 0.765804, -0.61868536, -0.7709922, -0.69294214, -0.48151827, 0.23334834, -0.054474946, -0.30941376, 0.9385346, -0.75989467, -0.14044976, 0.05849502, -0.6768395, 0.22573559, -0.6359807, 0.12638953, -0.794188, -0.10462452, 0.62886447, -0.40316042, -0.8348576, 0.6185463, -0.2056387, 0.50163776, 0.7433128, 0.83052355, -0.03285908, 0.95642984, 0.68562263, 0.67517406, 0.25699374, 0.0039859503, 0.99249125, 0.29353094, -0.11396807, -0.5440756, -0.8365564, -0.7416184, -0.16472849, 0.23601256, -0.73201483, 0.8595134, -0.44275668, 0.6335078, -0.07289215, -0.7660127, 0.19758613, -0.385413, 0.25641978, 0.47286484, -0.5719997, -0.32125232, -0.7198868, 0.6666465, -0.06583514, 0.25948173, 0.84097046, 0.20387548, -0.40200916, -0.20380878, 0.69184655, 0.34004554, 0.6107022, -0.3905058, -0.9887451, -0.10675486, 0.30929175, -0.20851158, -0.800568, -0.82216704, 0.83273435, 0.31631464, -0.7206591, -0.10631867, -0.54334265, -0.9487884, 0.094098546, 0.21994026, 0.26620817, -0.11702371, -0.59187764, 0.495231, 0.14785919, -0.47577637, -0.2368877, -0.5536678, 0.70913845, 0.7217182, -0.27187854, -0.8768483, -0.13513967, 0.5277087, 0.39852428, -0.07921815, -0.84595394, 0.23545036, 0.33970523, 0.51371753, -0.79635406, 0.9641417, 0.16720705, -0.13356675, -0.47606537, 0.47171858, -0.3795157, 0.6639476]","[7.0, 0.0, -18.0, -7.0, -2.0, -9.0, 6.0, -12.0, -20.0, -11.0, -2.0, 22.0, 5.0, 0.0, -12.0, -1.0, -4.0, 1.0, -10.0, 0.0, -26.0, 5.0, 0.0, 1.0, -7.0, -14.0, -6.0, -24.0, -5.0, -20.0, -14.0, 7.0, 0.0, 14.0, -2.0, -11.0, -8.0, -12.0, 3.0, 1.0, 3.0, 14.0, -8.0, -6.0, -16.0, 11.0, -6.0, -9.0, 1.0, -5.0, -5.0, -3.0, 6.0, 3.0, -17.0, -11.0, -9.0, 13.0, 5.0, 4.0, -11.0, 2.0, -18.0, 5.0, -5.0, -1.0, -3.0, -8.0, 1.0, -2.0, -21.0, 17.0, -10.0, -19.0, -22.0, -6.0, -4.0, -12.0, -2.0, -10.0, 16.0, -10.0, 7.0, -23.0, -10.0, -11.0, 2.0, 8.0, -8.0, -6.0, -1.0, -18.0, -4.0, -4.0, 4.0, -8.0, -15.0, -5.0, -7.0, -5.0, -13.0, 1.0, -6.0, -3.0, 7.0, -19.0, 13.0, -14.0, -10.0, -13.0, -11.0, 5.0, 2.0, 2.0, 4.0, -14.0, -7.0, 4.0, -7.0, -11.0, -14.0, 4.0, 4.0, -13.0, -22.0, -16.0, -13.0, -3.0, -6.0, -1.0, -1.0, 6.0, 1.0, -5.0, -2.0, 0.0, -13.0, -14.0, -9.0, -9.0, 14.0, -10.0, -3.0, -10.0, 2.0, -10.0, -7.0, -7.0, -10.0, 9.0, -10.0, -17.0, -15.0, 0.0, 9.0, -4.0, -18.0, -6.0, 4.0, -3.0, -7.0, -6.0, -8.0, 8.0, -8.0, 0.0, 13.0, -16.0, -9.0, 0.0, -6.0, -4.0, -5.0, -24.0, -30.0, -10.0, -32.0, -5.0, 10.0, -25.0, -21.0, -5.0, -16.0, -9.0, -10.0, -15.0, 6.0, -4.0, -21.0, 12.0, -9.0, -1.0, 4.0, -4.0, -10.0, -1.0, -1.0, -11.0, -10.0, -6.0, -17.0, -3.0, -5.0, 6.0, -7.0, 2.0, -6.0, -3.0, -7.0, 9.0, -15.0, 0.0, -5.0, 2.0, -11.0, -11.0, -3.0, -9.0, -7.0, -1.0, -9.0, 5.0, -1.0, 0.0, -7.0, -5.0, -28.0, 4.0, -13.0, -3.0, 20.0, -7.0, -20.0, 1.0, -11.0, 1.0, -3.0, -7.0, -16.0, -11.0, 6.0, 8.0, -2.0, 11.0, 9.0, 2.0, 2.0, -18.0, -17.0, -10.0, -10.0, -6.0, 11.0, -8.0, -7.0, 2.0, 6.0, -9.0, -7.0, -3.0, -6.0, -14.0, -21.0, -1.0, -5.0, -14.0, -10.0, -27.0, -13.0, 1.0, 5.0, 0.0, -6.0, 9.0, -5.0, -4.0, -16.0, 1.0, -8.0, 6.0, -2.0, -6.0, -10.0, -1.0, 8.0, -6.0, 7.0, -5.0, 7.0, -1.0, 4.0, 10.0, 3.0, -15.0, 3.0, 4.0, 7.0, -6.0, 4.0, 2.0, -10.0, 0.0, -14.0, 9.0, 1.0, -6.0, -14.0, -6.0, -4.0, -11.0, 11.0, -8.0, 0.0, 5.0, -9.0, 0.0, -9.0, -1.0, 10.0, -10.0, -19.0, -21.0, -7.0, 7.0, 1.0, -10.0, -7.0, -3.0, 1.0, 0.0, 2.0, 8.0, -19.0, -9.0, -7.0, -15.0, -12.0, -5.0, -4.0, -33.0, 5.0, 5.0, -5.0, -16.0, -16.0, -4.0, -10.0, 4.0, -19.0, 5.0, -15.0, -4.0, 1.0, -6.0, -19.0, -23.0, 5.0, 8.0, -20.0, -13.0, 4.0, 6.0, -11.0, -5.0, -3.0, -7.0, -12.0, -3.0, 2.0, -17.0, -17.0, -10.0, -2.0, -17.0, -5.0, -16.0, 24.0, 14.0, -6.0, -18.0, -3.0, -2.0, 0.0, -1.0, 0.0, -16.0, -10.0, 1.0, -10.0, -25.0, -6.0, 2.0, -6.0, -13.0, 2.0, 29.0, 2.0, -4.0, -6.0, -5.0, -6.0, 7.0, -7.0, -6.0, 0.0, -4.0, -23.0, -33.0, 9.0, -10.0, -6.0, 2.0, -4.0, 5.0, -2.0, -6.0, -13.0, -11.0, -20.0, -1.0, 7.0, -14.0, -3.0, 20.0, 4.0, -19.0, 3.0, -20.0, -7.0, -10.0, -9.0, 8.0, 10.0, 4.0, -6.0, -6.0, 9.0, -7.0, 10.0, 7.0, -6.0, -5.0, -8.0, 4.0, -2.0, -35.0, 11.0, -15.0, -5.0, -4.0, -5.0, -2.0, -2.0, -21.0, -9.0, -5.0, -2.0, -11.0, -5.0, 2.0, 4.0, -16.0, -7.0, -16.0, -4.0, -12.0, 18.0, 2.0, -13.0, -10.0, -14.0, -1.0, -23.0, -15.0, -4.0, -5.0, -18.0, -4.0, 6.0, -12.0, -9.0, -4.0, -6.0, -20.0, 13.0, 3.0, -13.0, -6.0, 0.0, 3.0, 14.0, -6.0, -10.0, 2.0, -4.0, -7.0, -18.0, 9.0, -6.0, -27.0]",-54.9285266055146,0.0,0.0,0,0.0031740665435791016
95,"[-0.9929424, -0.21753064, 0.37532037, 0.37762904, -0.82104456, -0.5525948, -0.7200268, 0.6101652, 0.81598425, 0.08977913, 0.30292565, -0.15474986, -0.60740334, 0.7286492, -0.94281137, 0.6625604, 0.1590056, -0.025253998, -0.74632806, -0.15633476, -0.87135917, -0.24624209, 0.19980247, 0.1427507, -0.5200224, 0.5048715, -0.734007, 0.47860032, -0.66731536, 0.47450316, 0.5119007, -0.017831894, -0.5750365, -0.5855321, 0.30405843, 0.33055356, 0.14904796, 0.13884892, -0.25099906, -0.30422887, 0.08263537, -0.058957785, -0.5844185, -0.52331996, 0.4356325, 0.7183502, 0.87277085, 0.70136124, 0.1750631, -0.4259908, -0.42045283, -0.18352632, 0.6002254, -0.90339065, 0.016024701, -0.74495953, 0.05883534, -0.51991504, -0.7389124, 0.23404224, -0.69050705, 0.800338, -0.09048077, -0.15257575, 0.7069129, 0.14277832, -0.1016788, -0.73464334, 0.46436074, -0.93563104, 0.79602474, 0.20064145, 0.6652003, 0.52966404, -0.13067557, -0.04027113, -0.92626595, 0.25003037, -0.14517635, 0.08282922, 0.8541659, 0.9700638, 0.52396077, 0.6417188, -0.12695411, -0.9685222, -0.028929718, -0.97657603, -0.9768573, -0.67719805, 0.06859817, -0.66897225, 0.061805464, -0.09764721, 0.00014781365, -0.233262, -0.5867766, 0.097423434, 0.06614283, -0.30304676, -0.68812996, 0.77829117, -0.3822193, -0.97443444, -0.8941099, 0.14341721, -0.6174661, -0.8169978, 0.73885125, -0.6249669, 0.28822827, 0.7088719, -0.39407095, -0.93926793, -0.57590693, -0.8933577, -0.9168356, -0.19665098, -0.0047034235, 0.89276963, 0.5405334, -0.013423002, 0.4978916, -0.94192845, 0.9688841, 0.7534894, -0.43503824, -0.2700288, -0.3270809, 0.84074384, 0.39754432, -0.6733255, 0.20267196, 0.115172625, -0.40423533, -0.13463327, -0.4646404, -0.6780456, -0.27864328, -0.82376826, 0.11785187, 0.11683789, 0.8985928, -0.18641572, 0.46608946, 0.51439494, -0.36701626, 0.7891439, -0.44772664, 0.42422128, 0.20071875, 0.6498324, -0.76161784, 0.5881972, 0.8787717, -0.09972576, -0.093452506, -0.48948297, 0.8543229, -0.07733685, 0.64710355, 0.957176, -0.31890506, -0.7599904, -0.23175363, -0.8608384, -0.04038021, 0.46904603, 0.4841412, 0.2102008, -0.3343599, 0.46347415, -0.95174336, 0.35994622, 0.7009413, 0.26703537, -0.62027967, -0.4724318, 0.81963617, 0.08787769, -0.3251756, -0.75573206, -0.53832823, 0.98508084, 0.21622257, -0.34430495, 0.19372578, 0.035896108, 0.17947245, -0.049067758, -0.8063255, -0.77352554, -0.25655758, -0.77644503, -0.39750144, 0.85147303, 0.9207507, 0.9048093, -0.20542231, -0.47730833, -0.9877617, -0.8988589, -0.24675614, -0.7088775, -0.6102945, -0.42369667, -0.27488545, 0.28398296, 0.5088569, -0.76816076, 0.5440804, -0.86445785, -0.95702153, -0.54174197, -0.5525196, 0.19599257, -0.07698367, -0.37367555, 0.8178976, -0.7321528, 0.49397516, 0.088544734, 0.123921335, 0.64457965, -0.065751866, 0.080371104, 0.71884197, 0.7371522, 0.90200037, -0.59579164, 0.6745786, 0.23671481, -0.83832, 0.60695577, -0.12959744, 0.96629333, 0.7301069, -0.55736524, -0.860828, 0.37779555, -0.36280173, -0.8635142, -0.13540092, -0.54928756, -0.7706599, 0.3360036, -0.28940567, -0.23029909, 0.6113702, -0.45556566, -0.8891873, -0.3412548, 0.95888233, -0.5763906, -0.17590123, -0.3861123, -0.3740163, -0.14988558, -0.958174, 0.288133, 0.3839693, 0.118437074, -0.7962756, 0.2827729, -0.20248097, -0.4309687, -0.45289296, 0.17198847, -0.6964084, 0.24547483, -0.48919645, 0.8149927, -0.4174481, 0.9622294, -0.10833576, -0.017935228, -0.11987436, -0.68456465, 0.96796465, 0.71243614, -0.26502377, -0.08104946, 0.3635928, -0.6044327, -0.9140285, 0.88945997, -0.7593882, 0.6991132, -0.45836592, -0.60313153, -0.68671644, -0.21364893, 0.9501287, 0.020940967, -0.79468614, 0.64842236, -0.2194378, -0.9280361, 0.7244727, 0.6595084, -0.10313117, 0.07070261, -0.66341573, -0.2949926, -0.07900721, 0.43470794, -0.810596, -0.20953795, 0.20286053, -0.6482074, -0.85229415, 0.57846606, 0.37445226, 0.6115836, 0.13666499, -0.33612937, 0.017483879, -0.44313455, 0.27039585, 0.9725665, 0.012221541, 0.53244257, 0.13856257, 0.42406127, 0.5484544, -0.9135523, -0.6172433, 0.3327767, 0.26406693, -0.48339847, -0.10509009, 0.69331485, -0.85144126, -0.0040084952, -0.6047773, 0.9573602, -0.3123984, -0.3522719, -0.84491384, 0.20728225, -0.20230477, -0.119797215, -0.41512018, -0.6980266, 0.17346072, -0.29766983, 0.7301657, 0.85323954, -0.545703, 0.17605714, 0.21845147, 0.20088805, -0.3625473, 0.8162932, 0.7515092, -0.001537941, 0.11052072, 0.79347646, 0.34931198, -0.33449394, -0.64954025, -0.35574907, -0.87763566, 0.8737368, -0.20186889, -0.60331887, 0.17815973, -0.45725614, -0.06557073, 0.31428087, -0.86348474, 0.8211184, -0.71314096, -0.6581343, -0.466924, 0.050057873, -0.003717628, 0.26499513, 0.22370644, -0.4003959, -0.22836402, 0.6468716, 0.849021, 0.6065385, -0.838297, -0.14749944, 0.7884474, 0.17450605, 0.60778576, 0.37156945, -0.71536034, 0.90872556, -0.81649196, -0.631889, -0.9158826, -0.15868142, 0.12909074, 0.0862622, 0.33584535, 0.476638, -0.63070446, -0.48257068, -0.20809154, -0.7490456, -0.7050257, -0.16326545, 0.358277, 0.21067101, 0.23767264, -0.5282159, 0.27360284, 0.062474057, 0.40259674, 0.49813816, 0.7662555, -0.42806822, -0.43702394, 0.235901, 0.16917798, 0.89000547, -0.051194973, -0.55013645, -0.25777134, -0.60619694, 0.4021537, -0.03951138, -0.46063247, 0.75526935, 0.703873, -0.8954108, -0.30253202, -0.36185962, 0.6603971, -0.32373738, -0.10075281, -0.06873331, -0.5521074, -0.024037918, 0.35450965, 0.13598216, -0.57262814, -0.82288224, 0.38328227, 0.8364601, 0.36528882, 0.25563872, 0.94493014, -0.45802364, 0.08891251, 0.9233156, -0.21028543, 0.62944347, -0.020319218, -0.79557955, 0.61175054, -0.3771597, -0.79813266, -0.14242841, -0.69844955, -0.9229237, 0.05345742, 0.08962519, 0.01935631, 0.81678385, -0.6294523, 0.807393, -0.3108112, 0.7198747, -0.9724906, 0.8398015, 0.8803708, -0.6947234, -0.89666593, 0.26126614, -0.34781188, -0.09569643, 0.75094134, 0.030193426, 0.20795587, 0.5746366, -0.7576808, -0.43065637, 0.62956053, -0.633288, -0.33971813, -0.68189096, -0.79688835, -0.3162894, -0.46207574, 0.2411449, -0.281161, -0.17799474, 0.641929, -0.22992676, 0.15951791, -0.03799181, -0.79344285, -0.8577675, -0.41851786, 0.066526264]","[7.0, 0.0, -18.0, -7.0, -2.0, -9.0, 6.0, -12.0, -20.0, -11.0, -2.0, 22.0, 5.0, 0.0, -12.0, -1.0, -4.0, 1.0, -10.0, 0.0, -26.0, 5.0, 0.0, 1.0, -7.0, -14.0, -6.0, -24.0, -5.0, -20.0, -14.0, 7.0, 0.0, 14.0, -2.0, -11.0, -8.0, -12.0, 3.0, 1.0, 3.0, 14.0, -8.0, -6.0, -16.0, 11.0, -6.0, -9.0, 1.0, -5.0, -5.0, -3.0, 6.0, 3.0, -17.0, -11.0, -9.0, 13.0, 5.0, 4.0, -11.0, 2.0, -18.0, 5.0, -5.0, -1.0, -3.0, -8.0, 1.0, -2.0, -21.0, 17.0, -10.0, -19.0, -22.0, -6.0, -4.0, -12.0, -2.0, -10.0, 16.0, -10.0, 7.0, -23.0, -10.0, -11.0, 2.0, 8.0, -8.0, -6.0, -1.0, -18.0, -4.0, -4.0, 4.0, -8.0, -15.0, -5.0, -7.0, -5.0, -13.0, 1.0, -6.0, -3.0, 7.0, -19.0, 13.0, -14.0, -10.0, -13.0, -11.0, 5.0, 2.0, 2.0, 4.0, -14.0, -7.0, 4.0, -7.0, -11.0, -14.0, 4.0, 4.0, -13.0, -22.0, -16.0, -13.0, -3.0, -6.0, -1.0, -1.0, 6.0, 1.0, -5.0, -2.0, 0.0, -13.0, -14.0, -9.0, -9.0, 14.0, -10.0, -3.0, -10.0, 2.0, -10.0, -7.0, -7.0, -10.0, 9.0, -10.0, -17.0, -15.0, 0.0, 9.0, -4.0, -18.0, -6.0, 4.0, -3.0, -7.0, -6.0, -8.0, 8.0, -8.0, 0.0, 13.0, -16.0, -9.0, 0.0, -6.0, -4.0, -5.0, -24.0, -30.0, -10.0, -32.0, -5.0, 10.0, -25.0, -21.0, -5.0, -16.0, -9.0, -10.0, -15.0, 6.0, -4.0, -21.0, 12.0, -9.0, -1.0, 4.0, -4.0, -10.0, -1.0, -1.0, -11.0, -10.0, -6.0, -17.0, -3.0, -5.0, 6.0, -7.0, 2.0, -6.0, -3.0, -7.0, 9.0, -15.0, 0.0, -5.0, 2.0, -11.0, -11.0, -3.0, -9.0, -7.0, -1.0, -9.0, 5.0, -1.0, 0.0, -7.0, -5.0, -28.0, 4.0, -13.0, -3.0, 20.0, -7.0, -20.0, 1.0, -11.0, 1.0, -3.0, -7.0, -16.0, -11.0, 6.0, 8.0, -2.0, 11.0, 9.0, 2.0, 2.0, -18.0, -17.0, -10.0, -10.0, -6.0, 11.0, -8.0, -7.0, 2.0, 6.0, -9.0, -7.0, -3.0, -6.0, -14.0, -21.0, -1.0, -5.0, -14.0, -10.0, -27.0, -13.0, 1.0, 5.0, 0.0, -6.0, 9.0, -5.0, -4.0, -16.0, 1.0, -8.0, 6.0, -2.0, -6.0, -10.0, -1.0, 8.0, -6.0, 7.0, -5.0, 7.0, -1.0, 4.0, 10.0, 3.0, -15.0, 3.0, 4.0, 7.0, -6.0, 4.0, 2.0, -10.0, 0.0, -14.0, 9.0, 1.0, -6.0, -14.0, -6.0, -4.0, -11.0, 11.0, -8.0, 0.0, 5.0, -9.0, 0.0, -9.0, -1.0, 10.0, -10.0, -19.0, -21.0, -7.0, 7.0, 1.0, -10.0, -7.0, -3.0, 1.0, 0.0, 2.0, 8.0, -19.0, -9.0, -7.0, -15.0, -12.0, -5.0, -4.0, -33.0, 5.0, 5.0, -5.0, -16.0, -16.0, -4.0, -10.0, 4.0, -19.0, 5.0, -15.0, -4.0, 1.0, -6.0, -19.0, -23.0, 5.0, 8.0, -20.0, -13.0, 4.0, 6.0, -11.0, -5.0, -3.0, -7.0, -12.0, -3.0, 2.0, -17.0, -17.0, -10.0, -2.0, -17.0, -5.0, -16.0, 24.0, 14.0, -6.0, -18.0, -3.0, -2.0, 0.0, -1.0, 0.0, -16.0, -10.0, 1.0, -10.0, -25.0, -6.0, 2.0, -6.0, -13.0, 2.0, 29.0, 2.0, -4.0, -6.0, -5.0, -6.0, 7.0, -7.0, -6.0, 0.0, -4.0, -23.0, -33.0, 9.0, -10.0, -6.0, 2.0, -4.0, 5.0, -2.0, -6.0, -13.0, -11.0, -20.0, -1.0, 7.0, -14.0, -3.0, 20.0, 4.0, -19.0, 3.0, -20.0, -7.0, -10.0, -9.0, 8.0, 10.0, 4.0, -6.0, -6.0, 9.0, -7.0, 10.0, 7.0, -6.0, -5.0, -8.0, 4.0, -2.0, -35.0, 11.0, -15.0, -5.0, -4.0, -5.0, -2.0, -2.0, -21.0, -9.0, -5.0, -2.0, -11.0, -5.0, 2.0, 4.0, -16.0, -7.0, -16.0, -4.0, -12.0, 18.0, 2.0, -13.0, -10.0, -14.0, -1.0, -23.0, -15.0, -4.0, -5.0, -18.0, -4.0, 6.0, -12.0, -9.0, -4.0, -6.0, -20.0, 13.0, 3.0, -13.0, -6.0, 0.0, 3.0, 14.0, -6.0, -10.0, 2.0, -4.0, -7.0, -18.0, 9.0, -6.0, -27.0]",-54.9285266055146,0.0,0.0,0,0.0031745433807373047
96,"[0.27284282, -0.7539508, -0.49434683, -0.07464552, 0.28351852, 0.9187279, -0.27940702, -0.9504676, -0.4417286, -0.3094822, 0.76052845, -0.2623813, 0.51324743, -0.2270328, 0.7265227, -0.25297278, -0.6715404, -0.6686219, 0.7258477, 0.29025474, 0.051449858, -0.3515152, 0.5120638, 0.011311776, -0.1682567, 0.6752063, 0.0025575662, 0.23821647, -0.4493762, 0.94070953, 0.3105655, 0.2971248, -0.5144954, 0.82194966, -0.17376977, 0.41251355, -0.08770339, -0.07730767, 0.9218393, 0.3734124, -0.18541905, -0.22513796, 0.17524557, -0.7916793, -0.95424974, -0.13021852, -0.6062932, -0.16001967, -0.6147848, 0.383914, 0.33450934, 0.36741632, -0.7407584, 0.66910285, 0.27307197, -0.8392313, 0.7849841, 0.59686124, -0.20507796, 0.50176746, 0.25386295, 0.6119973, -0.12741648, 0.21095487, 0.94365096, 0.79220176, 0.5277543, -0.10779906, 0.77496654, 0.98143363, 0.30656785, 0.7959776, 0.88547677, 0.5720767, 0.5036383, -0.26339173, 0.41190633, 0.49890336, -0.5160941, -0.42110413, -0.51429874, -0.34446862, 0.68790644, 0.1784167, 0.47040403, -0.7901976, -0.54281753, 0.04862929, 0.00027613287, -0.66498184, -0.91109324, -0.30922374, 0.41847825, -0.67030334, -0.15437861, 0.40885875, -0.78360057, -0.10590793, -0.9135683, -0.83363485, -0.7593009, 0.48029953, -0.48120338, 0.6341656, -0.6789206, -0.07210965, -0.3814359, 0.78521895, 0.40782472, -0.06626957, -0.494217, 0.8123942, 0.9626183, 0.7982034, -0.7742211, 0.41051623, 0.06976068, 0.12549512, 0.009569835, 0.75938165, 0.4523449, -0.13599606, 0.25106955, 0.5653335, 0.04288096, -0.8316785, -0.17983365, -0.92436993, -0.18689315, -0.28671616, 0.18873401, -0.80217594, -0.9966324, 0.89884734, -0.7495886, -0.21371754, 0.6869258, -0.6415668, 0.17203245, -0.5814724, 0.28615332, 0.7176278, -0.27483958, -0.39352134, 0.87424225, 0.6873837, -0.09572407, 0.03648157, -0.8682221, -0.9888928, -0.034771852, 0.8415699, 0.71659696, -0.8517615, 0.11381775, 0.6252031, -0.54073894, 0.05321892, -0.7097623, 0.23371866, -0.44969785, 0.7138557, 0.059095997, -0.62384313, -0.36551428, -0.039744843, -0.071377195, 0.46691796, 0.7344618, -0.97656924, 0.6020465, 0.61642534, -0.045203224, -0.17344327, -0.06542845, 0.4154912, -0.95167994, -0.6574916, -0.11366224, 0.76700354, 0.9460761, 0.007674683, 0.50315684, -0.5570932, 0.9390304, 0.33593723, 0.6739629, -0.46900478, -0.44069734, 0.9600118, 0.60918444, -0.2285571, -0.75323236, 0.10965662, 0.4972173, -0.5390284, 0.48945433, 0.0071263006, 0.44356447, -0.39973232, 0.41447878, 0.36576244, -0.21764173, 0.12913081, -0.3024007, -0.7823398, -0.70282453, -0.96103334, 0.7904463, 0.49551398, -0.09259614, -0.5354935, 0.46656436, 0.2773728, 0.7063659, -0.5355164, 0.034145065, -0.110799246, -0.16115397, 0.839843, -0.9504485, -0.49614418, -0.84658855, -0.15115924, -0.6162154, 0.76666456, -0.5676517, 0.8315395, 0.3781104, 0.62060165, 0.06467919, -0.11680118, -0.43142003, -0.072912276, -0.26459008, 0.07405566, 0.62792605, -0.7579543, 0.22753826, -0.1855745, -0.22434203, -0.008662533, -0.6759813, 0.30120212, -0.6159572, 0.6487993, -0.019497849, -0.08417474, -0.5355104, -0.2690114, 0.8300594, -0.30550414, 0.83256096, 0.99585056, -0.32260054, -0.28311718, -0.111124545, 0.2344675, 0.94240594, -0.8483173, -0.63899803, 0.14259055, -0.23744631, 0.456398, -0.45588735, 0.95101017, 0.97803044, -0.7309597, 0.74588585, -0.16873115, -0.8974709, 0.040078998, 0.8937476, 0.77944064, -0.5476963, -0.52083147, -0.953123, 0.63553345, 0.7167838, -0.59410423, -0.8325006, 0.4460247, 0.5668897, -0.32272357, -0.087551005, -0.8623139, 0.583567, 0.86152846, -0.66950035, -0.6257674, -0.9006406, -0.15481022, 0.95658576, -0.96934915, 0.1772261, 0.7899927, -0.7160386, -0.58601815, -0.18234141, 0.4699545, -0.29014063, -0.12593457, -0.4269748, 0.9308358, 0.3118123, 0.8931044, -0.827119, -0.5236384, -0.83028424, -0.8155452, -0.6698427, -0.19457641, 0.53554, 0.5769333, 0.30048916, -0.23984894, -0.8391061, 0.537944, 0.08683346, 0.102568164, 0.7735258, -0.015555967, 0.3958601, 0.72658336, -0.100219734, 0.8021851, -0.5449982, 0.8933838, -0.41704565, -0.042265657, -0.5987812, -0.8500429, 0.10432137, -0.45134327, -0.97269857, -0.39309323, -0.34007624, -0.6184013, 0.28849405, 0.03475136, -0.060542494, -0.4986931, -0.41535687, 0.831574, 0.5579384, -0.48963317, -0.7846639, -0.13475156, 0.19643423, 0.6685647, 0.76341814, -0.87518275, 0.1253914, 0.13101006, 0.33396813, -0.6379594, -0.04975488, 0.5359626, 0.2371168, -0.7678254, 0.7577742, -0.17425053, 0.56520134, -0.7337981, 0.42711294, -0.5433153, 0.13049488, -0.660975, 0.28761476, 0.52243197, -0.24619994, 0.8219784, 0.3437941, -0.75830483, 0.6696548, -0.03863022, 0.79925203, 0.5634547, 0.40709803, -0.2209004, 0.3197904, -0.30072644, 0.7653973, -0.12894844, 0.8099542, -0.324803, 0.42063025, 0.87685436, -0.2206553, 0.2684621, -0.0005694201, -0.4628789, -0.9788575, -0.22455955, -0.39388615, -0.70665467, -0.29326892, -0.48816958, -0.30410445, 0.021413062, -0.38734427, 0.50477725, 0.9717979, -0.801561, 0.08433563, -0.5920555, 0.840487, 0.5814903, -0.7992063, 0.6456643, -0.4485991, -0.48721924, 0.8785228, 0.38561076, 0.7157538, 0.45854664, -0.17611024, 0.6415462, -0.00031108665, -0.95144856, 0.4859745, 0.02205268, -0.35724354, -0.17685215, -0.099087685, 0.744066, 0.1546808, 0.38279623, 0.94329923, 0.016597455, -0.4319354, 0.34790078, -0.47953284, 0.6167027, 0.44846022, 0.5824066, -0.54196876, -0.6370932, 0.41560093, 0.362539, -0.24290682, -0.25023982, -0.9409526, -0.2870659, 0.4294193, -0.33564422, 0.034475084, -0.74761605, -0.42444977, -0.62203604, -0.17015438, 0.082972586, 0.62881774, -0.36994857, -0.5090934, 0.7019262, -0.25397426, 0.39280877, 0.97971505, 0.34592688, 0.90794426, 0.6623075, -0.15004432, 0.66259253, -0.9199726, 0.8908933, -0.82616824, -0.89280486, -0.65633965, -0.6020444, -0.054228418, 0.99381286, 0.58942175, -0.46255586, -0.8641404, 0.038357764, -0.6553147, 0.57121986, 0.7299599, -0.6769752, -0.89423007, -0.7063013, 0.108610265, 0.24382383, 0.4153364, -0.6013337, -0.50207293, 0.46929625, -0.91507024, 0.3062857, 0.06402108, 0.9588284, 0.43881315, -0.20873038, 0.8551165, -0.38792798, -0.060441032, -0.96345764, 0.7358546, -0.4731699]","[7.0, 0.0, -18.0, -7.0, -2.0, -9.0, 6.0, -12.0, -20.0, -11.0, -2.0, 22.0, 5.0, 0.0, -12.0, -1.0, -4.0, 1.0, -10.0, 0.0, -26.0, 5.0, 0.0, 1.0, -7.0, -14.0, -6.0, -24.0, -5.0, -20.0, -14.0, 7.0, 0.0, 14.0, -2.0, -11.0, -8.0, -12.0, 3.0, 1.0, 3.0, 14.0, -8.0, -6.0, -16.0, 11.0, -6.0, -9.0, 1.0, -5.0, -5.0, -3.0, 6.0, 3.0, -17.0, -11.0, -9.0, 13.0, 5.0, 4.0, -11.0, 2.0, -18.0, 5.0, -5.0, -1.0, -3.0, -8.0, 1.0, -2.0, -21.0, 17.0, -10.0, -19.0, -22.0, -6.0, -4.0, -12.0, -2.0, -10.0, 16.0, -10.0, 7.0, -23.0, -10.0, -11.0, 2.0, 8.0, -8.0, -6.0, -1.0, -18.0, -4.0, -4.0, 4.0, -8.0, -15.0, -5.0, -7.0, -5.0, -13.0, 1.0, -6.0, -3.0, 7.0, -19.0, 13.0, -14.0, -10.0, -13.0, -11.0, 5.0, 2.0, 2.0, 4.0, -14.0, -7.0, 4.0, -7.0, -11.0, -14.0, 4.0, 4.0, -13.0, -22.0, -16.0, -13.0, -3.0, -6.0, -1.0, -1.0, 6.0, 1.0, -5.0, -2.0, 0.0, -13.0, -14.0, -9.0, -9.0, 14.0, -10.0, -3.0, -10.0, 2.0, -10.0, -7.0, -7.0, -10.0, 9.0, -10.0, -17.0, -15.0, 0.0, 9.0, -4.0, -18.0, -6.0, 4.0, -3.0, -7.0, -6.0, -8.0, 8.0, -8.0, 0.0, 13.0, -16.0, -9.0, 0.0, -6.0, -4.0, -5.0, -24.0, -30.0, -10.0, -32.0, -5.0, 10.0, -25.0, -21.0, -5.0, -16.0, -9.0, -10.0, -15.0, 6.0, -4.0, -21.0, 12.0, -9.0, -1.0, 4.0, -4.0, -10.0, -1.0, -1.0, -11.0, -10.0, -6.0, -17.0, -3.0, -5.0, 6.0, -7.0, 2.0, -6.0, -3.0, -7.0, 9.0, -15.0, 0.0, -5.0, 2.0, -11.0, -11.0, -3.0, -9.0, -7.0, -1.0, -9.0, 5.0, -1.0, 0.0, -7.0, -5.0, -28.0, 4.0, -13.0, -3.0, 20.0, -7.0, -20.0, 1.0, -11.0, 1.0, -3.0, -7.0, -16.0, -11.0, 6.0, 8.0, -2.0, 11.0, 9.0, 2.0, 2.0, -18.0, -17.0, -10.0, -10.0, -6.0, 11.0, -8.0, -7.0, 2.0, 6.0, -9.0, -7.0, -3.0, -6.0, -14.0, -21.0, -1.0, -5.0, -14.0, -10.0, -27.0, -13.0, 1.0, 5.0, 0.0, -6.0, 9.0, -5.0, -4.0, -16.0, 1.0, -8.0, 6.0, -2.0, -6.0, -10.0, -1.0, 8.0, -6.0, 7.0, -5.0, 7.0, -1.0, 4.0, 10.0, 3.0, -15.0, 3.0, 4.0, 7.0, -6.0, 4.0, 2.0, -10.0, 0.0, -14.0, 9.0, 1.0, -6.0, -14.0, -6.0, -4.0, -11.0, 11.0, -8.0, 0.0, 5.0, -9.0, 0.0, -9.0, -1.0, 10.0, -10.0, -19.0, -21.0, -7.0, 7.0, 1.0, -10.0, -7.0, -3.0, 1.0, 0.0, 2.0, 8.0, -19.0, -9.0, -7.0, -15.0, -12.0, -5.0, -4.0, -33.0, 5.0, 5.0, -5.0, -16.0, -16.0, -4.0, -10.0, 4.0, -19.0, 5.0, -15.0, -4.0, 1.0, -6.0, -19.0, -23.0, 5.0, 8.0, -20.0, -13.0, 4.0, 6.0, -11.0, -5.0, -3.0, -7.0, -12.0, -3.0, 2.0, -17.0, -17.0, -10.0, -2.0, -17.0, -5.0, -16.0, 24.0, 14.0, -6.0, -18.0, -3.0, -2.0, 0.0, -1.0, 0.0, -16.0, -10.0, 1.0, -10.0, -25.0, -6.0, 2.0, -6.0, -13.0, 2.0, 29.0, 2.0, -4.0, -6.0, -5.0, -6.0, 7.0, -7.0, -6.0, 0.0, -4.0, -23.0, -33.0, 9.0, -10.0, -6.0, 2.0, -4.0, 5.0, -2.0, -6.0, -13.0, -11.0, -20.0, -1.0, 7.0, -14.0, -3.0, 20.0, 4.0, -19.0, 3.0, -20.0, -7.0, -10.0, -9.0, 8.0, 10.0, 4.0, -6.0, -6.0, 9.0, -7.0, 10.0, 7.0, -6.0, -5.0, -8.0, 4.0, -2.0, -35.0, 11.0, -15.0, -5.0, -4.0, -5.0, -2.0, -2.0, -21.0, -9.0, -5.0, -2.0, -11.0, -5.0, 2.0, 4.0, -16.0, -7.0, -16.0, -4.0, -12.0, 18.0, 2.0, -13.0, -10.0, -14.0, -1.0, -23.0, -15.0, -4.0, -5.0, -18.0, -4.0, 6.0, -12.0, -9.0, -4.0, -6.0, -20.0, 13.0, 3.0, -13.0, -6.0, 0.0, 3.0, 14.0, -6.0, -10.0, 2.0, -4.0, -7.0, -18.0, 9.0, -6.0, -27.0]",-54.9285266055146,0.0,0.0,0,0.0031991004943847656
97,"[0.3822628, 0.8242229, -0.18017708, 0.6393801, 0.99989855, 0.3258369, -0.059332393, 0.9540533, -0.58900243, -0.40659955, 0.063512, 0.73706245, -0.9200909, -0.29349086, 0.30463618, -0.81088334, -0.7965086, -0.6891738, 0.51816833, -0.88551325, 0.6792305, -0.60789096, -0.27816027, 0.9452143, -0.6201599, 0.85957783, -0.028502254, 0.40351596, 0.747471, 0.46260867, -0.88626593, 0.8081296, -0.8004271, -0.44292456, -0.81563115, -0.02468228, -0.5637227, 0.42811745, -0.8938349, -0.09675382, 0.9804597, -0.85722953, 0.18934363, -0.056345303, 0.7673083, 0.2592272, -0.34751138, 0.77363783, -0.47392848, -0.9057272, 0.20656295, -0.46300808, 0.22615366, 0.2913595, -0.29340902, 0.9510143, -0.9338473, 0.75305843, 0.45755476, 0.80245, 0.042049862, -0.2797642, -0.7801457, 0.07898705, -0.12745327, 0.38372836, 0.94193643, -0.870003, -0.65453166, -0.5207385, -0.9987166, 0.80509675, 0.33418748, 0.44151118, -0.08181319, 0.4389575, -0.55146503, -0.2945079, 0.98134774, -0.6487643, 0.47603092, 0.74301577, -0.46422425, -0.509907, 0.38044062, -0.25821188, -0.593522, -0.18363637, 0.29568273, 0.2742617, 0.66902864, 0.7889974, -0.50699395, -0.9796795, -0.2661104, 0.06888679, -0.7634488, 0.07181156, 0.9564077, 0.07341219, -0.3282923, 0.51381457, -0.6907221, 0.91790265, 0.010802995, 0.8368108, 0.5274578, 0.2790452, 0.87361103, -0.8756205, 0.92690974, -0.9557093, 0.012410372, -0.05352134, -0.016855821, 0.3547714, 0.4264135, 0.48740363, -0.17286964, 0.35759234, 0.28017166, -0.43764833, 0.8785961, 0.6034781, -0.67123526, -0.73125505, 0.89232004, 0.27586636, 0.9400573, 0.34980083, 0.17501323, 0.42348906, -0.5831281, -0.17428894, 0.9176716, 0.35493082, 0.6936458, 0.7626016, 0.78397393, -0.49582398, -0.4250706, 0.17058416, -0.4582348, 0.045455493, -0.70455056, 0.23745134, -0.25642306, 0.2757169, -0.5194795, -0.7245264, 0.4452404, -0.109931074, 0.1654878, -0.19453956, -0.7503447, 0.16708596, -0.54651284, -0.6986681, 0.4959006, -0.39426616, -0.7266738, -0.39835095, -0.6520748, 0.6990672, -0.13387524, -0.9636209, -0.46366277, -0.5861419, -0.44441155, 0.361281, 0.4066002, -0.366713, -0.94015086, 0.45133075, 0.9448415, -0.26890224, 0.5372117, 0.38785186, -0.6726926, 0.5222638, -0.929025, -0.9151639, -0.11105813, -0.311448, 0.17211758, -0.9361306, 0.23903207, -0.6326794, -0.47765982, 0.68453854, -0.51960987, 0.66588646, -0.20810199, -0.5230367, 0.7677426, 0.90471494, -0.5006558, 0.53184354, -0.115576886, 0.1401081, -0.9274282, 0.5618326, -0.83595794, 0.7873536, -0.39317068, 0.5181455, 0.30509016, 0.003254384, -0.47482187, 0.54492646, 0.38331392, -0.35349414, 0.5459251, -0.6645544, 0.59305143, 0.84443325, 0.23826885, 0.5991679, 0.24543102, -0.33700776, 0.6333489, 0.13540994, 0.0824239, 0.47741002, 0.2228291, 0.55029213, 0.8501264, -0.5719603, 0.14855805, -0.162301, 0.31648058, 0.21796912, 0.6816511, -0.69088614, 0.8934555, -0.17948443, 0.5969998, 0.113606416, 0.48473912, 0.051293563, 0.629744, -0.0050684866, -0.104562394, 0.19535479, -0.35793042, 0.68979025, 0.21941663, -0.7510882, 0.31433782, 0.72696793, -0.1641801, -0.660825, 0.16823696, 0.50313807, 0.13156982, -0.75801593, 0.07133021, 0.99835175, -0.59341764, 0.41350162, 0.99139434, -0.6056328, 0.3043723, -0.8282582, -0.18321559, 0.98827815, -0.3894718, -0.7222914, -0.25001627, 0.88837445, -0.27555528, 0.8577947, 0.42034882, -0.81955284, -0.80931133, 0.95340014, 0.41601416, -0.051460415, 0.2582706, 0.59504926, -0.608793, 0.59999746, -0.65457195, 0.028957548, -0.47806546, 0.95711315, 0.20978822, 0.79968166, -0.42496127, 0.36460721, 0.50577235, -0.09568487, -0.09874535, -0.8751265, -0.33593234, -0.46547782, -0.39680248, 0.45649314, 0.4835674, 0.506307, 0.7352335, -0.9964312, 0.3352484, -0.52480257, 0.0019543678, -0.20846638, -0.017306535, 0.7304748, -0.910797, -0.80000544, 0.016797874, 0.38019156, 0.21047929, -0.87517333, 0.9412328, 0.6733984, 0.26269048, -0.1675304, -0.86471355, 0.91392773, -0.16570862, -0.38200918, -0.7785377, 0.34584996, -0.2259777, -0.111076884, 0.66036034, 0.99595517, -0.6977475, 0.00024158135, 0.03027805, -0.69842094, 0.6840722, -0.26924682, -0.38990626, 0.7313511, 0.8652464, -0.3551508, 0.8456528, -0.7107179, 0.8548898, 0.3552295, 0.41705722, -0.16979349, -0.85910195, -0.39049536, -0.46587607, 0.24577777, 0.7150359, 0.9226409, 0.80687, 0.52655756, 0.29637146, 0.4414394, 0.64413476, 0.2701455, 0.8551689, -0.70278084, 0.33936295, 0.279519, -0.35512772, 0.37169087, -0.17896941, 0.40250283, -0.9493844, 0.61861104, 0.51831484, 0.9435602, -0.9252358, -0.97699016, -0.471441, -0.67151123, -0.046427757, -0.16830511, -0.088437006, -0.6699748, -0.83058274, -0.51162606, 0.13279599, -0.088121735, -0.69941604, -0.8499253, -0.99533516, 0.6848517, 0.09526235, -0.76462215, -0.26916125, 0.12670767, 0.5289676, 0.5849067, 0.9094816, -0.26831445, 0.20169714, -0.923735, -0.908651, 0.9262954, -0.5514214, -0.9615067, 0.7033261, -0.9476586, 0.6485796, 0.6798818, 0.7679546, 0.47237128, -0.46726072, -0.8725074, 0.5418885, 0.73107135, -0.38969436, 0.38763025, -0.34229615, -0.59626126, 0.20476775, -0.104065955, 0.8968921, 0.44245493, 0.46351245, -0.5428729, -0.25013703, -0.345429, -0.54735917, -0.15774286, -0.78187644, -0.40778258, -0.93836665, 0.25198463, -0.059894275, 0.9428793, 0.85679036, -0.15222183, 0.40903357, -0.7838415, -0.040677343, 0.8359341, 0.007970396, 0.57598823, 0.20441677, 0.30143827, 0.68035007, 0.99081296, -0.77533835, 0.5007425, 0.4503921, -0.07812117, -0.019838456, 0.6369671, -0.29544526, 0.99584377, 0.02267024, 0.35728803, 0.6749023, 0.8149091, -0.41738632, -0.07797899, 0.45464793, 0.740631, -0.98821396, 0.29674006, 0.77944106, -0.4280291, -0.029569034, -0.1721891, 0.866297, -0.75138426, -0.83179927, -0.44597292, 0.09247252, -0.9754635, -0.33836085, 0.893846, -0.49499732, 0.1694241, 0.6763371, -0.30204347, -0.7691766, -0.19774546, 0.17019291, -0.025051909, -0.6979806, -0.6600369, 0.800809, 0.8618283, -0.76609516, -0.54914963, 0.4793407, -0.36684638, -0.38643086, 0.6916584, 0.059436034, -0.86325425, -0.58698547, -0.047499433, -0.5584831, -0.5555292, -0.11933311, 0.1402409, 0.5804816, -0.7882696, 0.45455223, -0.9694983]","[7.0, 0.0, -18.0, -7.0, -2.0, -9.0, 6.0, -12.0, -20.0, -11.0, -2.0, 22.0, 5.0, 0.0, -12.0, -1.0, -4.0, 1.0, -10.0, 0.0, -26.0, 5.0, 0.0, 1.0, -7.0, -14.0, -6.0, -24.0, -5.0, -20.0, -14.0, 7.0, 0.0, 14.0, -2.0, -11.0, -8.0, -12.0, 3.0, 1.0, 3.0, 14.0, -8.0, -6.0, -16.0, 11.0, -6.0, -9.0, 1.0, -5.0, -5.0, -3.0, 6.0, 3.0, -17.0, -11.0, -9.0, 13.0, 5.0, 4.0, -11.0, 2.0, -18.0, 5.0, -5.0, -1.0, -3.0, -8.0, 1.0, -2.0, -21.0, 17.0, -10.0, -19.0, -22.0, -6.0, -4.0, -12.0, -2.0, -10.0, 16.0, -10.0, 7.0, -23.0, -10.0, -11.0, 2.0, 8.0, -8.0, -6.0, -1.0, -18.0, -4.0, -4.0, 4.0, -8.0, -15.0, -5.0, -7.0, -5.0, -13.0, 1.0, -6.0, -3.0, 7.0, -19.0, 13.0, -14.0, -10.0, -13.0, -11.0, 5.0, 2.0, 2.0, 4.0, -14.0, -7.0, 4.0, -7.0, -11.0, -14.0, 4.0, 4.0, -13.0, -22.0, -16.0, -13.0, -3.0, -6.0, -1.0, -1.0, 6.0, 1.0, -5.0, -2.0, 0.0, -13.0, -14.0, -9.0, -9.0, 14.0, -10.0, -3.0, -10.0, 2.0, -10.0, -7.0, -7.0, -10.0, 9.0, -10.0, -17.0, -15.0, 0.0, 9.0, -4.0, -18.0, -6.0, 4.0, -3.0, -7.0, -6.0, -8.0, 8.0, -8.0, 0.0, 13.0, -16.0, -9.0, 0.0, -6.0, -4.0, -5.0, -24.0, -30.0, -10.0, -32.0, -5.0, 10.0, -25.0, -21.0, -5.0, -16.0, -9.0, -10.0, -15.0, 6.0, -4.0, -21.0, 12.0, -9.0, -1.0, 4.0, -4.0, -10.0, -1.0, -1.0, -11.0, -10.0, -6.0, -17.0, -3.0, -5.0, 6.0, -7.0, 2.0, -6.0, -3.0, -7.0, 9.0, -15.0, 0.0, -5.0, 2.0, -11.0, -11.0, -3.0, -9.0, -7.0, -1.0, -9.0, 5.0, -1.0, 0.0, -7.0, -5.0, -28.0, 4.0, -13.0, -3.0, 20.0, -7.0, -20.0, 1.0, -11.0, 1.0, -3.0, -7.0, -16.0, -11.0, 6.0, 8.0, -2.0, 11.0, 9.0, 2.0, 2.0, -18.0, -17.0, -10.0, -10.0, -6.0, 11.0, -8.0, -7.0, 2.0, 6.0, -9.0, -7.0, -3.0, -6.0, -14.0, -21.0, -1.0, -5.0, -14.0, -10.0, -27.0, -13.0, 1.0, 5.0, 0.0, -6.0, 9.0, -5.0, -4.0, -16.0, 1.0, -8.0, 6.0, -2.0, -6.0, -10.0, -1.0, 8.0, -6.0, 7.0, -5.0, 7.0, -1.0, 4.0, 10.0, 3.0, -15.0, 3.0, 4.0, 7.0, -6.0, 4.0, 2.0, -10.0, 0.0, -14.0, 9.0, 1.0, -6.0, -14.0, -6.0, -4.0, -11.0, 11.0, -8.0, 0.0, 5.0, -9.0, 0.0, -9.0, -1.0, 10.0, -10.0, -19.0, -21.0, -7.0, 7.0, 1.0, -10.0, -7.0, -3.0, 1.0, 0.0, 2.0, 8.0, -19.0, -9.0, -7.0, -15.0, -12.0, -5.0, -4.0, -33.0, 5.0, 5.0, -5.0, -16.0, -16.0, -4.0, -10.0, 4.0, -19.0, 5.0, -15.0, -4.0, 1.0, -6.0, -19.0, -23.0, 5.0, 8.0, -20.0, -13.0, 4.0, 6.0, -11.0, -5.0, -3.0, -7.0, -12.0, -3.0, 2.0, -17.0, -17.0, -10.0, -2.0, -17.0, -5.0, -16.0, 24.0, 14.0, -6.0, -18.0, -3.0, -2.0, 0.0, -1.0, 0.0, -16.0, -10.0, 1.0, -10.0, -25.0, -6.0, 2.0, -6.0, -13.0, 2.0, 29.0, 2.0, -4.0, -6.0, -5.0, -6.0, 7.0, -7.0, -6.0, 0.0, -4.0, -23.0, -33.0, 9.0, -10.0, -6.0, 2.0, -4.0, 5.0, -2.0, -6.0, -13.0, -11.0, -20.0, -1.0, 7.0, -14.0, -3.0, 20.0, 4.0, -19.0, 3.0, -20.0, -7.0, -10.0, -9.0, 8.0, 10.0, 4.0, -6.0, -6.0, 9.0, -7.0, 10.0, 7.0, -6.0, -5.0, -8.0, 4.0, -2.0, -35.0, 11.0, -15.0, -5.0, -4.0, -5.0, -2.0, -2.0, -21.0, -9.0, -5.0, -2.0, -11.0, -5.0, 2.0, 4.0, -16.0, -7.0, -16.0, -4.0, -12.0, 18.0, 2.0, -13.0, -10.0, -14.0, -1.0, -23.0, -15.0, -4.0, -5.0, -18.0, -4.0, 6.0, -12.0, -9.0, -4.0, -6.0, -20.0, 13.0, 3.0, -13.0, -6.0, 0.0, 3.0, 14.0, -6.0, -10.0, 2.0, -4.0, -7.0, -18.0, 9.0, -6.0, -27.0]",-54.9285266055146,0.0,0.0,0,0.003188610076904297
98,"[-0.7957763, 0.31715825, 0.5970722, 0.4726057, 0.7075031, -0.56864077, 0.16084737, -0.5334247, 0.840819, -0.87877786, 0.9489237, 0.6051025, -0.9408143, 0.9204822, 0.70631325, -0.8906862, 0.7127835, 0.06187117, -0.06016808, -0.81517315, -0.5738654, -0.23115006, 0.8432206, 0.024183117, 0.53401905, 0.11682624, 0.25525907, 0.34256738, -0.3069789, 0.9434926, 0.8526206, -0.32147887, -0.81552845, 0.9176879, -0.69926226, -0.7706153, 0.66814286, -0.036392972, -0.57563984, 0.013440931, -0.99568176, 0.42025778, 0.2496608, 0.62535816, 0.54307425, -0.48703358, 0.6338964, 0.35542813, 0.6299629, 0.5429207, 0.61458695, 0.65347797, 0.058435015, 0.118587814, 0.7895531, 0.05953932, 0.05177644, -0.5106967, -0.31726226, -0.25462294, 0.9560492, 0.5549752, 0.6275181, 0.45907298, 0.8414104, 0.49016258, -0.22196157, -0.11604369, -0.34468845, -0.3175037, 0.3672573, 0.34310922, -0.2642875, 0.687418, 0.9786666, -0.6314188, -0.31816715, 0.7757195, 0.29997855, -0.72356904, -0.35946319, 0.8613889, 0.10731564, -0.5914874, 0.8731188, 0.17739448, -0.014975732, -0.39848584, -0.34197718, -0.52633274, 0.6905053, 0.10915578, 0.19959569, 0.6171034, -0.2298972, 0.517314, -0.9586363, 0.50879747, -0.17547482, -0.29431868, 0.86108994, 0.91305864, 0.0579961, -0.03866971, 0.5018322, 0.82600033, -0.50914437, -0.43950367, 0.09953291, 0.53142697, 0.32418695, -0.7024927, -0.9117994, 0.90509474, 0.51271397, 0.5247721, -0.14889269, 0.92579025, 0.9049902, -0.18718638, -0.52936184, -0.0311804, -0.008361848, -0.9562138, -0.5179311, 0.3370922, -0.18783449, 0.341717, -0.586673, 0.7586046, 0.35561326, 0.23646805, 0.20118608, -0.8423574, -0.16885285, 0.9457264, 0.7639759, 0.3727833, 0.79780793, 0.3169219, 0.42627668, -0.6890154, -0.1809061, 0.9544472, -0.051933814, -0.9496059, -0.60636055, -0.7072668, 0.66193503, -0.641785, 0.7125663, 0.3323823, 0.111292824, -0.12015301, 0.0655207, 0.83699965, 0.07628426, -0.121694274, -0.14158751, 0.1244612, 0.45271376, -0.7201443, 0.31693026, 0.7711511, -0.4157477, -0.13279748, -0.6188462, 0.06916629, 0.41151822, 0.43779117, -0.32335237, 0.5703065, 0.14704862, 0.41509113, 0.070896156, -0.86734104, -0.87935287, -0.34559533, 0.22232142, 0.16989979, 0.9131727, -0.17233704, -0.8855447, 0.9417212, -0.7728415, 0.28254634, 0.89085424, 0.41330513, -0.06970633, 0.31379718, 0.11904588, 0.8163085, -0.556611, 0.7906498, -0.88824695, -0.4747736, -0.4078142, 0.848225, 0.25629875, -0.3079222, -0.87990713, -0.009000538, 0.48034513, -0.048481118, -0.4626916, -0.11751774, 0.3956387, -0.7631499, -0.8124038, 0.5775807, -0.31334916, -0.53019017, 0.006215736, 0.046402678, 0.57890874, 0.24225625, 0.23551661, 0.68426645, -0.27054474, -0.20380187, 0.14123565, -0.15023555, -0.99396855, 0.08770817, -0.8424051, -0.58521396, -0.3009608, 0.7621137, -0.31303212, 0.64785975, -0.8503961, 0.55538654, 0.9622803, 0.5057364, 0.30389848, 0.74952894, 0.37656206, -0.40012223, 0.6756645, -0.80973035, -0.7349952, -0.8189655, -0.055331048, 0.7078816, -0.26209626, 0.60796064, 0.2648063, -0.62565875, 0.23952244, -0.17423351, 0.8727127, 0.17889243, -0.39799142, 0.7671068, 0.21540028, 0.9847976, 0.45552891, -0.44837543, 0.9456074, 0.9601332, 0.13412273, 0.8976339, 0.8353352, 0.7325475, 0.04653838, -0.6115823, 0.4431634, -0.33764136, 0.24745888, 0.5447771, -0.20925994, 0.3201819, 0.5669263, -0.88255674, -0.34737778, 0.12917826, -0.017307486, 0.26665223, 0.89738023, -0.9016604, -0.5385483, -0.11596136, -0.81700957, 0.50736254, 0.13478735, 0.9176045, 0.8608344, 0.4406022, 0.36286783, -0.21721281, 0.5812983, 0.9943973, -0.5778191, 0.7312849, 0.6496649, 0.2203378, -0.94173884, -0.16880733, -0.44967204, -0.7047106, 0.6812868, -0.7450368, -0.88976717, -0.52764314, -0.68204486, -0.94465506, -0.8411883, 0.32271892, -0.85384846, 0.890518, 0.5606918, 0.63036156, -0.33401734, -0.9302753, 0.9694976, 0.14923829, 0.8153031, 0.94276375, -0.5534654, 0.6363163, 0.38769358, -0.66624, -0.16561854, -0.7979845, -0.3369291, 0.86188287, -0.6845456, -0.90245444, 0.5500348, 0.8929784, 0.37390435, -0.828975, 0.7542053, 0.3417934, -0.3206245, -0.8215879, 0.64108485, 0.30566028, -0.24247439, -0.51083463, 0.6483059, -0.32790858, 0.68573767, -0.29944572, -0.33103967, 0.7106347, 0.38035136, -0.30167896, -0.4587891, 0.26151234, 0.1271393, 0.7367998, -0.48193958, -0.48284224, 0.33569354, 0.06577488, -0.83796525, -0.40810597, 0.6585094, 0.37327912, 0.75743526, -0.9286897, 0.5737183, -0.05487231, 0.7838116, 0.16971868, 0.99369586, -0.034463897, -0.3636634, 0.6857638, 0.6629477, -0.36180854, 0.90768886, 0.20244472, -0.24726251, -0.79069483, -0.19333068, 0.9217864, 0.8538527, -0.039442495, 0.6612431, 0.15741597, 0.3820769, -0.7196074, -0.5943764, -0.6159702, -0.52069116, 0.5545138, 0.80308676, 0.2826415, 0.64773923, -0.49959064, -0.2972853, 0.09010311, 0.73580784, -0.98988086, -0.9034735, 0.17294209, -0.8433539, 0.9863681, -0.16817269, -0.33419102, -0.4376736, -0.11389202, -0.55016714, -0.69620746, 0.84139913, -0.85827875, 0.5538328, 0.77342814, 0.63964695, -0.369458, 0.6553138, 0.8305668, -0.45316467, 0.7835239, -0.10744888, 0.71076983, -0.836891, -0.57425606, -0.017830072, -0.9615763, -0.3696092, -0.41438657, -0.7224721, 0.38498792, 0.7860661, -0.6357666, -0.76318884, -0.3948436, -0.64508486, -0.88438725, 0.8454112, -0.17678921, 0.12619504, 0.2791032, -0.7047622, -0.9216481, 0.9160117, -0.42592394, 0.16045205, 0.017339598, 0.042570617, -0.84585017, 0.27978337, 0.00015176616, -0.578095, 0.13875158, -0.9889364, 0.6551783, 0.82762694, 0.86622715, 0.33782768, 0.67823803, -0.5429662, -0.7926942, 0.27907407, 0.72751325, -0.10092399, -0.35140043, -0.6539151, 0.8375716, 0.80363154, 0.27465492, 0.7119575, 0.53401077, 0.9421367, -0.86753464, -0.5098885, 0.51723856, -0.60120064, -0.92548674, 0.23165782, -0.10590779, -0.4491533, 0.9755944, -0.6833504, 0.111035906, -0.6459135, -0.3321945, 0.029473646, 0.72790843, 0.49403545, 0.1257841, -0.5003244, 0.34894636, -0.96387357, -0.96873367, 0.6113791, -0.4456375, -0.7510361, 0.7743237, -0.5973288, 0.7290459, 0.17577754, 0.3441639, 0.59241337, -0.29023656, -0.13247886, 0.7712617]","[7.0, 0.0, -18.0, -7.0, -2.0, -9.0, 6.0, -12.0, -20.0, -11.0, -2.0, 22.0, 5.0, 0.0, -12.0, -1.0, -4.0, 1.0, -10.0, 0.0, -26.0, 5.0, 0.0, 1.0, -7.0, -14.0, -6.0, -24.0, -5.0, -20.0, -14.0, 7.0, 0.0, 14.0, -2.0, -11.0, -8.0, -12.0, 3.0, 1.0, 3.0, 14.0, -8.0, -6.0, -16.0, 11.0, -6.0, -9.0, 1.0, -5.0, -5.0, -3.0, 6.0, 3.0, -17.0, -11.0, -9.0, 13.0, 5.0, 4.0, -11.0, 2.0, -18.0, 5.0, -5.0, -1.0, -3.0, -8.0, 1.0, -2.0, -21.0, 17.0, -10.0, -19.0, -22.0, -6.0, -4.0, -12.0, -2.0, -10.0, 16.0, -10.0, 7.0, -23.0, -10.0, -11.0, 2.0, 8.0, -8.0, -6.0, -1.0, -18.0, -4.0, -4.0, 4.0, -8.0, -15.0, -5.0, -7.0, -5.0, -13.0, 1.0, -6.0, -3.0, 7.0, -19.0, 13.0, -14.0, -10.0, -13.0, -11.0, 5.0, 2.0, 2.0, 4.0, -14.0, -7.0, 4.0, -7.0, -11.0, -14.0, 4.0, 4.0, -13.0, -22.0, -16.0, -13.0, -3.0, -6.0, -1.0, -1.0, 6.0, 1.0, -5.0, -2.0, 0.0, -13.0, -14.0, -9.0, -9.0, 14.0, -10.0, -3.0, -10.0, 2.0, -10.0, -7.0, -7.0, -10.0, 9.0, -10.0, -17.0, -15.0, 0.0, 9.0, -4.0, -18.0, -6.0, 4.0, -3.0, -7.0, -6.0, -8.0, 8.0, -8.0, 0.0, 13.0, -16.0, -9.0, 0.0, -6.0, -4.0, -5.0, -24.0, -30.0, -10.0, -32.0, -5.0, 10.0, -25.0, -21.0, -5.0, -16.0, -9.0, -10.0, -15.0, 6.0, -4.0, -21.0, 12.0, -9.0, -1.0, 4.0, -4.0, -10.0, -1.0, -1.0, -11.0, -10.0, -6.0, -17.0, -3.0, -5.0, 6.0, -7.0, 2.0, -6.0, -3.0, -7.0, 9.0, -15.0, 0.0, -5.0, 2.0, -11.0, -11.0, -3.0, -9.0, -7.0, -1.0, -9.0, 5.0, -1.0, 0.0, -7.0, -5.0, -28.0, 4.0, -13.0, -3.0, 20.0, -7.0, -20.0, 1.0, -11.0, 1.0, -3.0, -7.0, -16.0, -11.0, 6.0, 8.0, -2.0, 11.0, 9.0, 2.0, 2.0, -18.0, -17.0, -10.0, -10.0, -6.0, 11.0, -8.0, -7.0, 2.0, 6.0, -9.0, -7.0, -3.0, -6.0, -14.0, -21.0, -1.0, -5.0, -14.0, -10.0, -27.0, -13.0, 1.0, 5.0, 0.0, -6.0, 9.0, -5.0, -4.0, -16.0, 1.0, -8.0, 6.0, -2.0, -6.0, -10.0, -1.0, 8.0, -6.0, 7.0, -5.0, 7.0, -1.0, 4.0, 10.0, 3.0, -15.0, 3.0, 4.0, 7.0, -6.0, 4.0, 2.0, -10.0, 0.0, -14.0, 9.0, 1.0, -6.0, -14.0, -6.0, -4.0, -11.0, 11.0, -8.0, 0.0, 5.0, -9.0, 0.0, -9.0, -1.0, 10.0, -10.0, -19.0, -21.0, -7.0, 7.0, 1.0, -10.0, -7.0, -3.0, 1.0, 0.0, 2.0, 8.0, -19.0, -9.0, -7.0, -15.0, -12.0, -5.0, -4.0, -33.0, 5.0, 5.0, -5.0, -16.0, -16.0, -4.0, -10.0, 4.0, -19.0, 5.0, -15.0, -4.0, 1.0, -6.0, -19.0, -23.0, 5.0, 8.0, -20.0, -13.0, 4.0, 6.0, -11.0, -5.0, -3.0, -7.0, -12.0, -3.0, 2.0, -17.0, -17.0, -10.0, -2.0, -17.0, -5.0, -16.0, 24.0, 14.0, -6.0, -18.0, -3.0, -2.0, 0.0, -1.0, 0.0, -16.0, -10.0, 1.0, -10.0, -25.0, -6.0, 2.0, -6.0, -13.0, 2.0, 29.0, 2.0, -4.0, -6.0, -5.0, -6.0, 7.0, -7.0, -6.0, 0.0, -4.0, -23.0, -33.0, 9.0, -10.0, -6.0, 2.0, -4.0, 5.0, -2.0, -6.0, -13.0, -11.0, -20.0, -1.0, 7.0, -14.0, -3.0, 20.0, 4.0, -19.0, 3.0, -20.0, -7.0, -10.0, -9.0, 8.0, 10.0, 4.0, -6.0, -6.0, 9.0, -7.0, 10.0, 7.0, -6.0, -5.0, -8.0, 4.0, -2.0, -35.0, 11.0, -15.0, -5.0, -4.0, -5.0, -2.0, -2.0, -21.0, -9.0, -5.0, -2.0, -11.0, -5.0, 2.0, 4.0, -16.0, -7.0, -16.0, -4.0, -12.0, 18.0, 2.0, -13.0, -10.0, -14.0, -1.0, -23.0, -15.0, -4.0, -5.0, -18.0, -4.0, 6.0, -12.0, -9.0, -4.0, -6.0, -20.0, 13.0, 3.0, -13.0, -6.0, 0.0, 3.0, 14.0, -6.0, -10.0, 2.0, -4.0, -7.0, -18.0, 9.0, -6.0, -27.0]",-54.9285266055146,0.0,0.0,0,0.00318145751953125
99,"[0.1891904, -0.11150511, -0.06107976, 0.25167665, -0.860417, -0.44431728, 0.071406506, -0.15278739, -0.09178551, -0.7069251, 0.978199, -0.3472685, -0.39299884, -0.066690326, -0.68634504, -0.6313516, -0.7062824, -0.067909636, -0.28024438, 0.8777863, -0.5686081, 0.14655831, -0.733995, 0.64109397, -0.90007085, 0.17744978, 0.35018608, 0.3979275, 0.047326095, -0.4108323, 0.8634795, -0.7910152, 0.7908304, 0.8505815, 0.8592242, -0.39407128, -0.8001882, 0.35805154, -0.6657663, -0.5067846, 0.979816, -0.22777607, -0.818509, -0.77560556, -0.845618, -0.6569795, 0.13767055, -0.88086087, 0.8920133, 0.4960231, -0.12692896, -0.56252515, -0.973402, -0.31224513, -0.3567288, -0.22079027, 0.28184915, 0.3411533, -0.9767138, 0.05701419, 0.09231875, -0.6071843, -0.76465636, 0.20572373, 0.35654068, -0.2000397, -0.36791062, -0.19816972, 0.50184584, 0.29487383, 0.10627876, -0.7969579, -0.3306601, -0.65006965, 0.59449863, 0.28763115, 0.3979037, 0.7442057, -0.6904955, -0.009973042, -0.4779859, 0.556249, 0.61051005, -0.50251746, 0.46045965, -0.7386049, -0.56748337, 0.7050221, -0.5852031, 0.23155029, 0.91155124, 0.014491424, 0.35587457, -0.9608353, -0.46300054, 0.91890216, -0.7743067, -0.18483958, 0.8397767, -0.23981664, -0.6325394, 0.688903, -0.08868159, -0.6973978, -0.4043228, 0.71928424, -0.15740505, 0.979942, -0.63347816, 0.42849538, -0.4059111, 0.4548963, -0.86171454, 0.90358996, 0.55099404, -0.012328148, -0.91568446, 0.81526446, -0.8025798, 0.70772845, 0.63520116, -0.7715258, 0.906044, -0.09877288, 0.38491625, -0.39893222, 0.6804889, 0.14869446, -0.21854019, 0.7169664, 0.85982054, -0.9137428, 0.633432, 0.9927514, 0.6144501, -0.58793604, 6.013231e-05, -0.83777535, 0.33805776, 0.65864915, -0.7968013, -0.14356615, -0.8564693, -0.40863946, 0.8968263, -0.6521369, -0.26580617, -0.20877607, -0.5946036, 0.81727535, -0.107014656, 0.4967916, -0.86552626, 0.07300072, 0.88709223, -0.24920158, -0.64221203, -0.9635018, -0.013457364, 0.27156284, -0.22185588, -0.60594684, -0.734405, 0.6632711, -0.54105663, -0.38110068, 0.27420366, -0.58994305, -0.15494646, -0.13621905, 0.29910162, 0.25128585, 0.6138848, -0.15941493, 0.084867805, 0.36140367, -0.87293565, -0.22457232, 0.06336812, -0.94201964, 0.6173411, -0.77159107, -0.040528223, -0.22142583, 0.66856, 0.836073, 0.21165122, -0.3174597, -0.7793172, 0.97841156, -0.98777956, -0.5091221, 0.5879678, 0.35225636, 0.123429224, -0.42019477, 0.6721213, 0.88139325, -0.8724662, -0.27000004, 0.5361664, 0.22841625, 0.02730882, -0.35240513, 0.7124608, -0.06665456, -0.33232906, 0.8973299, 0.098768, 0.084572345, 0.9437193, 0.3740526, 0.3144829, 0.34518945, -0.80601776, -0.6263055, 0.39735857, 0.6266557, -0.68873185, -0.12665136, -0.2577424, 0.8623396, 0.00711214, 0.35201427, -0.86326927, -0.18405479, 0.8699179, -0.5834663, -0.50162506, -0.3624593, -0.6283285, -0.56205225, 0.8527842, -0.2573792, -0.37711984, 0.9884407, 0.04051238, -0.7643539, 0.56205314, -0.85216874, -0.93080974, -0.9033146, 0.32450598, 0.8487734, 0.2022839, -0.54850924, 0.31516388, 0.9981271, 0.060122527, 0.5603917, -0.87397605, 0.3768171, 0.9313224, -0.1642423, 0.7772852, -0.50299275, -0.37120184, -0.12113778, -0.8200061, -0.08062927, 0.020703806, -0.25897965, 0.60916585, -0.9896674, 0.036265094, 0.71638036, 0.48946336, -0.5670028, 0.5262376, -0.8101964, 0.09881104, 0.86595434, -0.8074179, -0.64173, 0.06147062, 0.71568173, -0.2768366, 0.013118207, 0.026092317, 0.33561885, -0.20415331, -0.90457416, -0.23134406, 0.34531173, -0.89011425, 0.15996718, 0.6557152, 0.1512229, 0.82090753, -0.4162929, -0.7117217, 0.02868387, -0.006931413, 0.59878236, 0.1977074, -0.49698082, -0.17750676, -0.79505676, -0.3984353, -0.5421474, 0.5248461, -0.38522503, -0.5365124, 0.93116915, -0.032316018, -0.77155364, 0.7201725, 0.4526272, 0.950611, 0.95954674, -0.34805748, -0.6737408, -0.72557384, -0.7343418, 0.76208776, -0.6837543, -0.55758816, 0.40331855, 0.6803835, -0.41100234, -0.30267662, 0.99652785, 0.33712772, -0.15228945, 0.97692484, -0.84551495, 0.8791079, 0.9778737, -0.95875233, -0.64626366, 0.8249909, 0.6499708, -0.991251, 0.31066057, 0.3250749, -0.2947974, 0.7057173, 0.8856545, -0.52171856, -0.75459146, -0.8102506, -0.80588996, 0.6864535, 0.45207804, -0.03758093, 0.42429897, -0.15782791, 0.04175753, -0.39492294, -0.10003554, -0.5542338, 0.13671811, 0.95832, 0.81494015, 0.5097291, 0.96689355, 0.58769524, 0.31993705, -0.83657336, 0.14342003, -0.15014753, 0.5836805, 0.6731654, 0.19926563, -0.76661265, -0.034024432, 0.71269333, -0.63557345, 0.99560875, 0.9516876, -0.23654467, 0.08665262, -0.41447157, 0.7050681, -0.27832592, 0.0058547864, 0.81231964, 0.7470166, 0.7439347, -0.80781436, 0.22461851, 0.9152609, -0.31946525, -0.8631711, -0.70196015, 0.81189626, -0.10414559, -0.77614695, 0.8236112, 0.6566569, -0.69987327, -0.7641849, -0.4318245, 0.18493247, -0.717306, 0.4820648, 0.8035263, 0.40901968, -0.59984434, 0.09093219, -0.94899124, -0.4540799, -0.8532471, 0.94210017, 0.15076661, -0.2767029, -0.57788944, -0.069609635, -0.07647204, 0.23588629, -0.4306836, -0.4196421, 0.83025414, -0.7087944, 0.64098996, 0.40031222, 0.07241075, -0.101874754, -0.095825024, -0.43301016, -0.1773989, 0.045675997, -0.6602876, -0.38626933, 0.14706302, -0.20592992, -0.37904727, 0.6632661, 0.08346896, -0.74365205, -0.33172294, -0.4949483, -0.13956138, 0.60426545, 0.20552234, -0.8288623, 0.7663838, -0.8205095, -0.020485478, 0.46043247, -0.79624873, -0.6671654, 0.019247727, 0.49624208, -0.032234307, 0.1332486, -0.9598345, -0.7857051, 0.54302657, 0.6904371, 0.86847025, -0.8669709, -0.43894947, 0.24009417, 0.77906346, 0.10872436, 0.08484957, 0.60364, -0.2844687, 0.84175444, -0.653432, -0.5529317, -0.540412, 0.50938565, -0.5883731, -0.76800084, -0.9404449, 0.13574825, -0.22440283, -0.2950835, -0.33823887, 0.81637037, 0.63935256, 0.21012281, -0.35129133, 0.08198808, 0.10749576, 0.30909616, -0.3957623, -0.77110994, -0.8079706, 0.6223462, 0.5880664, 0.9726264, -0.6131012, 0.045870654, 0.03773025, -0.0073372284, 0.98542213, 0.98961025, -0.9126476, 0.8392029, -0.41221464, -0.6230257, 0.93005633, -0.10381353, 0.40597782, 0.094644144, 0.58404523, 0.4634844]","[7.0, 0.0, -18.0, -7.0, -2.0, -9.0, 6.0, -12.0, -20.0, -11.0, -2.0, 22.0, 5.0, 0.0, -12.0, -1.0, -4.0, 1.0, -10.0, 0.0, -26.0, 5.0, 0.0, 1.0, -7.0, -14.0, -6.0, -24.0, -5.0, -20.0, -14.0, 7.0, 0.0, 14.0, -2.0, -11.0, -8.0, -12.0, 3.0, 1.0, 3.0, 14.0, -8.0, -6.0, -16.0, 11.0, -6.0, -9.0, 1.0, -5.0, -5.0, -3.0, 6.0, 3.0, -17.0, -11.0, -9.0, 13.0, 5.0, 4.0, -11.0, 2.0, -18.0, 5.0, -5.0, -1.0, -3.0, -8.0, 1.0, -2.0, -21.0, 17.0, -10.0, -19.0, -22.0, -6.0, -4.0, -12.0, -2.0, -10.0, 16.0, -10.0, 7.0, -23.0, -10.0, -11.0, 2.0, 8.0, -8.0, -6.0, -1.0, -18.0, -4.0, -4.0, 4.0, -8.0, -15.0, -5.0, -7.0, -5.0, -13.0, 1.0, -6.0, -3.0, 7.0, -19.0, 13.0, -14.0, -10.0, -13.0, -11.0, 5.0, 2.0, 2.0, 4.0, -14.0, -7.0, 4.0, -7.0, -11.0, -14.0, 4.0, 4.0, -13.0, -22.0, -16.0, -13.0, -3.0, -6.0, -1.0, -1.0, 6.0, 1.0, -5.0, -2.0, 0.0, -13.0, -14.0, -9.0, -9.0, 14.0, -10.0, -3.0, -10.0, 2.0, -10.0, -7.0, -7.0, -10.0, 9.0, -10.0, -17.0, -15.0, 0.0, 9.0, -4.0, -18.0, -6.0, 4.0, -3.0, -7.0, -6.0, -8.0, 8.0, -8.0, 0.0, 13.0, -16.0, -9.0, 0.0, -6.0, -4.0, -5.0, -24.0, -30.0, -10.0, -32.0, -5.0, 10.0, -25.0, -21.0, -5.0, -16.0, -9.0, -10.0, -15.0, 6.0, -4.0, -21.0, 12.0, -9.0, -1.0, 4.0, -4.0, -10.0, -1.0, -1.0, -11.0, -10.0, -6.0, -17.0, -3.0, -5.0, 6.0, -7.0, 2.0, -6.0, -3.0, -7.0, 9.0, -15.0, 0.0, -5.0, 2.0, -11.0, -11.0, -3.0, -9.0, -7.0, -1.0, -9.0, 5.0, -1.0, 0.0, -7.0, -5.0, -28.0, 4.0, -13.0, -3.0, 20.0, -7.0, -20.0, 1.0, -11.0, 1.0, -3.0, -7.0, -16.0, -11.0, 6.0, 8.0, -2.0, 11.0, 9.0, 2.0, 2.0, -18.0, -17.0, -10.0, -10.0, -6.0, 11.0, -8.0, -7.0, 2.0, 6.0, -9.0, -7.0, -3.0, -6.0, -14.0, -21.0, -1.0, -5.0, -14.0, -10.0, -27.0, -13.0, 1.0, 5.0, 0.0, -6.0, 9.0, -5.0, -4.0, -16.0, 1.0, -8.0, 6.0, -2.0, -6.0, -10.0, -1.0, 8.0, -6.0, 7.0, -5.0, 7.0, -1.0, 4.0, 10.0, 3.0, -15.0, 3.0, 4.0, 7.0, -6.0, 4.0, 2.0, -10.0, 0.0, -14.0, 9.0, 1.0, -6.0, -14.0, -6.0, -4.0, -11.0, 11.0, -8.0, 0.0, 5.0, -9.0, 0.0, -9.0, -1.0, 10.0, -10.0, -19.0, -21.0, -7.0, 7.0, 1.0, -10.0, -7.0, -3.0, 1.0, 0.0, 2.0, 8.0, -19.0, -9.0, -7.0, -15.0, -12.0, -5.0, -4.0, -33.0, 5.0, 5.0, -5.0, -16.0, -16.0, -4.0, -10.0, 4.0, -19.0, 5.0, -15.0, -4.0, 1.0, -6.0, -19.0, -23.0, 5.0, 8.0, -20.0, -13.0, 4.0, 6.0, -11.0, -5.0, -3.0, -7.0, -12.0, -3.0, 2.0, -17.0, -17.0, -10.0, -2.0, -17.0, -5.0, -16.0, 24.0, 14.0, -6.0, -18.0, -3.0, -2.0, 0.0, -1.0, 0.0, -16.0, -10.0, 1.0, -10.0, -25.0, -6.0, 2.0, -6.0, -13.0, 2.0, 29.0, 2.0, -4.0, -6.0, -5.0, -6.0, 7.0, -7.0, -6.0, 0.0, -4.0, -23.0, -33.0, 9.0, -10.0, -6.0, 2.0, -4.0, 5.0, -2.0, -6.0, -13.0, -11.0, -20.0, -1.0, 7.0, -14.0, -3.0, 20.0, 4.0, -19.0, 3.0, -20.0, -7.0, -10.0, -9.0, 8.0, 10.0, 4.0, -6.0, -6.0, 9.0, -7.0, 10.0, 7.0, -6.0, -5.0, -8.0, 4.0, -2.0, -35.0, 11.0, -15.0, -5.0, -4.0, -5.0, -2.0, -2.0, -21.0, -9.0, -5.0, -2.0, -11.0, -5.0, 2.0, 4.0, -16.0, -7.0, -16.0, -4.0, -12.0, 18.0, 2.0, -13.0, -10.0, -14.0, -1.0, -23.0, -15.0, -4.0, -5.0, -18.0, -4.0, 6.0, -12.0, -9.0, -4.0, -6.0, -20.0, 13.0, 3.0, -13.0, -6.0, 0.0, 3.0, 14.0, -6.0, -10.0, 2.0, -4.0, -7.0, -18.0, 9.0, -6.0, -27.0]",-54.9285266055146,0.0,0.0,0,0.0033218860626220703
